Epoch	AverageEpRet	StdEpRet	MaxEpRet	MinEpRet	EpLen	TotalEnvInteracts	AverageQVals	StdQVals	MaxQVals	MinQVals	LossPi	LossQ	Time
1	0.3232555	0.0	0.3232555	0.3232555	25.0	25	0.013161588	0.10985431	0.21986005	-0.5231787	-0.040345673	0.013641186	22.255242586135864
2	0.6966591	0.0	0.6966591	0.6966591	25.0	50	0.026837273	0.07796276	0.39888564	-0.18962385	-0.06706254	0.00399947	42.72103762626648
3	0.15109488	0.0	0.15109488	0.15109488	25.0	75	0.029972715	0.06751053	0.4110307	-0.08559767	-0.15656239	0.001198824	63.46152949333191
4	0.17826405	0.0	0.17826405	0.17826405	25.0	100	0.03530691	0.05568364	0.45731995	-0.13745286	-0.30939302	0.001245622	83.69139266014099
5	0.3448361	0.0	0.3448361	0.3448361	25.0	125	0.057326917	0.0719854	0.49803036	-0.1132682	-0.108218424	0.0038700816	104.16268706321716
6	0.47741815	0.0	0.47741815	0.47741815	25.0	150	0.06827868	0.043065555	0.49156666	-0.012722991	-0.10358064	0.0011876882	124.5008635520935
7	0.0058994386	0.0	0.0058994386	0.0058994386	25.0	175	0.093600675	0.046250876	0.5358349	0.03864139	-0.1127325	0.0007077098	144.86331868171692
8	0.11807845	0.0	0.11807845	0.11807845	25.0	200	0.10836275	0.03483927	0.54988855	0.059325702	-0.13122874	0.0005062443	165.2940535545349
9	0.3388411	0.0	0.3388411	0.3388411	25.0	225	0.13116321	0.041189767	0.57131696	0.080162056	-0.15379137	0.0008438889	185.68827390670776
10	0.3308941	0.0	0.3308941	0.3308941	25.0	250	0.14536674	0.03571696	0.5868516	0.09536268	-0.16743672	0.00088720134	206.54362392425537
11	0.40383932	0.0	0.40383932	0.40383932	25.0	275	0.15705489	0.038598105	0.6034364	0.10571483	-0.17792216	0.0006855532	227.14982295036316
12	0.019636892	0.0	0.019636892	0.019636892	25.0	300	0.16386127	0.035858877	0.6080383	0.115603626	-0.18637092	0.0006844811	247.43481063842773
13	0.05581398	0.0	0.05581398	0.05581398	25.0	325	0.17288922	0.028918715	0.61480284	0.12759934	-0.20078442	0.0008343804	267.9364893436432
14	0.29796508	0.0	0.29796508	0.29796508	25.0	350	0.17890938	0.021390334	0.6195486	0.1369014	-0.20694411	0.0007571054	288.3129210472107
15	0.5213754	0.0	0.5213754	0.5213754	25.0	375	0.18412098	0.034670874	0.62314177	0.14243025	-0.22293343	0.0008566882	308.7293417453766
16	0.384854	0.0	0.384854	0.384854	25.0	400	0.187812	0.030158427	0.6261898	0.14745821	-0.22424942	0.0012541111	329.13994121551514
17	0.5662163	0.0	0.5662163	0.5662163	25.0	425	0.19150484	0.030320548	0.6347982	0.1456478	-0.24807876	0.0011434531	349.57824206352234
18	0.45240846	0.0	0.45240846	0.45240846	25.0	450	0.19634955	0.036275588	0.6469208	0.14516968	-0.22411068	0.00092910544	370.2601923942566
19	0.23631218	0.0	0.23631218	0.23631218	25.0	475	0.20067972	0.024908792	0.6490679	0.1615198	-0.22220735	0.0010202765	390.7031548023224
20	0.5518253	0.0	0.5518253	0.5518253	25.0	500	0.21155944	0.028278876	0.6632181	0.16430701	-0.24834996	0.0010943855	411.6169683933258
21	1.2334555	0.0	1.2334555	1.2334555	25.0	525	0.21843292	0.03818972	0.6636934	0.16901731	-0.25240716	0.0013801198	432.26796531677246
22	0.5183092	0.0	0.5183092	0.5183092	25.0	550	0.22334337	0.030853663	0.6646208	0.17063592	-0.27949744	0.002000495	452.71781516075134
23	0.27721927	0.0	0.27721927	0.27721927	25.0	575	0.22609001	0.031027524	0.6689687	0.17494832	-0.2399004	0.002014118	473.11675238609314
24	0.0	0.0	0.0	0.0	25.0	600	0.22522922	0.02856445	0.66153276	0.15903378	-0.22731026	0.0017638146	493.54740834236145
25	0.38379642	0.0	0.38379642	0.38379642	25.0	625	0.23130313	0.035995856	0.6725171	0.18213323	-0.2561308	0.0019034637	514.0168902873993
26	0.6958578	0.0	0.6958578	0.6958578	25.0	650	0.24460454	0.03067433	0.68071383	0.18932897	-0.27195406	0.002165809	534.4050784111023
27	0.4248708	0.0	0.4248708	0.4248708	25.0	675	0.2554979	0.029259654	0.6897902	0.20424013	-0.27788764	0.00210976	554.9029188156128
28	0.16374223	0.0	0.16374223	0.16374223	25.0	700	0.25691998	0.030717261	0.69825053	0.1947649	-0.270577	0.002053677	575.3834035396576
29	0.25920624	0.0	0.25920624	0.25920624	25.0	725	0.2584044	0.022379594	0.6975675	0.216056	-0.28540948	0.001896083	595.7960097789764
30	0.39384955	0.0	0.39384955	0.39384955	25.0	750	0.2632501	0.029184207	0.7040179	0.22044614	-0.30571607	0.0017607681	616.9279458522797
31	0.0	0.0	0.0	0.0	25.0	775	0.27063763	0.038012743	0.722661	0.22089949	-0.31413516	0.0018412699	637.6415417194366
32	0.15140598	0.0	0.15140598	0.15140598	25.0	800	0.2801572	0.03655583	0.71688485	0.23145285	-0.30262852	0.0017710179	658.1246912479401
33	0.4247922	0.0	0.4247922	0.4247922	25.0	825	0.287743	0.025625126	0.7277128	0.2422946	-0.31490874	0.0018106392	678.9436981678009
34	0.062744364	0.0	0.062744364	0.062744364	25.0	850	0.29559553	0.029175416	0.7373732	0.23280606	-0.31596455	0.0015196342	699.3902757167816
35	0.20813683	0.0	0.20813683	0.20813683	25.0	875	0.30497104	0.03248583	0.736993	0.24226692	-0.3287634	0.002458291	719.9622514247894
36	0.0	0.0	0.0	0.0	25.0	900	0.30594796	0.0307331	0.74150836	0.24340886	-0.32397696	0.0016354478	740.4240572452545
37	0.64852726	0.0	0.64852726	0.64852726	25.0	925	0.3112392	0.02454435	0.59150326	0.2591482	-0.32372534	0.0015697539	760.9732711315155
38	0.34406742	0.0	0.34406742	0.34406742	25.0	950	0.31496784	0.02690542	0.75556093	0.26132935	-0.3358457	0.0020894578	781.4910957813263
39	1.0803419	0.0	1.0803419	1.0803419	25.0	975	0.31327423	0.021488719	0.6083398	0.2729286	-0.33658603	0.0016274147	802.0499804019928
40	0.06856089	0.0	0.06856089	0.06856089	25.0	1000	0.32065332	0.024766622	0.60706735	0.27005178	-0.36740878	0.0023185948	823.0858449935913
41	0.15405872	0.0	0.15405872	0.15405872	25.0	1025	0.3226512	0.03235512	0.77183735	0.21986318	-0.32740426	0.0020891873	843.8254861831665
42	0.5554009	0.0	0.5554009	0.5554009	25.0	1050	0.31710893	0.029173503	0.6076326	0.25036126	-0.3617407	0.0026710404	864.2277119159698
43	0.41143402	0.0	0.41143402	0.41143402	25.0	1075	0.31815982	0.03245179	0.75962454	0.21443322	-0.34514007	0.0029558998	884.7101180553436
44	0.8360588	0.0	0.8360588	0.8360588	25.0	1100	0.32575902	0.028987749	0.7709885	0.2541416	-0.35426176	0.0031705743	905.1201798915863
45	0.05232954	0.0	0.05232954	0.05232954	25.0	1125	0.3360988	0.034241136	0.7863706	0.26701847	-0.34843814	0.0026062578	925.5369884967804
46	0.29753238	0.0	0.29753238	0.29753238	25.0	1150	0.34769952	0.034025997	0.8213029	0.2901678	-0.4128894	0.0026577048	945.9731247425079
47	1.4872332	0.0	1.4872332	1.4872332	25.0	1175	0.355692	0.03391433	0.6601245	0.2755398	-0.46948352	0.0033173775	966.2030875682831
48	0.4899319	0.0	0.4899319	0.4899319	25.0	1200	0.3654544	0.027808124	0.8252832	0.27497417	-0.43119034	0.0028136512	986.5472764968872
49	0.31108457	0.0	0.31108457	0.31108457	25.0	1225	0.37807617	0.03263813	0.8346147	0.25073037	-0.41612148	0.0025003322	1006.8121175765991
50	0.2871355	0.0	0.2871355	0.2871355	25.0	1250	0.39326447	0.029647065	0.85195684	0.3085355	-0.5696299	0.002554036	1027.750859260559
51	0.50392544	0.0	0.50392544	0.50392544	25.0	1275	0.41846293	0.035409104	0.8577592	0.2912023	-0.5426719	0.0030206917	1048.299248456955
52	0.6248786	0.0	0.6248786	0.6248786	25.0	1300	0.4302183	0.03331395	0.8848514	0.3436865	-0.4696437	0.0025112364	1068.58749127388
53	0.33098453	0.0	0.33098453	0.33098453	25.0	1325	0.44825256	0.035976626	0.896712	0.3407058	-0.47042277	0.0029352233	1088.9288098812103
54	0.8193073	0.0	0.8193073	0.8193073	25.0	1350	0.4973813	0.03592657	0.81005657	0.38334775	-0.51971763	0.002830627	1109.2528450489044
55	0.48329547	0.0	0.48329547	0.48329547	25.0	1375	0.5482283	0.03644681	0.868506	0.42190996	-0.5758902	0.002626469	1129.4413857460022
56	0.1593763	0.0	0.1593763	0.1593763	25.0	1400	0.58943015	0.035510063	1.0178461	0.41542032	-0.62417006	0.0027725324	1149.6504452228546
57	0.48135835	0.0	0.48135835	0.48135835	25.0	1425	0.61865443	0.03156124	0.9288481	0.46268043	-0.6275469	0.002751856	1170.0733995437622
58	0.004672998	0.0	0.004672998	0.004672998	25.0	1450	0.6119383	0.038942136	1.0609872	0.49344683	-0.6262238	0.0024518855	1190.3360002040863
59	0.63024	0.0	0.63024	0.63024	25.0	1475	0.5855316	0.034571677	1.0512364	0.483398	-0.5994855	0.002310342	1210.8120007514954
60	0.3409017	0.0	0.3409017	0.3409017	25.0	1500	0.55985343	0.032362096	1.0127754	0.43977404	-0.57258534	0.0027291293	1231.7721183300018
61	0.5721353	0.0	0.5721353	0.5721353	25.0	1525	0.55077016	0.028111504	0.8391857	0.4503739	-0.5654593	0.0027948713	1252.3666870594025
62	0.33084956	0.0	0.33084956	0.33084956	25.0	1550	0.5496987	0.029947229	0.9832533	0.451362	-0.5579431	0.0026724406	1272.853996515274
63	0.10256833	0.0	0.10256833	0.10256833	25.0	1575	0.54914033	0.033826742	0.9858389	0.46101424	-0.560202	0.0021983215	1293.2695863246918
64	0.3219743	0.0	0.3219743	0.3219743	25.0	1600	0.5514973	0.03236881	0.98545057	0.46555606	-0.5666742	0.0022969085	1313.5837712287903
65	0.29675838	0.0	0.29675838	0.29675838	25.0	1625	0.5549082	0.029326439	0.98240674	0.45267504	-0.56257164	0.002831393	1333.9963188171387
66	0.08590415	0.0	0.08590415	0.08590415	25.0	1650	0.5602027	0.03490993	0.9843584	0.47986567	-0.58032036	0.0032800566	1354.4375178813934
67	0.56771606	0.0	0.56771606	0.56771606	25.0	1675	0.559704	0.02699241	0.78530383	0.4493918	-0.57577115	0.002589567	1374.9180102348328
68	0.2786291	0.0	0.2786291	0.2786291	25.0	1700	0.56074417	0.027534565	0.784204	0.46303335	-0.568202	0.0022148606	1395.4657156467438
69	0.21312535	0.0	0.21312535	0.21312535	25.0	1725	0.5659524	0.025181552	0.7636473	0.49609354	-0.577451	0.0023393428	1415.9130601882935
70	0.817746	0.0	0.817746	0.817746	25.0	1750	0.56890327	0.029476866	0.9870006	0.4748872	-0.5789168	0.0021462494	1437.2135717868805
71	0.28310728	0.0	0.28310728	0.28310728	25.0	1775	0.56934404	0.02618871	0.9831133	0.48168397	-0.58368915	0.0020288117	1458.1308031082153
72	0.27819392	0.0	0.27819392	0.27819392	25.0	1800	0.5707556	0.028017294	0.9955932	0.49151742	-0.58146346	0.001932357	1478.5630838871002
73	0.0	0.0	0.0	0.0	25.0	1825	0.5768713	0.03132423	0.9931802	0.5059951	-0.5873666	0.002668335	1498.973326921463
74	0.33205742	0.0	0.33205742	0.33205742	25.0	1850	0.5757826	0.027362194	1.0028317	0.49074137	-0.588261	0.002304171	1519.4633457660675
75	0.62739384	0.0	0.62739384	0.62739384	25.0	1875	0.5786402	0.028692892	0.8738854	0.5006966	-0.59233755	0.001980395	1539.9188213348389
76	0.11516348	0.0	0.11516348	0.11516348	25.0	1900	0.57991034	0.02901918	0.99484897	0.4983472	-0.59014994	0.0024042693	1560.409075975418
77	1.141484	0.0	1.141484	1.141484	25.0	1925	0.5814701	0.02741547	0.8058356	0.51051635	-0.5999334	0.002352959	1580.8699283599854
78	0.6263116	0.0	0.6263116	0.6263116	25.0	1950	0.58758265	0.032081414	1.0050699	0.52922785	-0.7288146	0.0030562559	1601.3228032588959
79	0.5695065	0.0	0.5695065	0.5695065	25.0	1975	0.58575773	0.029669877	1.0087148	0.44580355	-0.64119875	0.0021520248	1621.8518629074097
80	0.5781653	0.0	0.5781653	0.5781653	25.0	2000	0.5974691	0.027914714	0.88545096	0.498747	-0.6129339	0.0029530702	1643.211906194687
81	0.23346736	0.0	0.23346736	0.23346736	25.0	2025	0.6186227	0.034221407	1.0413082	0.4607208	-0.644491	0.0029200478	1664.0917448997498
82	0.2830556	0.0	0.2830556	0.2830556	25.0	2050	0.64791673	0.031873938	0.9141503	0.5379638	-0.66972905	0.003165049	1684.5392045974731
83	0.1697901	0.0	0.1697901	0.1697901	25.0	2075	0.66850656	0.030567138	0.8888582	0.52356565	-0.67896	0.002611326	1705.249709367752
84	0.25510055	0.0	0.25510055	0.25510055	25.0	2100	0.6778006	0.03066865	0.9871818	0.39794388	-0.69574946	0.002383464	1725.7810189723969
85	0.3911678	0.0	0.3911678	0.3911678	25.0	2125	0.68322206	0.028403925	1.102985	0.55443126	-0.69395345	0.0022045036	1746.2474083900452
86	0.4047065	0.0	0.4047065	0.4047065	25.0	2150	0.6880139	0.025632944	0.96252006	0.59983796	-0.69308317	0.0027349137	1766.7098281383514
87	0.24400087	0.0	0.24400087	0.24400087	25.0	2175	0.69032013	0.03680201	1.1200941	0.5655836	-0.6974721	0.0026035171	1787.131156206131
88	0.812363	0.0	0.812363	0.812363	25.0	2200	0.69175416	0.028828062	1.1572325	0.564292	-0.7104762	0.0032378084	1807.5378670692444
89	0.81331843	0.0	0.81331843	0.81331843	25.0	2225	0.69598174	0.032395277	0.96618795	0.36793435	-0.714381	0.0031470915	1828.0296289920807
90	0.2386175	0.0	0.2386175	0.2386175	25.0	2250	0.69810265	0.033296574	1.1582959	0.567006	-0.7253481	0.0035124659	1849.3595123291016
91	0.0	0.0	0.0	0.0	25.0	2275	0.70125014	0.031571764	1.1769109	0.39918685	-0.71645325	0.0035307088	1870.1772429943085
92	0.18426538	0.0	0.18426538	0.18426538	25.0	2300	0.7004699	0.027558833	0.900145	0.5724122	-0.71871793	0.0021535652	1890.6770570278168
93	0.524832	0.0	0.524832	0.524832	25.0	2325	0.7053009	0.029678702	1.1327093	0.6304045	-0.72443146	0.002515592	1911.1084101200104
94	0.07899757	0.0	0.07899757	0.07899757	25.0	2350	0.71258247	0.027316675	0.9493498	0.63289475	-0.85751134	0.002834397	1931.5367419719696
95	0.33651897	0.0	0.33651897	0.33651897	25.0	2375	0.7111765	0.034944125	1.1468191	0.55697215	-0.8113273	0.0029025993	1952.006337404251
96	0.4799186	0.0	0.4799186	0.4799186	25.0	2400	0.7204921	0.031590987	1.0165668	0.6523441	-0.7312636	0.003174586	1972.378458738327
97	0.6095053	0.0	0.6095053	0.6095053	25.0	2425	0.72611964	0.026798835	1.0100859	0.6565799	-0.76402915	0.0026124127	1992.9790296554565
98	1.2027768	0.0	1.2027768	1.2027768	25.0	2450	0.74585986	0.02444793	0.90930295	0.5748475	-0.7682315	0.0027956576	2013.4707853794098
99	0.7529532	0.0	0.7529532	0.7529532	25.0	2475	0.77499926	0.034126583	1.23609	0.65863806	-0.801169	0.0031375755	2033.9477434158325
100	0.432664	0.0	0.432664	0.432664	25.0	2500	0.8188176	0.03307621	1.0809759	0.6919664	-0.85154647	0.003147038	2055.139971256256
101	0.6085749	0.0	0.6085749	0.6085749	25.0	2525	0.8432955	0.031516742	1.1412758	0.75227016	-0.8730471	0.0032147001	2076.0734689235687
102	0.26245487	0.0	0.26245487	0.26245487	25.0	2550	0.84749925	0.026394425	1.0727923	0.6446646	-0.8734404	0.0028827805	2096.522706747055
103	1.3900149	0.0	1.3900149	1.3900149	25.0	2575	0.85756946	0.035676163	1.1303785	0.65707177	-0.8817112	0.003658478	2116.980110645294
104	0.38024053	0.0	0.38024053	0.38024053	25.0	2600	0.8632362	0.038033564	1.3017062	0.67473435	-0.9021165	0.0036591636	2137.9229431152344
105	0.8451467	0.0	0.8451467	0.8451467	25.0	2625	0.86299455	0.02838124	1.1445199	0.7461217	-0.8896883	0.002838549	2158.457426548004
106	0.8436668	0.0	0.8436668	0.8436668	25.0	2650	0.86700165	0.028953703	1.1298922	0.7867072	-0.89475286	0.0025578276	2179.1129400730133
107	0.85378176	0.0	0.85378176	0.85378176	25.0	2675	0.8731215	0.03314408	1.1493758	0.68890965	-0.90125334	0.00307995	2199.6643311977386
108	0.0416111	0.0	0.0416111	0.0416111	25.0	2700	0.8707988	0.0312906	1.3125192	0.7469705	-0.89434165	0.002415326	2220.1645669937134
109	0.30886975	0.0	0.30886975	0.30886975	25.0	2725	0.8749353	0.028835634	1.3177847	0.6876759	-0.9050734	0.0027048595	2240.627211332321
110	0.4363604	0.0	0.4363604	0.4363604	25.0	2750	0.87688994	0.029820187	1.1579084	0.7643706	-0.915897	0.0029317662	2261.914571762085
111	0.59491104	0.0	0.59491104	0.59491104	25.0	2775	0.8805048	0.03129439	1.3558989	0.81285745	-0.9021476	0.002362203	2282.810659646988
112	0.8243541	0.0	0.8243541	0.8243541	25.0	2800	0.88633287	0.030624658	1.185181	0.7740163	-0.9068788	0.0030659596	2303.331367492676
113	0.0	0.0	0.0	0.0	25.0	2825	0.8878157	0.0330548	1.3950915	0.5568381	-0.9174612	0.002905027	2323.848354101181
114	0.24007551	0.0	0.24007551	0.24007551	25.0	2850	0.8929416	0.031427465	1.3033922	0.7108403	-0.9126992	0.003272306	2344.3636603355408
115	0.37914577	0.0	0.37914577	0.37914577	25.0	2875	0.8939708	0.03711678	1.3306842	0.69770914	-0.9103803	0.00401223	2364.887255191803
116	0.101725735	0.0	0.101725735	0.101725735	25.0	2900	0.8956879	0.036002554	1.3320011	0.7843056	-0.9171308	0.0038843744	2385.3707115650177
117	0.10077662	0.0	0.10077662	0.10077662	25.0	2925	0.89634126	0.032596502	1.368128	0.7776948	-0.9205372	0.0036365488	2405.8604011535645
118	0.6909594	0.0	0.6909594	0.6909594	25.0	2950	0.89636564	0.03473154	1.3519837	0.7063755	-0.9251251	0.0034820307	2426.3421351909637
119	0.7161471	0.0	0.7161471	0.7161471	25.0	2975	0.8971449	0.02832552	1.1834002	0.72080517	-0.91917825	0.0032318158	2446.8703174591064
120	0.60070187	0.0	0.60070187	0.60070187	25.0	3000	0.90268445	0.027371885	1.173133	0.7190708	-0.92522377	0.003664895	2468.1982069015503
121	0.5362209	0.0	0.5362209	0.5362209	25.0	3025	0.9047136	0.029967967	1.3778616	0.7940875	-0.9265485	0.0033759647	2488.993578195572
122	0.6363336	0.0	0.6363336	0.6363336	25.0	3050	0.9080062	0.031254433	1.348139	0.7235032	-0.92661214	0.0033424485	2509.505910873413
123	0.5588942	0.0	0.5588942	0.5588942	25.0	3075	0.91168314	0.033971608	1.2091268	0.73237014	-0.93841463	0.003833901	2529.9456968307495
124	0.26330748	0.0	0.26330748	0.26330748	25.0	3100	0.91674477	0.032311667	1.3510203	0.72678125	-0.9371758	0.0036156394	2550.488223552704
125	0.04619592	0.0	0.04619592	0.04619592	25.0	3125	0.9191391	0.03052013	1.2109427	0.74625695	-0.93670917	0.0036728904	2570.9232971668243
126	0.7105764	0.0	0.7105764	0.7105764	25.0	3150	0.91805506	0.028548434	1.1751797	0.80976284	-0.9369897	0.002944144	2591.5160706043243
127	0.37556192	0.0	0.37556192	0.37556192	25.0	3175	0.92225105	0.033392828	1.4028507	0.8177724	-0.9444774	0.0037731593	2612.0475964546204
128	0.0	0.0	0.0	0.0	25.0	3200	0.9215242	0.027905837	1.207879	0.8296202	-0.94375306	0.0031692032	2632.4982035160065
129	0.29258826	0.0	0.29258826	0.29258826	25.0	3225	0.9244026	0.03376266	1.4045482	0.7520835	-0.93661606	0.0036141416	2652.960679769516
130	0.43894595	0.0	0.43894595	0.43894595	25.0	3250	0.92636824	0.030035397	1.2211521	0.8501827	-0.9384415	0.0035327123	2674.317375898361
131	0.22512862	0.0	0.22512862	0.22512862	25.0	3275	0.92510104	0.026288947	1.2044696	0.834846	-0.94592535	0.0032538036	2695.1231439113617
132	0.121401556	0.0	0.121401556	0.121401556	25.0	3300	0.92818123	0.031778242	1.4198416	0.85961807	-0.9459957	0.0026892629	2715.6199543476105
133	0.4984688	0.0	0.4984688	0.4984688	25.0	3325	0.9329786	0.033554647	1.4026115	0.87445664	-0.9455889	0.0036142913	2736.0141894817352
134	0.0	0.0	0.0	0.0	25.0	3350	0.9349044	0.02692707	1.2092549	0.8456225	-0.95048875	0.003630721	2756.404714345932
135	0.11927965	0.0	0.11927965	0.11927965	25.0	3375	0.93668693	0.027127359	1.21985	0.8500807	-0.9613035	0.0038856533	2776.958092212677
136	0.06055621	0.0	0.06055621	0.06055621	25.0	3400	0.9398058	0.025297701	1.170087	0.85251755	-0.9523623	0.0042022928	2797.477128505707
137	0.22587778	0.0	0.22587778	0.22587778	25.0	3425	0.93709075	0.03253844	1.2459509	0.7603127	-0.9507176	0.0031924187	2818.0448207855225
138	0.23084867	0.0	0.23084867	0.23084867	25.0	3450	0.94290817	0.026120074	1.1960689	0.8806	-0.96515495	0.0034907854	2838.542083263397
139	0.7069999	0.0	0.7069999	0.7069999	25.0	3475	0.9455673	0.028297633	1.2525713	0.8295988	-0.96354	0.0028907442	2858.940000295639
140	0.36769685	0.0	0.36769685	0.36769685	25.0	3500	0.94643736	0.028717881	1.4277527	0.8766216	-0.9657993	0.003368073	2880.382965564728
141	0.0	0.0	0.0	0.0	25.0	3525	0.94781923	0.03004504	1.4278171	0.86417705	-0.965946	0.0029757947	2901.374975204468
142	0.052696586	0.0	0.052696586	0.052696586	25.0	3550	0.9541174	0.029645072	1.4299388	0.8916773	-0.96918166	0.0037104338	2921.905897140503
143	0.09205521	0.0	0.09205521	0.09205521	25.0	3575	0.95349765	0.02920319	1.2552752	0.8862246	-0.9715451	0.002943427	2942.4293978214264
144	0.0	0.0	0.0	0.0	25.0	3600	0.95467484	0.028599756	1.395174	0.8794784	-0.97224015	0.0027755755	2962.9602057933807
145	0.12184773	0.0	0.12184773	0.12184773	25.0	3625	0.95702875	0.025125498	1.1631233	0.89687175	-0.97452575	0.003328247	2983.4986572265625
146	0.4325439	0.0	0.4325439	0.4325439	25.0	3650	0.96526074	0.031690095	1.2832308	0.8722414	-0.9861657	0.0032642311	3004.0500276088715
147	0.09920758	0.0	0.09920758	0.09920758	25.0	3675	0.9621219	0.03352436	1.5250362	0.7240769	-0.97598845	0.0030773273	3024.5801301002502
148	0.513349	0.0	0.513349	0.513349	25.0	3700	0.9676547	0.030659368	1.3045852	0.78230596	-0.9787424	0.003520646	3045.036944627762
149	0.0	0.0	0.0	0.0	25.0	3725	0.96922094	0.027669922	1.267666	0.8896606	-0.9858515	0.0033596486	3065.5374071598053
150	0.41536316	0.0	0.41536316	0.41536316	25.0	3750	0.9667857	0.030917466	1.2966198	0.88928825	-0.9790882	0.0032696608	3086.9918928146362
151	0.3035955	0.0	0.3035955	0.3035955	25.0	3775	0.97338265	0.03102422	1.2724211	0.79667616	-0.99099946	0.0034276983	3108.0801255702972
152	0.4780864	0.0	0.4780864	0.4780864	25.0	3800	0.9733417	0.0330723	1.5255748	0.76652896	-0.9878654	0.0029514483	3128.5665130615234
153	0.08088472	0.0	0.08088472	0.08088472	25.0	3825	0.9804666	0.03436551	1.3975637	0.90988016	-0.99629617	0.004407162	3149.1783180236816
154	0.87531096	0.0	0.87531096	0.87531096	25.0	3850	0.9805426	0.029386444	1.4531289	0.90365815	-1.0013309	0.003665639	3169.5557250976562
155	0.2617883	0.0	0.2617883	0.2617883	25.0	3875	0.9817412	0.027837371	1.2616634	0.8918072	-0.9983559	0.003633418	3190.0637187957764
156	0.4298663	0.0	0.4298663	0.4298663	25.0	3900	0.9821775	0.028174238	1.2838954	0.9012804	-0.99645686	0.0026137913	3210.53311252594
157	0.531934	0.0	0.531934	0.531934	25.0	3925	0.9879259	0.027927127	1.259332	0.92012304	-1.0021491	0.003725883	3230.929079771042
158	0.01885574	0.0	0.01885574	0.01885574	25.0	3950	0.9904031	0.034189865	1.3056539	0.9040839	-1.0083952	0.003464482	3254.526586294174
159	0.09362454	0.0	0.09362454	0.09362454	25.0	3975	0.9912515	0.029326066	1.2868917	0.8115948	-1.0033151	0.003550846	3274.815356731415
160	0.70756537	0.0	0.70756537	0.70756537	25.0	4000	0.99398756	0.03116807	1.4631994	0.90762407	-1.0097377	0.0032149625	3296.238780975342
161	0.5302709	0.0	0.5302709	0.5302709	25.0	4025	0.9926328	0.02976548	1.2774779	0.81706667	-1.0078261	0.0032620656	3317.182314634323
162	0.0	0.0	0.0	0.0	25.0	4050	0.99679184	0.025882	1.3143356	0.91997516	-1.0136276	0.0037152984	3337.6703975200653
163	0.0	0.0	0.0	0.0	25.0	4075	0.9963324	0.02993155	1.3476447	0.8263151	-1.0060859	0.0032699716	3358.172381877899
164	0.059676483	0.0	0.059676483	0.059676483	25.0	4100	1.0017259	0.028238554	1.2895099	0.83566725	-1.0180413	0.0038371033	3378.6685140132904
165	0.17460671	0.0	0.17460671	0.17460671	25.0	4125	1.0019212	0.031273738	1.4758394	0.93348837	-1.0196561	0.004073581	3399.0102276802063
166	0.29188067	0.0	0.29188067	0.29188067	25.0	4150	1.0068908	0.031642027	1.5054944	0.93772674	-1.020124	0.0040352596	3419.717481136322
167	0.6065154	0.0	0.6065154	0.6065154	25.0	4175	1.0056027	0.028929323	1.3153269	0.8347497	-1.0198816	0.0036150878	3440.2293021678925
168	0.07390267	0.0	0.07390267	0.07390267	25.0	4200	1.0091429	0.028119804	1.4952128	0.9374017	-1.024468	0.002678755	3460.8049907684326
169	0.56172186	0.0	0.56172186	0.56172186	25.0	4225	1.0072364	0.027365673	1.3494989	0.84236956	-1.0237094	0.0033525492	3481.4649839401245
170	0.0	0.0	0.0	0.0	25.0	4250	1.0136135	0.028081276	1.2540044	0.8267405	-1.0272149	0.0032726952	3502.9170773029327
171	0.1718688	0.0	0.1718688	0.1718688	25.0	4275	1.0135486	0.03363494	1.3483782	0.93142474	-1.0273756	0.0049148095	3523.748583316803
172	0.3666503	0.0	0.3666503	0.3666503	25.0	4300	1.0199842	0.02955805	1.3204328	0.9540483	-1.0325398	0.003701279	3544.3203287124634
173	0.63303244	0.0	0.63303244	0.63303244	25.0	4325	1.0185829	0.0292108	1.3387684	0.84214145	-1.0337162	0.0031522799	3564.9246060848236
174	0.2652996	0.0	0.2652996	0.2652996	25.0	4350	1.022394	0.032844234	1.5195332	0.94988525	-1.0356221	0.0033506348	3585.6412131786346
175	0.45252457	0.0	0.45252457	0.45252457	25.0	4375	1.0205586	0.025614023	1.1997473	0.94235706	-1.0359306	0.0034136819	3606.1756801605225
176	0.46117622	0.0	0.46117622	0.46117622	25.0	4400	1.0256397	0.028644565	1.5451885	0.85849166	-1.0382717	0.0036533477	3626.622528553009
177	0.27324814	0.0	0.27324814	0.27324814	25.0	4425	1.0238445	0.028492948	1.3358178	0.95495474	-1.0392283	0.003142769	3647.1361377239227
178	0.21814114	0.0	0.21814114	0.21814114	25.0	4450	1.0317016	0.030780757	1.326901	0.9019667	-1.0484767	0.0038130041	3667.626572370529
179	0.78324187	0.0	0.78324187	0.78324187	25.0	4475	1.0331049	0.029891977	1.4088887	0.9578372	-1.0467057	0.0036191642	3688.0718219280243
180	0.6932002	0.0	0.6932002	0.6932002	25.0	4500	1.0341014	0.025497673	1.317885	0.8602621	-1.0521135	0.0040838383	3709.5876841545105
181	0.26789835	0.0	0.26789835	0.26789835	25.0	4525	1.0389109	0.031562984	1.5155251	0.9661912	-1.0518831	0.0039977003	3730.6539194583893
182	0.07291906	0.0	0.07291906	0.07291906	25.0	4550	1.0388454	0.030724514	1.5140357	0.86922866	-1.058158	0.003976878	3751.174819946289
183	0.23862545	0.0	0.23862545	0.23862545	25.0	4575	1.0401094	0.028696049	1.3671787	0.8812534	-1.0535326	0.003750425	3771.592382669449
184	0.11862299	0.0	0.11862299	0.11862299	25.0	4600	1.0442296	0.026031762	1.3559489	0.9667297	-1.0634663	0.004203793	3792.301415681839
185	0.86721015	0.0	0.86721015	0.86721015	25.0	4625	1.0441469	0.029759621	1.5453594	0.97093576	-1.0556732	0.0038011444	3813.2912986278534
186	0.56294525	0.0	0.56294525	0.56294525	25.0	4650	1.0478771	0.028813813	1.292139	0.88815075	-1.066559	0.004728704	3833.8499658107758
187	0.18187149	0.0	0.18187149	0.18187149	25.0	4675	1.0519162	0.03199269	1.3865564	0.9041777	-1.0665329	0.0046725255	3854.384038209915
188	0.328822	0.0	0.328822	0.328822	25.0	4700	1.0511038	0.027039023	1.3653414	0.8900067	-1.0664185	0.0033212237	3875.02552485466
189	0.16405852	0.0	0.16405852	0.16405852	25.0	4725	1.0504756	0.030412009	1.3901994	0.94882876	-1.063526	0.0038994355	3895.6467938423157
190	0.26090357	0.0	0.26090357	0.26090357	25.0	4750	1.055488	0.029472461	1.385159	0.9951509	-1.0725795	0.003952415	3917.836889028549
191	0.0	0.0	0.0	0.0	25.0	4775	1.057174	0.026174929	1.3023176	0.8931951	-1.069005	0.0038257446	3938.4785392284393
192	0.77880657	0.0	0.77880657	0.77880657	25.0	4800	1.0579151	0.02915946	1.397235	0.99564874	-1.0733067	0.0033117514	3959.0281987190247
193	0.23482768	0.0	0.23482768	0.23482768	25.0	4825	1.0608493	0.025675911	1.3068022	0.9731399	-1.0781229	0.0035207523	3979.53759264946
194	0.15349683	0.0	0.15349683	0.15349683	25.0	4850	1.0653338	0.032220602	1.4182492	0.9934704	-1.0786939	0.003859353	4000.249356508255
195	0.7240353	0.0	0.7240353	0.7240353	25.0	4875	1.0669607	0.036795318	1.547038	0.89955616	-1.0794429	0.003921901	4020.8078248500824
196	0.6678398	0.0	0.6678398	0.6678398	25.0	4900	1.0655	0.027731057	1.3706794	0.9170593	-1.0819513	0.003543756	4041.4032847881317
197	0.80407536	0.0	0.80407536	0.80407536	25.0	4925	1.0691001	0.032946583	1.3967977	0.56492096	-1.085276	0.0034145073	4061.9202127456665
198	0.0	0.0	0.0	0.0	25.0	4950	1.0741726	0.026138771	1.3860122	1.0003059	-1.0901529	0.0039106566	4082.556699037552
199	0.3758214	0.0	0.3758214	0.3758214	25.0	4975	1.0738537	0.030891528	1.6393666	1.0090523	-1.0877354	0.003600042	4103.050020694733
200	0.0	0.0	0.0	0.0	25.0	5000	1.076503	0.02901302	1.441469	0.9933697	-1.0927148	0.0036712391	4125.462280750275
201	0.054800373	0.0	0.054800373	0.054800373	25.0	5025	1.0770619	0.029860519	1.3873726	1.0187699	-1.0900649	0.003088309	4146.0010142326355
202	0.088691264	0.0	0.088691264	0.088691264	25.0	5050	1.0746312	0.025096096	1.3967735	0.915914	-1.0918286	0.0029153156	4166.469581127167
203	0.5452933	0.0	0.5452933	0.5452933	25.0	5075	1.0819701	0.02415722	1.2399426	0.9253808	-1.0944378	0.003800289	4187.172031164169
204	0.32216704	0.0	0.32216704	0.32216704	25.0	5100	1.0786345	0.026926998	1.4295187	1.0179168	-1.0938348	0.0026413705	4207.607754468918
205	0.015530903	0.0	0.015530903	0.015530903	25.0	5125	1.0847968	0.032953806	1.4297582	0.8021649	-1.0997373	0.0038612157	4228.026699781418
206	0.2631719	0.0	0.2631719	0.2631719	25.0	5150	1.0879059	0.03021472	1.4465356	0.9979521	-1.1000054	0.0044866516	4248.516838788986
207	0.0	0.0	0.0	0.0	25.0	5175	1.0886613	0.028740881	1.4601738	1.0058405	-1.1041793	0.004081658	4268.9721422195435
208	0.29892087	0.0	0.29892087	0.29892087	25.0	5200	1.090484	0.03132233	1.4388933	0.9414172	-1.1017807	0.0029542262	4289.43089723587
209	0.0	0.0	0.0	0.0	25.0	5225	1.0872761	0.02892163	1.3266492	0.9374735	-1.1007388	0.004187524	4309.896939277649
210	0.0	0.0	0.0	0.0	25.0	5250	1.0935951	0.030654347	1.4424682	1.031585	-1.1051278	0.0038199006	4331.873908996582
211	0.22291212	0.0	0.22291212	0.22291212	25.0	5275	1.0937649	0.028878402	1.4582009	1.0187023	-1.1075326	0.004137803	4352.372226715088
212	0.26526174	0.0	0.26526174	0.26526174	25.0	5300	1.0941445	0.03028441	1.4488472	1.0273244	-1.1054525	0.003409138	4372.8769772052765
213	0.0	0.0	0.0	0.0	25.0	5325	1.0999981	0.026375365	1.4045712	1.0186908	-1.1130522	0.004066654	4393.384342908859
214	0.60182256	0.0	0.60182256	0.60182256	25.0	5350	1.0991625	0.03287778	1.4344119	1.0202398	-1.1111988	0.0030543113	4413.894283533096
215	0.0	0.0	0.0	0.0	25.0	5375	1.101937	0.026854122	1.3803967	1.0349061	-1.1139053	0.0040938933	4434.439925193787
216	0.5102829	0.0	0.5102829	0.5102829	25.0	5400	1.1057639	0.034214817	1.6222215	1.028388	-1.1204157	0.003286174	4455.133115053177
217	0.5219666	0.0	0.5219666	0.5219666	25.0	5425	1.1030289	0.032072317	1.5920945	0.95554644	-1.1143425	0.0033489643	4475.574171066284
218	0.05786105	0.0	0.05786105	0.05786105	25.0	5450	1.1075926	0.031258952	1.6233435	1.0221503	-1.1209697	0.0034951079	4496.1885759830475
219	0.09315907	0.0	0.09315907	0.09315907	25.0	5475	1.1064475	0.023550643	1.349131	0.9073962	-1.1212205	0.003669965	4516.872772455215
220	0.6236736	0.0	0.6236736	0.6236736	25.0	5500	1.1110748	0.029490413	1.5084068	1.0491166	-1.127611	0.0033279818	4538.995856523514
221	0.2739856	0.0	0.2739856	0.2739856	25.0	5525	1.1078207	0.025237234	1.3561525	0.949841	-1.1196835	0.0029062557	4559.607125043869
222	0.5015221	0.0	0.5015221	0.5015221	25.0	5550	1.112018	0.026053462	1.3677964	1.0466341	-1.1254296	0.00342317	4580.173675537109
223	0.21515094	0.0	0.21515094	0.21515094	25.0	5575	1.1090657	0.025744254	1.4165727	1.0318418	-1.1235642	0.0031021347	4600.636242866516
224	0.103858605	0.0	0.103858605	0.103858605	25.0	5600	1.115582	0.026267957	1.4559611	1.0492083	-1.1297821	0.0036122312	4621.213672161102
225	0.40683737	0.0	0.40683737	0.40683737	25.0	5625	1.1188726	0.027668031	1.3919848	1.0435084	-1.1325614	0.0040155733	4641.66983795166
226	0.18969166	0.0	0.18969166	0.18969166	25.0	5650	1.1196668	0.029814739	1.4368773	1.035741	-1.1286405	0.0045069694	4662.294671535492
227	0.09135975	0.0	0.09135975	0.09135975	25.0	5675	1.1174649	0.02741353	1.326463	1.0463849	-1.1317565	0.0036053502	4682.887323379517
228	0.49471942	0.0	0.49471942	0.49471942	25.0	5700	1.1199921	0.030653233	1.4684954	1.0496238	-1.133402	0.003117567	4703.874303102493
229	0.36084387	0.0	0.36084387	0.36084387	25.0	5725	1.1268367	0.029577114	1.4932845	0.96763086	-1.1403558	0.0043175053	4724.662953615189
230	1.0845646	0.0	1.0845646	1.0845646	25.0	5750	1.121093	0.03017349	1.6381991	1.0469481	-1.1338801	0.004201325	4747.353348970413
231	0.013663653	0.0	0.013663653	0.013663653	25.0	5775	1.1259145	0.036749914	1.5899094	1.0263519	-1.135641	0.003122962	4769.012130022049
232	0.0882517	0.0	0.0882517	0.0882517	25.0	5800	1.1249782	0.031605884	1.4585716	1.0561054	-1.1392728	0.003916666	4790.661944389343
233	0.057289988	0.0	0.057289988	0.057289988	25.0	5825	1.1282272	0.027685612	1.4362121	0.9589604	-1.1373491	0.0041049267	4812.50611948967
234	0.6329957	0.0	0.6329957	0.6329957	25.0	5850	1.1260222	0.024411645	1.3154942	1.0508103	-1.1380404	0.0035330728	4833.679368019104
235	0.038232937	0.0	0.038232937	0.038232937	25.0	5875	1.1287045	0.026899766	1.4689579	1.0649638	-1.1394085	0.003204818	4854.506808042526
236	0.0	0.0	0.0	0.0	25.0	5900	1.1290411	0.027548792	1.6003213	1.057641	-1.1398787	0.0034417044	4875.584394693375
237	0.09204485	0.0	0.09204485	0.09204485	25.0	5925	1.1314676	0.025134742	1.4026515	1.0586238	-1.1446645	0.0032574756	4896.66352725029
238	0.32085702	0.0	0.32085702	0.32085702	25.0	5950	1.1357037	0.02632792	1.4510083	1.0560358	-1.1475587	0.003963924	4917.551746368408
239	0.53770196	0.0	0.53770196	0.53770196	25.0	5975	1.1336293	0.029232364	1.4643666	1.0146952	-1.1449327	0.0035517192	4939.002424240112
240	1.1080616	0.0	1.1080616	1.1080616	25.0	6000	1.13646	0.033277288	1.6617461	1.0074759	-1.147533	0.004007388	4962.508101224899
241	0.27091485	0.0	0.27091485	0.27091485	25.0	6025	1.1375568	0.031105556	1.4911125	1.010702	-1.1483885	0.0038336278	4984.326215744019
242	0.2334025	0.0	0.2334025	0.2334025	25.0	6050	1.1386306	0.023767311	1.3718113	1.0696406	-1.1523613	0.00361979	5005.381596803665
243	0.0	0.0	0.0	0.0	25.0	6075	1.1399742	0.024082672	1.3501614	1.0713838	-1.1526762	0.0034681438	5026.080003261566
244	0.6649005	0.0	0.6649005	0.6649005	25.0	6100	1.1429405	0.028810332	1.4812745	1.0706844	-1.1536992	0.0035384677	5046.898197412491
245	0.20746617	0.0	0.20746617	0.20746617	25.0	6125	1.1443493	0.026740333	1.4451289	0.98218066	-1.1581877	0.0038535027	5067.6571164131165
246	0.0	0.0	0.0	0.0	25.0	6150	1.1477736	0.027951814	1.4454467	0.97754925	-1.1600305	0.0041375686	5088.807968139648
247	0.036551807	0.0	0.036551807	0.036551807	25.0	6175	1.1482757	0.03261995	1.4855782	1.0784578	-1.1571629	0.0034425082	5110.0916249752045
248	0.0007843181	0.0	0.0007843181	0.0007843181	25.0	6200	1.1460955	0.02450221	1.343731	1.0739558	-1.1561844	0.0028935801	5131.85311794281
249	0.110191405	0.0	0.110191405	0.110191405	25.0	6225	1.153528	0.029332168	1.4380782	1.0699549	-1.1647496	0.003867091	5153.33855843544
250	0.12059797	0.0	0.12059797	0.12059797	25.0	6250	1.1505079	0.024834031	1.3575686	1.0788391	-1.1634825	0.0041560065	5176.377835988998
251	0.0	0.0	0.0	0.0	25.0	6275	1.1519306	0.027482605	1.4733654	1.0832759	-1.1653147	0.0036377776	5197.6315994262695
252	0.15645877	0.0	0.15645877	0.15645877	25.0	6300	1.1571031	0.031213384	1.4890437	1.0770934	-1.1679267	0.004002	5218.405642747879
253	0.05440001	0.0	0.05440001	0.05440001	25.0	6325	1.1537566	0.027971523	1.4797958	1.0911837	-1.1676611	0.0031985862	5239.096731901169
254	0.04659298	0.0	0.04659298	0.04659298	25.0	6350	1.1613269	0.02708917	1.4281486	1.0865221	-1.1719085	0.0042349296	5259.8263919353485
255	0.06125796	0.0	0.06125796	0.06125796	25.0	6375	1.1576576	0.02559648	1.40152	1.0875328	-1.1716326	0.0039340295	5280.105168581009
256	0.19654457	0.0	0.19654457	0.19654457	25.0	6400	1.1598544	0.033991847	1.6145052	0.9934521	-1.1713645	0.0038262361	5299.9977259635925
257	0.23421627	0.0	0.23421627	0.23421627	25.0	6425	1.1604124	0.03022114	1.4595165	0.95615923	-1.169776	0.003948983	5319.804673671722
258	0.3278579	0.0	0.3278579	0.3278579	25.0	6450	1.1635668	0.030995982	1.7174454	1.0804112	-1.1738462	0.0042478247	5339.703106403351
259	0.15774707	0.0	0.15774707	0.15774707	25.0	6475	1.1614294	0.027870446	1.4914875	1.0889882	-1.1704204	0.0039707785	5360.0205109119415
260	0.4601952	0.0	0.4601952	0.4601952	25.0	6500	1.164859	0.032432377	1.5165347	1.0981374	-1.1751019	0.003820931	5381.040200948715
261	0.21988377	0.0	0.21988377	0.21988377	25.0	6525	1.165566	0.026411183	1.383701	1.0976655	-1.1743157	0.004953033	5401.011863708496
262	0.45017648	0.0	0.45017648	0.45017648	25.0	6550	1.1626229	0.029809406	1.621549	1.08924	-1.1731162	0.0028722496	5420.818904399872
263	0.35709876	0.0	0.35709876	0.35709876	25.0	6575	1.1644998	0.03027572	1.5310891	1.0939523	-1.1760378	0.003226991	5440.631155729294
264	0.42439157	0.0	0.42439157	0.42439157	25.0	6600	1.170415	0.030024156	1.3879943	1.0982842	-1.1813833	0.003972465	5460.44616150856
265	0.48536134	0.0	0.48536134	0.48536134	25.0	6625	1.1674242	0.039442975	1.7750533	0.7070589	-1.1785798	0.0039416775	5480.273899793625
266	0.34041828	0.0	0.34041828	0.34041828	25.0	6650	1.169287	0.029699497	1.5085456	1.0777028	-1.180245	0.0033820695	5500.033066749573
267	0.15341705	0.0	0.15341705	0.15341705	25.0	6675	1.1727931	0.030622384	1.5379057	1.0241864	-1.1824651	0.0037839978	5519.91065120697
268	0.93951607	0.0	0.93951607	0.93951607	25.0	6700	1.1713474	0.025305621	1.4371814	1.0899458	-1.1806004	0.00395041	5539.691427707672
269	0.69861937	0.0	0.69861937	0.69861937	25.0	6725	1.1740884	0.026778482	1.4160044	1.0163435	-1.185421	0.003862822	5559.920297622681
270	0.1596564	0.0	0.1596564	0.1596564	25.0	6750	1.1744641	0.030276554	1.6028116	1.0308931	-1.1839886	0.0032546825	5581.200197696686
271	0.75857425	0.0	0.75857425	0.75857425	25.0	6775	1.1736073	0.025428554	1.3971466	1.029296	-1.1857663	0.003859211	5601.164724349976
272	0.40261605	0.0	0.40261605	0.40261605	25.0	6800	1.1796806	0.03317591	1.679409	1.109263	-1.1908386	0.0036542257	5621.126147508621
273	0.5260585	0.0	0.5260585	0.5260585	25.0	6825	1.182487	0.030785076	1.5695212	1.1003436	-1.194299	0.0052758916	5641.024394035339
274	0.14944477	0.0	0.14944477	0.14944477	25.0	6850	1.1793606	0.027422069	1.4154824	1.0907512	-1.188875	0.0038716292	5660.849904298782
275	0.4255561	0.0	0.4255561	0.4255561	25.0	6875	1.1812315	0.031057933	1.7157631	1.1170666	-1.1909497	0.0031752416	5680.635637760162
276	0.40050128	0.0	0.40050128	0.40050128	25.0	6900	1.180177	0.021972867	1.3226044	1.1094856	-1.1942246	0.0034974231	5700.453393936157
277	0.52984196	0.0	0.52984196	0.52984196	25.0	6925	1.1825548	0.028127812	1.5489838	1.1147965	-1.1925533	0.003487206	5720.2773904800415
278	0.23273662	0.0	0.23273662	0.23273662	25.0	6950	1.1846397	0.02533286	1.4905776	1.1053252	-1.1965102	0.004339558	5740.011180639267
279	1.2128671	0.0	1.2128671	1.2128671	25.0	6975	1.1875716	0.027471883	1.5153303	1.1097268	-1.2015907	0.0034425096	5760.329354047775
280	0.0	0.0	0.0	0.0	25.0	7000	1.1856155	0.027232429	1.5340831	1.1135976	-1.1971171	0.0035345769	5781.731582641602
281	0.068907954	0.0	0.068907954	0.068907954	25.0	7025	1.1859547	0.027122341	1.5396771	1.1171356	-1.1963567	0.0029547527	5801.827125072479
282	0.16664267	0.0	0.16664267	0.16664267	25.0	7050	1.1875932	0.031216988	1.3987583	1.1247611	-1.1996821	0.0043200008	5821.761531114578
283	0.4482247	0.0	0.4482247	0.4482247	25.0	7075	1.1904192	0.027456362	1.5600045	1.1263664	-1.2012793	0.003896449	5841.577640295029
284	0.3692934	0.0	0.3692934	0.3692934	25.0	7100	1.1947584	0.029652007	1.5526458	1.1183558	-1.2055691	0.0042220713	5861.364686250687
285	0.62646645	0.0	0.62646645	0.62646645	25.0	7125	1.1933595	0.02753355	1.5723327	1.1132988	-1.2046741	0.0041702595	5881.173990488052
286	0.40019163	0.0	0.40019163	0.40019163	25.0	7150	1.1940608	0.022912525	1.419471	1.122462	-1.203902	0.0033792031	5901.114128112793
287	0.84152657	0.0	0.84152657	0.84152657	25.0	7175	1.1955203	0.033709873	1.6015126	1.1010438	-1.2022471	0.0035350632	5921.116014242172
288	0.3467613	0.0	0.3467613	0.3467613	25.0	7200	1.1940567	0.031696852	1.5110213	1.0984293	-1.2078034	0.0037805086	5941.075990200043
289	0.24016598	0.0	0.24016598	0.24016598	25.0	7225	1.1993889	0.023943502	1.5005039	1.1341347	-1.213239	0.0034586652	5961.593878269196
290	0.38418213	0.0	0.38418213	0.38418213	25.0	7250	1.1993827	0.028242517	1.5010698	1.1008825	-1.211127	0.0037379628	5982.956420660019
291	0.37819403	0.0	0.37819403	0.37819403	25.0	7275	1.2024431	0.025005564	1.5260285	1.1201289	-1.2127568	0.00424122	6002.874764680862
292	0.0	0.0	0.0	0.0	25.0	7300	1.2050753	0.024495147	1.4226017	1.1240089	-1.2173947	0.0041676606	6022.804689645767
293	0.6363699	0.0	0.6363699	0.6363699	25.0	7325	1.2051761	0.029780932	1.5089865	1.1275746	-1.2174087	0.00424931	6042.742246389389
294	0.27135584	0.0	0.27135584	0.27135584	25.0	7350	1.2069724	0.02867767	1.5550696	1.1422044	-1.2162871	0.004179191	6062.867922306061
295	0.8138476	0.0	0.8138476	0.8138476	25.0	7375	1.2096694	0.025554955	1.4016697	1.1373612	-1.2184163	0.0046724584	6083.156974554062
296	0.0	0.0	0.0	0.0	25.0	7400	1.2046704	0.027705463	1.614802	1.129902	-1.2139541	0.003016018	6103.265996932983
297	0.14179939	0.0	0.14179939	0.14179939	25.0	7425	1.2109022	0.034569006	1.7305633	1.0722231	-1.2222326	0.0038525658	6123.603010416031
298	1.0874038	0.0	1.0874038	1.0874038	25.0	7450	1.2121439	0.029009096	1.4896872	1.0887337	-1.2223752	0.0039201505	6144.501260995865
299	0.7197466	0.0	0.7197466	0.7197466	25.0	7475	1.2084746	0.028851667	1.5341439	1.1210608	-1.2189975	0.0031661233	6166.090533018112
300	0.69423676	0.0	0.69423676	0.69423676	25.0	7500	1.2116961	0.026922205	1.4661208	1.1398246	-1.2223752	0.0036141626	6188.822926998138
301	1.2862179	0.0	1.2862179	1.2862179	25.0	7525	1.2161022	0.027827848	1.5397464	1.0848722	-1.2286144	0.003687524	6210.028107404709
302	0.0054339664	0.0	0.0054339664	0.0054339664	25.0	7550	1.2139864	0.02924771	1.6846212	1.1557713	-1.2216457	0.0043354384	6230.626098394394
303	0.9630535	0.0	0.9630535	0.9630535	25.0	7575	1.2194762	0.0287569	1.5715488	1.1482171	-1.2349876	0.0043282397	6251.173159360886
304	0.3665976	0.0	0.3665976	0.3665976	25.0	7600	1.2208242	0.027828146	1.5212752	1.1410937	-1.230709	0.0053707194	6271.745994091034
305	0.10337296	0.0	0.10337296	0.10337296	25.0	7625	1.2234987	0.028431702	1.5448284	0.9158415	-1.2327377	0.0045725177	6292.359911680222
306	0.65533566	0.0	0.65533566	0.65533566	25.0	7650	1.2231363	0.029316742	1.562424	1.1548364	-1.236077	0.0035857514	6312.956004619598
307	0.6259802	0.0	0.6259802	0.6259802	25.0	7675	1.222128	0.027050938	1.5596609	1.1170335	-1.2322168	0.0034034424	6334.2484998703
308	0.19305094	0.0	0.19305094	0.19305094	25.0	7700	1.2231063	0.029504346	1.69228	1.108663	-1.2361236	0.0029027886	6354.893091440201
309	0.23395799	0.0	0.23395799	0.23395799	25.0	7725	1.2260567	0.035433352	1.7725389	1.1624631	-1.2354921	0.0034282017	6375.56764626503
310	0.2619407	0.0	0.2619407	0.2619407	25.0	7750	1.2258747	0.023975706	1.474968	1.0981461	-1.2373054	0.003544741	6397.487560272217
311	0.36242318	0.0	0.36242318	0.36242318	25.0	7775	1.2260156	0.024655905	1.608922	1.0940236	-1.2357975	0.003216964	6418.097783088684
312	0.32270324	0.0	0.32270324	0.32270324	25.0	7800	1.2315593	0.03172119	1.7293365	1.0222898	-1.2415718	0.0043439628	6438.529621362686
313	0.17688045	0.0	0.17688045	0.17688045	25.0	7825	1.2283136	0.029489981	1.5754533	1.1299752	-1.2376424	0.0031354865	6459.343644857407
314	0.33559623	0.0	0.33559623	0.33559623	25.0	7850	1.2334377	0.024517871	1.5095514	1.1625012	-1.2430555	0.0043121995	6479.523027896881
315	0.43397975	0.0	0.43397975	0.43397975	25.0	7875	1.2313261	0.027009912	1.5220276	1.1594526	-1.2451135	0.0037261003	6500.732003211975
316	1.0768466	0.0	1.0768466	1.0768466	25.0	7900	1.2357321	0.029387882	1.606524	1.1378372	-1.2435658	0.0037500155	6520.780410766602
317	0.3704283	0.0	0.3704283	0.3704283	25.0	7925	1.2379783	0.024988677	1.4785887	1.1641027	-1.2474746	0.0048990715	6540.8675282001495
318	0.11909302	0.0	0.11909302	0.11909302	25.0	7950	1.2374946	0.02555746	1.4798949	1.1673765	-1.2474418	0.0047350666	6561.19725894928
319	0.40130773	0.0	0.40130773	0.40130773	25.0	7975	1.2370707	0.027165346	1.5850468	1.1701235	-1.2452873	0.0033622365	6581.790816068649
320	0.30801576	0.0	0.30801576	0.30801576	25.0	8000	1.2391812	0.026856432	1.5861486	1.1652937	-1.2492416	0.0036125907	6604.294573068619
321	0.11765845	0.0	0.11765845	0.11765845	25.0	8025	1.2393999	0.029515909	1.7597774	1.1769029	-1.2477058	0.0036074682	6624.204813957214
322	0.14949454	0.0	0.14949454	0.14949454	25.0	8050	1.2395802	0.032814678	1.7378176	1.1579552	-1.2471298	0.0035292488	6644.058661699295
323	0.37196013	0.0	0.37196013	0.37196013	25.0	8075	1.2398612	0.026379693	1.5616698	1.1572794	-1.2512203	0.0036751488	6664.300466299057
324	0.7191279	0.0	0.7191279	0.7191279	25.0	8100	1.2434474	0.03061772	1.7756941	1.141136	-1.2526622	0.004325167	6684.3465185165405
325	0.17954881	0.0	0.17954881	0.17954881	25.0	8125	1.241972	0.02792693	1.5812457	1.15327	-1.2541424	0.003038246	6704.362114429474
326	0.30122393	0.0	0.30122393	0.30122393	25.0	8150	1.2441565	0.023997212	1.4974687	1.1781337	-1.2555872	0.00356191	6724.247549772263
327	0.0	0.0	0.0	0.0	25.0	8175	1.247841	0.028858526	1.4965851	1.1777433	-1.2576705	0.0042909677	6744.092430353165
328	0.30609682	0.0	0.30609682	0.30609682	25.0	8200	1.2441024	0.02465392	1.4896616	1.1855712	-1.257026	0.0032673723	6763.683303117752
329	0.76351523	0.0	0.76351523	0.76351523	25.0	8225	1.2477704	0.028798893	1.6032286	1.1856302	-1.258679	0.0035827619	6784.205338478088
330	0.064271666	0.0	0.064271666	0.064271666	25.0	8250	1.2509099	0.02820797	1.6012185	1.156279	-1.2634109	0.0038043796	6805.816098690033
331	0.0625239	0.0	0.0625239	0.0625239	25.0	8275	1.2504969	0.027418558	1.5454061	1.1877747	-1.2584481	0.0038558035	6826.076595544815
332	0.1910414	0.0	0.1910414	0.1910414	25.0	8300	1.2552247	0.028526533	1.6106368	1.168625	-1.2672722	0.0041073663	6846.1420912742615
333	0.15324464	0.0	0.15324464	0.15324464	25.0	8325	1.254295	0.026911896	1.6475022	1.1882641	-1.2671995	0.003924828	6866.176026582718
334	0.59779835	0.0	0.59779835	0.59779835	25.0	8350	1.2576525	0.03279877	1.7677372	1.186509	-1.2669804	0.004149888	6885.982017040253
335	0.20515181	0.0	0.20515181	0.20515181	25.0	8375	1.2581726	0.028794287	1.4789406	1.1561791	-1.2670605	0.0037056499	6905.996579647064
336	0.97637624	0.0	0.97637624	0.97637624	25.0	8400	1.2595063	0.025702981	1.5086635	1.1421342	-1.269708	0.0037617534	6925.6836795806885
337	0.56443965	0.0	0.56443965	0.56443965	25.0	8425	1.2630163	0.027682288	1.5651401	1.1912388	-1.2701592	0.004675236	6945.506507635117
338	0.32804114	0.0	0.32804114	0.32804114	25.0	8450	1.2615976	0.024666	1.5388452	1.1970981	-1.2714425	0.0038845972	6966.281580686569
339	0.69201887	0.0	0.69201887	0.69201887	25.0	8475	1.2638662	0.027147247	1.6048656	1.1830453	-1.2696688	0.004353395	6986.723445177078
340	0.2929591	0.0	0.2929591	0.2929591	25.0	8500	1.261326	0.027261186	1.755595	1.1966379	-1.2743549	0.0043082624	7008.1784999370575
341	0.0	0.0	0.0	0.0	25.0	8525	1.2643284	0.030367605	1.5990396	1.1321872	-1.2732198	0.004071765	7029.043457984924
342	0.60414964	0.0	0.60414964	0.60414964	25.0	8550	1.2652197	0.03260467	1.7733197	1.2097698	-1.2697486	0.0038826107	7048.6354904174805
343	0.50241816	0.0	0.50241816	0.50241816	25.0	8575	1.2632442	0.029596824	1.6374233	1.1281192	-1.2741425	0.0038877714	7068.225826263428
344	0.6309837	0.0	0.6309837	0.6309837	25.0	8600	1.2660573	0.024825567	1.5163727	1.1861005	-1.2748964	0.0032442422	7088.857314825058
345	0.41084796	0.0	0.41084796	0.41084796	25.0	8625	1.2657508	0.024037896	1.7304262	1.1965396	-1.275709	0.004074493	7108.512861251831
346	0.61689276	0.0	0.61689276	0.61689276	25.0	8650	1.269866	0.024177792	1.6106329	1.2135779	-1.28034	0.0040223105	7128.28045964241
347	0.13251773	0.0	0.13251773	0.13251773	25.0	8675	1.272236	0.029768622	1.6620927	1.1831478	-1.2815719	0.0042510354	7148.265990018845
348	0.8449847	0.0	0.8449847	0.8449847	25.0	8700	1.2709639	0.026475348	1.5632508	1.1543555	-1.2800395	0.0044345534	7168.590479850769
349	0.0	0.0	0.0	0.0	25.0	8725	1.26975	0.025820252	1.5371003	1.141513	-1.2788137	0.004005952	7189.154636383057
350	0.17394182	0.0	0.17394182	0.17394182	25.0	8750	1.2741594	0.025778314	1.6654413	1.218967	-1.2844086	0.0033514702	7211.589820146561
351	0.45876405	0.0	0.45876405	0.45876405	25.0	8775	1.2738097	0.028201433	1.6394331	1.1982903	-1.2850342	0.00384361	7231.389155626297
352	0.28231633	0.0	0.28231633	0.28231633	25.0	8800	1.2747328	0.026927019	1.5983188	1.1843469	-1.2836615	0.003828828	7251.065413236618
353	0.29120174	0.0	0.29120174	0.29120174	25.0	8825	1.2784476	0.02947825	1.6546888	1.2236401	-1.2879087	0.004452759	7271.088431358337
354	0.0	0.0	0.0	0.0	25.0	8850	1.2769262	0.025168436	1.5896099	1.2126951	-1.2845403	0.0038525686	7290.832871675491
355	0.18257196	0.0	0.18257196	0.18257196	25.0	8875	1.2803317	0.024041852	1.5134485	1.2086486	-1.2896516	0.004521184	7310.414992570877
356	0.99960876	0.0	0.99960876	0.99960876	25.0	8900	1.2808456	0.02541333	1.6695416	1.1646351	-1.288	0.004161002	7330.435985565186
357	0.74121696	0.0	0.74121696	0.74121696	25.0	8925	1.2777376	0.026859708	1.6575476	1.160009	-1.2854819	0.0031211497	7350.044889688492
358	0.2263551	0.0	0.2263551	0.2263551	25.0	8950	1.2809796	0.028777532	1.6820822	1.2244954	-1.2899184	0.004932699	7369.723180294037
359	0.5373891	0.0	0.5373891	0.5373891	25.0	8975	1.2867761	0.03156456	1.8651868	1.1705785	-1.2978119	0.004448506	7390.0287709236145
360	0.8773944	0.0	0.8773944	0.8773944	25.0	9000	1.282601	0.026856825	1.7259982	1.1970267	-1.2923683	0.003881107	7411.4198133945465
361	0.23408702	0.0	0.23408702	0.23408702	25.0	9025	1.2847493	0.030631872	1.7071481	1.2204158	-1.2954812	0.0036340945	7431.31974029541
362	0.98970467	0.0	0.98970467	0.98970467	25.0	9050	1.2835809	0.027888868	1.6989595	1.1596272	-1.2932552	0.0034965104	7451.211700201035
363	0.0	0.0	0.0	0.0	25.0	9075	1.2859958	0.022035517	1.5078222	1.20411	-1.295561	0.0034058485	7470.821152925491
364	0.5173917	0.0	0.5173917	0.5173917	25.0	9100	1.2900902	0.027694358	1.7104986	1.214766	-1.2989321	0.0044334144	7490.448036670685
365	0.23402344	0.0	0.23402344	0.23402344	25.0	9125	1.2887378	0.026085872	1.5667946	1.2206817	-1.2952331	0.0036928342	7510.29572224617
366	0.18246086	0.0	0.18246086	0.18246086	25.0	9150	1.2853928	0.025968231	1.4924445	1.2143852	-1.2958817	0.0036801994	7530.418972969055
367	0.59012216	0.0	0.59012216	0.59012216	25.0	9175	1.2934341	0.0260649	1.5417814	1.211077	-1.3018637	0.0041822563	7550.446653842926
368	0.44955713	0.0	0.44955713	0.44955713	25.0	9200	1.2922992	0.026707578	1.6200442	1.1798313	-1.3023533	0.004698165	7570.263760328293
369	0.11729705	0.0	0.11729705	0.11729705	25.0	9225	1.2960438	0.02869787	1.7176975	1.1984218	-1.3022767	0.0042324155	7590.589737653732
370	0.18718928	0.0	0.18718928	0.18718928	25.0	9250	1.2964609	0.025652682	1.5268266	1.2160025	-1.3080102	0.0041629826	7611.864338636398
371	0.51312697	0.0	0.51312697	0.51312697	25.0	9275	1.2950941	0.02582269	1.7102199	1.2208372	-1.3049034	0.0045347046	7631.595825910568
372	0.25311476	0.0	0.25311476	0.25311476	25.0	9300	1.2992558	0.0294837	1.7171557	1.1857074	-1.3094802	0.004379865	7651.19496011734
373	0.49104774	0.0	0.49104774	0.49104774	25.0	9325	1.3001132	0.03169796	1.6708905	1.1800642	-1.312071	0.004520421	7670.852151632309
374	0.16454412	0.0	0.16454412	0.16454412	25.0	9350	1.2994809	0.029616179	1.6467222	1.1774719	-1.3083917	0.003965765	7690.578395366669
375	1.3885459	0.0	1.3885459	1.3885459	25.0	9375	1.3035791	0.028717427	1.6543142	1.2223017	-1.3118405	0.0046046847	7710.228001832962
376	0.061169855	0.0	0.061169855	0.061169855	25.0	9400	1.3044418	0.026791697	1.6533042	1.1925344	-1.3111255	0.004718521	7729.870455980301
377	1.0677558	0.0	1.0677558	1.0677558	25.0	9425	1.3078723	0.027721208	1.6722578	1.2259703	-1.3174269	0.004714353	7749.452751159668
378	0.35152233	0.0	0.35152233	0.35152233	25.0	9450	1.3060467	0.02683298	1.622448	1.2282305	-1.3162336	0.0039548883	7769.022974014282
379	0.51439434	0.0	0.51439434	0.51439434	25.0	9475	1.3073151	0.027300712	1.6635399	1.2272258	-1.3162423	0.0046215896	7789.2081825733185
380	0.005938694	0.0	0.005938694	0.005938694	25.0	9500	1.3100544	0.024341295	1.6850797	1.2280406	-1.3210781	0.0045456416	7810.413838148117
381	0.4961791	0.0	0.4961791	0.4961791	25.0	9525	1.3087475	0.028457046	1.7483561	1.1906608	-1.3164647	0.004003736	7830.24209523201
382	0.5906179	0.0	0.5906179	0.5906179	25.0	9550	1.3122276	0.0254762	1.5661601	1.2030656	-1.3197513	0.0038154912	7849.771012306213
383	0.18730095	0.0	0.18730095	0.18730095	25.0	9575	1.3089054	0.022385322	1.5795697	1.2144438	-1.3188382	0.0034242615	7869.326984643936
384	0.79980916	0.0	0.79980916	0.79980916	25.0	9600	1.3141876	0.029017022	1.686606	1.2469035	-1.3222437	0.004374246	7888.71941947937
385	0.5612626	0.0	0.5612626	0.5612626	25.0	9625	1.3133516	0.03719085	1.7073483	1.2203604	-1.3224033	0.00451327	7908.133748292923
386	0.13618489	0.0	0.13618489	0.13618489	25.0	9650	1.3153026	0.027481461	1.6170866	1.2086514	-1.3287846	0.0050693117	7927.532150745392
387	0.24433176	0.0	0.24433176	0.24433176	25.0	9675	1.3181224	0.030843517	1.7342056	1.2409314	-1.3259125	0.0045132665	7947.157235622406
388	0.24804707	0.0	0.24804707	0.24804707	25.0	9700	1.3154962	0.024333213	1.5190091	1.2442769	-1.3251344	0.0034492442	7966.85000371933
389	0.17341782	0.0	0.17341782	0.17341782	25.0	9725	1.3182232	0.025718478	1.6801157	1.2094002	-1.3278396	0.0041757734	7986.455942630768
390	0.16011968	0.0	0.16011968	0.16011968	25.0	9750	1.3169905	0.020870136	1.4794745	1.2067516	-1.3274685	0.0034293877	8008.12203669548
391	0.7057187	0.0	0.7057187	0.7057187	25.0	9775	1.3183032	0.025687264	1.6182133	1.2370412	-1.3276211	0.0042782123	8027.887060403824
392	0.24994487	0.0	0.24994487	0.24994487	25.0	9800	1.3206544	0.0337704	1.9658178	1.0248175	-1.3298074	0.0035703576	8047.457411527634
393	0.7481252	0.0	0.7481252	0.7481252	25.0	9825	1.3215467	0.02875721	1.7142166	1.2209328	-1.3301058	0.004164679	8067.181579589844
394	1.4629766	0.0	1.4629766	1.4629766	25.0	9850	1.3222351	0.028818479	1.8356721	1.1646413	-1.3322308	0.004051607	8086.8273413181305
395	0.99201405	0.0	0.99201405	0.99201405	25.0	9875	1.3236352	0.02755843	1.6674109	1.2405155	-1.3332303	0.004004608	8106.305747270584
396	0.38099506	0.0	0.38099506	0.38099506	25.0	9900	1.3243418	0.024182199	1.6430409	1.1892892	-1.3333586	0.00391337	8125.812031984329
397	0.6815405	0.0	0.6815405	0.6815405	25.0	9925	1.3239897	0.026517265	1.7986126	1.2515938	-1.3337505	0.0035757094	8145.360610485077
398	0.6794935	0.0	0.6794935	0.6794935	25.0	9950	1.3319488	0.026445946	1.631587	1.2270818	-1.3454605	0.0046161693	8164.917436599731
399	0.06864651	0.0	0.06864651	0.06864651	25.0	9975	1.3333603	0.03147495	1.7864335	1.2695098	-1.3402915	0.0046580867	8184.604197502136
400	0.0	0.0	0.0	0.0	25.0	10000	1.3331107	0.028341064	1.6842223	1.2398428	-1.3446078	0.0048927204	8206.682925462723
401	0.18038191	0.0	0.18038191	0.18038191	25.0	10025	1.329549	0.023887876	1.6290606	1.2692041	-1.3393718	0.0030328396	8226.783418178558
402	0.41604537	0.0	0.41604537	0.41604537	25.0	10050	1.3354999	0.027654022	1.6537243	1.0239273	-1.3448203	0.0035843635	8246.757158279419
403	0.35580614	0.0	0.35580614	0.35580614	25.0	10075	1.3359648	0.029330194	1.5701284	1.233582	-1.3438319	0.0048657767	8266.737421751022
404	0.1732678	0.0	0.1732678	0.1732678	25.0	10100	1.3355807	0.028706316	1.883504	1.2295085	-1.3452263	0.0040474446	8286.362253189087
405	0.23983932	0.0	0.23983932	0.23983932	25.0	10125	1.3395458	0.02836607	1.6464489	1.2597929	-1.3472772	0.0043156478	8305.964425086975
406	0.8994264	0.0	0.8994264	0.8994264	25.0	10150	1.3355678	0.032221764	1.8786563	1.2260513	-1.3438736	0.004056179	8325.5388610363
407	0.0	0.0	0.0	0.0	25.0	10175	1.3422241	0.032457754	1.5738602	0.9609658	-1.3552313	0.0053479928	8345.144410610199
408	0.9608693	0.0	0.9608693	0.9608693	25.0	10200	1.3413755	0.029864209	1.851381	1.2772449	-1.3473817	0.0044629206	8364.764521598816
409	0.7176302	0.0	0.7176302	0.7176302	25.0	10225	1.3425314	0.027821058	1.6468006	1.2580597	-1.3509784	0.004081897	8384.428428649902
410	0.49870124	0.0	0.49870124	0.49870124	25.0	10250	1.3402908	0.027675522	1.6468402	1.2696568	-1.3497185	0.003982552	8406.40675520897
411	0.096592695	0.0	0.096592695	0.096592695	25.0	10275	1.3432891	0.029108021	1.6746877	1.2620916	-1.3502421	0.0031757457	8426.110277891159
412	0.67013085	0.0	0.67013085	0.67013085	25.0	10300	1.3409594	0.02243703	1.6633579	1.2450836	-1.3499752	0.0033379807	8445.702856063843
413	0.043245558	0.0	0.043245558	0.043245558	25.0	10325	1.3475262	0.025457243	1.6881311	1.2641196	-1.3576971	0.0046888874	8465.176394462585
414	0.26732635	0.0	0.26732635	0.26732635	25.0	10350	1.3506519	0.031516984	1.7403307	1.2639349	-1.3575484	0.0049591274	8484.706001996994
415	0.013214347	0.0	0.013214347	0.013214347	25.0	10375	1.3492715	0.030777916	1.7335232	1.2629536	-1.3585238	0.004332383	8504.277881145477
416	0.2707625	0.0	0.2707625	0.2707625	25.0	10400	1.3460727	0.023359993	1.6340296	1.2883888	-1.3540655	0.0032666973	8523.848200798035
417	0.25866264	0.0	0.25866264	0.25866264	25.0	10425	1.3496853	0.027831007	1.69699	1.2856044	-1.3584512	0.0041681645	8543.57550573349
418	0.41992816	0.0	0.41992816	0.41992816	25.0	10450	1.3543234	0.03021444	1.6325506	1.2550594	-1.3631296	0.0048401654	8563.2112262249
419	0.34497684	0.0	0.34497684	0.34497684	25.0	10475	1.350579	0.026585868	1.6389766	1.2730335	-1.3600338	0.0042173006	8582.781756401062
420	0.0	0.0	0.0	0.0	25.0	10500	1.3612812	0.027676212	1.7035668	1.2607144	-1.3702574	0.0049588406	8604.752997636795
421	0.53007716	0.0	0.53007716	0.53007716	25.0	10525	1.3554175	0.02699847	1.5704961	1.2646503	-1.3623145	0.0044468404	8624.409873008728
422	0.32443556	0.0	0.32443556	0.32443556	25.0	10550	1.3561877	0.02810343	1.644538	1.2402904	-1.3678713	0.004101532	8644.082315444946
423	0.44158804	0.0	0.44158804	0.44158804	25.0	10575	1.3587584	0.030335305	1.8829247	1.2785901	-1.3663272	0.004270312	8663.894194364548
424	0.0	0.0	0.0	0.0	25.0	10600	1.3578827	0.031852342	1.8255178	1.2926856	-1.367086	0.003968104	8683.712164402008
425	0.629799	0.0	0.629799	0.629799	25.0	10625	1.3631318	0.03159902	1.6440996	1.2729152	-1.3744696	0.005503891	8703.392127752304
426	0.0	0.0	0.0	0.0	25.0	10650	1.3625572	0.026855798	1.6042783	1.2712262	-1.3731277	0.0050026304	8723.058616876602
427	0.28964454	0.0	0.28964454	0.28964454	25.0	10675	1.3631868	0.027695173	1.690167	1.3002796	-1.3724571	0.0037904202	8742.690910577774
428	0.16259748	0.0	0.16259748	0.16259748	25.0	10700	1.3654797	0.0273516	1.7470977	1.2740157	-1.377623	0.00417832	8762.432272911072
429	0.5104352	0.0	0.5104352	0.5104352	25.0	10725	1.3691003	0.027348986	1.7170317	1.2901928	-1.3753277	0.0049804114	8782.42943239212
430	0.6401872	0.0	0.6401872	0.6401872	25.0	10750	1.367892	0.027658537	1.638115	1.283168	-1.3768533	0.004488009	8805.011188983917
431	0.0	0.0	0.0	0.0	25.0	10775	1.3686389	0.028789952	1.795373	1.2990543	-1.3785328	0.0047171656	8824.965610980988
432	0.6131389	0.0	0.6131389	0.6131389	25.0	10800	1.3735046	0.031723298	1.8225272	1.2931317	-1.3856835	0.0050712717	8844.736984729767
433	1.0109721	0.0	1.0109721	1.0109721	25.0	10825	1.3750554	0.032054633	1.6840822	1.2947106	-1.3851035	0.0047538886	8864.411016702652
434	0.6692775	0.0	0.6692775	0.6692775	25.0	10850	1.3698661	0.026991313	1.707888	1.2844284	-1.3783078	0.0032608851	8884.129167795181
435	0.0043249233	0.0	0.0043249233	0.0043249233	25.0	10875	1.3744454	0.03033678	1.8099235	1.2973719	-1.3857656	0.004231964	8903.919145822525
436	0.1283431	0.0	0.1283431	0.1283431	25.0	10900	1.3736132	0.03178331	1.7650214	1.2754121	-1.3851943	0.0044744457	8923.768396615982
437	0.07783444	0.0	0.07783444	0.07783444	25.0	10925	1.3773135	0.029774431	1.6735892	1.3111448	-1.386862	0.004207331	8943.589043140411
438	0.9579517	0.0	0.9579517	0.9579517	25.0	10950	1.3799539	0.026956014	1.6442031	1.3179015	-1.3867471	0.004253479	8963.803489208221
439	0.4599917	0.0	0.4599917	0.4599917	25.0	10975	1.3775443	0.024151884	1.7462218	1.2877746	-1.3888168	0.0040501123	8983.456351995468
440	1.5119194	0.0	1.5119194	1.5119194	25.0	11000	1.3819772	0.028787812	1.9164497	1.3037727	-1.3886026	0.004396068	9005.869302272797
441	0.6500984	0.0	0.6500984	0.6500984	25.0	11025	1.3779045	0.024434444	1.7429763	1.3015918	-1.3838375	0.0034160998	9025.49206995964
442	0.3804598	0.0	0.3804598	0.3804598	25.0	11050	1.3792942	0.024356939	1.5899591	1.3024404	-1.3863933	0.0046335906	9045.071051597595
443	0.52453816	0.0	0.52453816	0.52453816	25.0	11075	1.3869872	0.030993272	1.78064	1.309303	-1.3942671	0.005051692	9064.674554109573
444	0.06371669	0.0	0.06371669	0.06371669	25.0	11100	1.3826648	0.03169237	1.805934	1.3122478	-1.3866034	0.003651699	9084.183057546616
445	0.0299982	0.0	0.0299982	0.0299982	25.0	11125	1.383656	0.028537696	1.6307625	1.29423	-1.3887079	0.0042497795	9103.949304580688
446	0.33926246	0.0	0.33926246	0.33926246	25.0	11150	1.381254	0.026670953	1.7867626	1.3069763	-1.3909237	0.003996498	9123.552300930023
447	0.7021269	0.0	0.7021269	0.7021269	25.0	11175	1.3843677	0.026594974	1.579281	1.3129234	-1.3923259	0.0043054665	9143.025668144226
448	1.4866971	0.0	1.4866971	1.4866971	25.0	11200	1.3866704	0.028827796	1.8240149	1.3206435	-1.3942703	0.004263712	9162.461395978928
449	0.037709225	0.0	0.037709225	0.037709225	25.0	11225	1.38609	0.02888649	1.7996936	1.3353484	-1.3937608	0.0041263737	9182.005552053452
450	0.40647954	0.0	0.40647954	0.40647954	25.0	11250	1.390026	0.02630155	1.6031061	1.3228978	-1.3990145	0.005070339	9204.038979530334
451	0.5019972	0.0	0.5019972	0.5019972	25.0	11275	1.389001	0.031697836	1.8064858	1.3215455	-1.3959569	0.003629291	9223.780446529388
452	0.077189155	0.0	0.077189155	0.077189155	25.0	11300	1.3818405	0.024609964	1.6127923	1.3212782	-1.3890777	0.003584614	9243.426053762436
453	0.4016178	0.0	0.4016178	0.4016178	25.0	11325	1.3904513	0.03229134	1.6768209	1.2783028	-1.3981681	0.004135307	9263.086187839508
454	1.4474227	0.0	1.4474227	1.4474227	25.0	11350	1.3907645	0.027045017	1.744555	1.3087959	-1.3959907	0.0042865905	9282.611340522766
455	0.14586793	0.0	0.14586793	0.14586793	25.0	11375	1.3895209	0.036123533	1.8212116	1.301516	-1.400195	0.0041053644	9302.128602266312
456	0.45885375	0.0	0.45885375	0.45885375	25.0	11400	1.3927387	0.024330055	1.6395755	1.2943028	-1.4023154	0.0046835616	9321.648131847382
457	0.20973293	0.0	0.20973293	0.20973293	25.0	11425	1.3940486	0.029910771	1.7694477	1.2428787	-1.4036696	0.004467711	9341.153059720993
458	0.22718054	0.0	0.22718054	0.22718054	25.0	11450	1.3930523	0.025003718	1.6941671	1.3263603	-1.4031972	0.004410379	9360.786123991013
459	0.031066567	0.0	0.031066567	0.031066567	25.0	11475	1.395946	0.028109761	1.6446458	1.299803	-1.404262	0.004952206	9380.620338916779
460	0.31944036	0.0	0.31944036	0.31944036	25.0	11500	1.3954846	0.025555108	1.6501148	1.3002659	-1.404025	0.0055260784	9403.207058668137
461	0.59627146	0.0	0.59627146	0.59627146	25.0	11525	1.3962065	0.029474173	1.6705915	1.3313687	-1.4046674	0.0039179805	9423.18765926361
462	0.75025886	0.0	0.75025886	0.75025886	25.0	11550	1.3964942	0.026175397	1.6802269	1.2925115	-1.4053102	0.003907363	9443.54299736023
463	0.15861721	0.0	0.15861721	0.15861721	25.0	11575	1.4003112	0.027352551	1.804081	1.316352	-1.4070548	0.0044162204	9467.682708978653
464	0.31275716	0.0	0.31275716	0.31275716	25.0	11600	1.3999268	0.029841483	1.8477029	1.3380938	-1.4044948	0.0038503527	9489.554925441742
465	0.027169278	0.0	0.027169278	0.027169278	25.0	11625	1.4027101	0.03008623	1.7539029	1.288708	-1.4096559	0.004730204	9512.015584945679
466	0.5263876	0.0	0.5263876	0.5263876	25.0	11650	1.405795	0.02898555	1.6872566	1.3214089	-1.4128073	0.0045814943	9533.672788143158
467	0.99535275	0.0	0.99535275	0.99535275	25.0	11675	1.4021884	0.028087636	1.6051795	1.3222791	-1.4077023	0.003295623	9555.043533563614
468	0.2601382	0.0	0.2601382	0.2601382	25.0	11700	1.4080634	0.02573096	1.7963196	1.3353375	-1.4160594	0.005286576	9576.778607606888
469	0.28888205	0.0	0.28888205	0.28888205	25.0	11725	1.4059536	0.023098134	1.5410007	1.3195832	-1.415414	0.00429357	9597.953201293945
470	0.29957086	0.0	0.29957086	0.29957086	25.0	11750	1.4100386	0.02517361	1.66931	1.352417	-1.416213	0.004841506	9622.630727052689
471	0.00043392452	0.0	0.00043392452	0.00043392452	25.0	11775	1.4114996	0.027927244	1.7237471	1.3246095	-1.4182988	0.005005605	9644.768168926239
472	0.08513617	0.0	0.08513617	0.08513617	25.0	11800	1.4082382	0.02655104	1.6584506	1.3050548	-1.4172332	0.003513172	9667.213365077972
473	0.34122312	0.0	0.34122312	0.34122312	25.0	11825	1.409263	0.02158658	1.5560895	1.3286608	-1.4187318	0.003959651	9688.791398763657
474	0.75957817	0.0	0.75957817	0.75957817	25.0	11850	1.4124304	0.024617823	1.6210947	1.3441391	-1.4197192	0.0043562786	9710.33174943924
475	0.30578187	0.0	0.30578187	0.30578187	25.0	11875	1.4113758	0.029090675	1.8525745	1.2839034	-1.4197817	0.004709467	9731.25219631195
476	0.38798016	0.0	0.38798016	0.38798016	25.0	11900	1.414335	0.030082937	1.7008698	1.3248501	-1.4218332	0.004118279	9752.21109366417
477	0.11590536	0.0	0.11590536	0.11590536	25.0	11925	1.4139087	0.025981892	1.6120107	1.265849	-1.4190552	0.0040749493	9772.531546592712
478	0.122697435	0.0	0.122697435	0.122697435	25.0	11950	1.4145648	0.025108991	1.752526	1.3400394	-1.422419	0.0035014816	9793.47805428505
479	0.21248278	0.0	0.21248278	0.21248278	25.0	11975	1.4139714	0.02511365	1.633255	1.3433517	-1.420425	0.0035690763	9814.25055718422
480	0.36245075	0.0	0.36245075	0.36245075	25.0	12000	1.4138021	0.02400041	1.6735456	1.3257829	-1.4220406	0.003922735	9837.942778110504
481	0.0	0.0	0.0	0.0	25.0	12025	1.4170059	0.025826681	1.7199762	1.3275559	-1.424525	0.00474514	9858.80559873581
482	0.06406978	0.0	0.06406978	0.06406978	25.0	12050	1.4209146	0.02348719	1.6960592	1.3468279	-1.4306148	0.004854892	9879.623880624771
483	0.25068796	0.0	0.25068796	0.25068796	25.0	12075	1.425107	0.031524446	1.6589282	1.3260816	-1.4300624	0.0055137575	9900.446541547775
484	0.289477	0.0	0.289477	0.289477	25.0	12100	1.4194365	0.02912035	1.5735291	1.3399559	-1.4269633	0.004274867	9921.203563451767
485	0.14220732	0.0	0.14220732	0.14220732	25.0	12125	1.4204654	0.022844294	1.6700295	1.3499656	-1.4316924	0.0038393037	9942.018335342407
486	0.72841305	0.0	0.72841305	0.72841305	25.0	12150	1.4244514	0.030253122	1.8487349	1.3576844	-1.4319435	0.0043050987	9962.900916337967
487	0.44711086	0.0	0.44711086	0.44711086	25.0	12175	1.42939	0.025552114	1.6793535	1.3369286	-1.4371234	0.0047791675	9984.4316842556
488	0.32821655	0.0	0.32821655	0.32821655	25.0	12200	1.4265924	0.02694421	1.8177192	1.2808889	-1.434179	0.0039250324	10005.209407806396
489	0.32929114	0.0	0.32929114	0.32929114	25.0	12225	1.4281125	0.02247787	1.6943687	1.3495363	-1.4364759	0.004107161	10026.086391687393
490	0.14687225	0.0	0.14687225	0.14687225	25.0	12250	1.4298835	0.026436964	1.7817284	1.3555477	-1.4372336	0.004009909	10050.409281253815
491	0.0	0.0	0.0	0.0	25.0	12275	1.4305768	0.025773872	1.6296409	1.3460552	-1.4344319	0.004162972	10071.42831492424
492	0.0070037274	0.0	0.0070037274	0.0070037274	25.0	12300	1.4281044	0.028165555	1.9059865	1.3599819	-1.4342942	0.0040013758	10091.944144964218
493	0.1820799	0.0	0.1820799	0.1820799	25.0	12325	1.4290317	0.023686023	1.6536855	1.3661869	-1.4361383	0.0041984124	10113.63077545166
494	0.6000977	0.0	0.6000977	0.6000977	25.0	12350	1.4305536	0.025344785	1.8019942	1.367115	-1.4377292	0.0040219584	10134.435261011124
495	0.17717232	0.0	0.17717232	0.17717232	25.0	12375	1.4283001	0.025779074	1.7080593	1.3610473	-1.431623	0.0035186552	10155.278551101685
496	0.09380433	0.0	0.09380433	0.09380433	25.0	12400	1.4312903	0.02694947	1.91138	1.3651727	-1.4374043	0.0043650744	10176.166016340256
497	0.6892132	0.0	0.6892132	0.6892132	25.0	12425	1.4305284	0.026915172	1.7893219	1.3652251	-1.4373447	0.003979416	10196.960432767868
498	1.4614497	0.0	1.4614497	1.4614497	25.0	12450	1.4326135	0.024513427	1.6831192	1.366579	-1.4402649	0.0047362563	10217.821037769318
499	0.054373823	0.0	0.054373823	0.054373823	25.0	12475	1.429475	0.029069422	1.8461515	1.3464396	-1.4348006	0.003209608	10238.681370973587
500	0.15949768	0.0	0.15949768	0.15949768	25.0	12500	1.4347577	0.028239165	1.878649	1.3735443	-1.4430715	0.0044326694	10262.58879327774
501	0.063717	0.0	0.063717	0.063717	25.0	12525	1.4315702	0.02592012	1.6777276	1.362175	-1.4396361	0.0036527007	10283.81933426857
502	0.2063831	0.0	0.2063831	0.2063831	25.0	12550	1.4355774	0.027311942	1.9048983	1.3462812	-1.4405693	0.004274151	10304.587134122849
503	0.0	0.0	0.0	0.0	25.0	12575	1.4350473	0.020082178	1.6139433	1.3834538	-1.439603	0.0044121384	10325.335716247559
504	0.59637994	0.0	0.59637994	0.59637994	25.0	12600	1.4330795	0.022080367	1.6658887	1.3610893	-1.4401032	0.0035717564	10346.464188337326
505	0.437358	0.0	0.437358	0.437358	25.0	12625	1.4373496	0.028705183	1.9341832	1.3649447	-1.442669	0.0042472924	10367.392211914062
506	0.49016735	0.0	0.49016735	0.49016735	25.0	12650	1.4362291	0.02309691	1.614389	1.3524882	-1.4438862	0.004594915	10388.195168495178
507	0.4168157	0.0	0.4168157	0.4168157	25.0	12675	1.4402612	0.025014173	1.743242	1.3559006	-1.4468526	0.004185601	10408.850568532944
508	0.44037977	0.0	0.44037977	0.44037977	25.0	12700	1.4378848	0.025276806	1.7041657	1.348213	-1.4442184	0.0041319886	10429.74184679985
509	0.5287742	0.0	0.5287742	0.5287742	25.0	12725	1.4377652	0.024184635	1.7200155	1.3383673	-1.4414135	0.0036987064	10450.675376176834
510	0.35795188	0.0	0.35795188	0.35795188	25.0	12750	1.4371878	0.032729667	1.903671	1.3412671	-1.4401453	0.0040664147	10474.670926570892
511	0.10068917	0.0	0.10068917	0.10068917	25.0	12775	1.4395922	0.023184912	1.7522103	1.3709385	-1.4449676	0.0037169007	10495.684526920319
512	0.24364121	0.0	0.24364121	0.24364121	25.0	12800	1.4381824	0.023230528	1.7653096	1.3208965	-1.445189	0.004062871	10516.522768259048
513	0.0	0.0	0.0	0.0	25.0	12825	1.4393888	0.026530009	1.7386632	1.3823593	-1.4449382	0.004046612	10537.3157351017
514	0.0	0.0	0.0	0.0	25.0	12850	1.4388653	0.029084513	1.7683504	1.3315017	-1.4452702	0.0044065206	10558.305410146713
515	0.7474794	0.0	0.7474794	0.7474794	25.0	12875	1.4436743	0.026538013	1.8104192	1.3477075	-1.4505603	0.004240258	10579.251080036163
516	0.33180937	0.0	0.33180937	0.33180937	25.0	12900	1.4378021	0.027233362	1.7535081	1.3511006	-1.4413018	0.0034954282	10599.989355325699
517	0.029684775	0.0	0.029684775	0.029684775	25.0	12925	1.4408484	0.03066439	1.9136846	1.3324147	-1.4476596	0.0039693224	10620.801240205765
518	0.5385208	0.0	0.5385208	0.5385208	25.0	12950	1.440683	0.029247455	1.8650686	1.3603475	-1.4457546	0.0035070402	10641.54358625412
519	0.0	0.0	0.0	0.0	25.0	12975	1.4436982	0.025699109	1.7070587	1.3740057	-1.4485333	0.0047089187	10662.234554052353
520	0.6580491	0.0	0.6580491	0.6580491	25.0	13000	1.4413562	0.02493034	1.6811554	1.3735847	-1.446217	0.004412103	10686.057838439941
521	0.23146856	0.0	0.23146856	0.23146856	25.0	13025	1.4436429	0.027908811	1.8417366	1.3359411	-1.4517139	0.004352373	10706.478863239288
522	0.40475714	0.0	0.40475714	0.40475714	25.0	13050	1.441965	0.023471951	1.6222426	1.3689758	-1.4462204	0.0039878236	10727.235017061234
523	0.45337367	0.0	0.45337367	0.45337367	25.0	13075	1.4424036	0.025347197	1.8447617	1.3709171	-1.448009	0.0043117013	10747.998756170273
524	0.59101546	0.0	0.59101546	0.59101546	25.0	13100	1.4441285	0.026464825	1.6774719	1.3518273	-1.4488313	0.004317396	10768.998486280441
525	0.0	0.0	0.0	0.0	25.0	13125	1.4482349	0.028697357	1.8952094	1.386381	-1.4542079	0.0045764134	10789.833075284958
526	0.314727	0.0	0.314727	0.314727	25.0	13150	1.44875	0.027131276	1.8073276	1.3423644	-1.4524782	0.0052013975	10810.680619239807
527	0.45053795	0.0	0.45053795	0.45053795	25.0	13175	1.4473376	0.02854713	1.7674531	1.3482876	-1.4531684	0.0041761827	10831.586835384369
528	0.75573236	0.0	0.75573236	0.75573236	25.0	13200	1.4447532	0.025578715	1.9232191	1.345027	-1.4514056	0.0034663738	10852.457777023315
529	0.4368464	0.0	0.4368464	0.4368464	25.0	13225	1.4483757	0.02822455	1.8909739	1.3746539	-1.4525766	0.004785234	10873.250386238098
530	0.29662594	0.0	0.29662594	0.29662594	25.0	13250	1.4478079	0.027184784	1.6705348	1.3758045	-1.4536508	0.004353584	10897.18650341034
531	0.22881462	0.0	0.22881462	0.22881462	25.0	13275	1.4500623	0.030034665	1.7545419	1.3873177	-1.4537662	0.0043150955	10918.05739402771
532	0.12403219	0.0	0.12403219	0.12403219	25.0	13300	1.4528131	0.028255807	1.7510498	1.3725654	-1.4587902	0.0049735312	10938.776522874832
533	0.20407163	0.0	0.20407163	0.20407163	25.0	13325	1.4501877	0.027872033	1.7489249	1.3522183	-1.4570018	0.0039971373	10959.56774687767
534	0.096251495	0.0	0.096251495	0.096251495	25.0	13350	1.4534549	0.02908906	1.7708727	1.3842934	-1.4590956	0.004805185	10980.460335493088
535	1.2775636	0.0	1.2775636	1.2775636	25.0	13375	1.4504629	0.029144386	1.8657421	1.314282	-1.4554077	0.0042241113	11001.184344530106
536	0.32203236	0.0	0.32203236	0.32203236	25.0	13400	1.4525434	0.026682861	1.6772987	1.3720803	-1.4582291	0.0045996234	11021.54766869545
537	0.3411216	0.0	0.3411216	0.3411216	25.0	13425	1.4540808	0.031293944	1.7318025	1.3505377	-1.4581891	0.004066402	11042.28320646286
538	0.49912894	0.0	0.49912894	0.49912894	25.0	13450	1.4531616	0.030560814	1.9688245	1.3905343	-1.4584475	0.00514879	11063.039548158646
539	0.43221366	0.0	0.43221366	0.43221366	25.0	13475	1.4530399	0.029929364	1.8367125	1.3733498	-1.4549006	0.0047884407	11083.863119602203
540	0.0	0.0	0.0	0.0	25.0	13500	1.4538643	0.030210128	1.8203726	1.3733907	-1.4594092	0.0045745517	11107.845366954803
541	0.04265862	0.0	0.04265862	0.04265862	25.0	13525	1.4547404	0.032942846	1.9305742	1.3320508	-1.4576297	0.0044453377	11128.898592472076
542	0.5681308	0.0	0.5681308	0.5681308	25.0	13550	1.455923	0.029914647	1.7583654	1.3635969	-1.4630518	0.0053079766	11149.724145412445
543	0.76378727	0.0	0.76378727	0.76378727	25.0	13575	1.4529331	0.022779258	1.6108997	1.3695962	-1.4594464	0.004680568	11170.491851091385
544	0.23097129	0.0	0.23097129	0.23097129	25.0	13600	1.4608077	0.03372675	1.7347306	1.3931746	-1.4654759	0.005844265	11191.450492858887
545	0.37212375	0.0	0.37212375	0.37212375	25.0	13625	1.4532634	0.027550954	1.7508333	1.3538924	-1.4550165	0.0036877713	11212.267164945602
546	0.11267042	0.0	0.11267042	0.11267042	25.0	13650	1.4591249	0.030720323	1.9430864	1.3733819	-1.4639958	0.0051106676	11232.956539869308
547	1.2168014	0.0	1.2168014	1.2168014	25.0	13675	1.4567811	0.032511882	2.0604239	1.2949758	-1.4616699	0.0041530905	11253.770785093307
548	0.17984349	0.0	0.17984349	0.17984349	25.0	13700	1.458882	0.026770787	1.7609842	1.3764544	-1.4668187	0.004921856	11274.467031240463
549	1.7102486	0.0	1.7102486	1.7102486	25.0	13725	1.4637412	0.032287534	1.8263679	1.4061537	-1.4681379	0.0062754084	11295.218794584274
550	0.5295619	0.0	0.5295619	0.5295619	25.0	13750	1.455918	0.029435981	1.8921711	1.3795617	-1.4607829	0.0035937182	11319.399146080017
551	0.06690749	0.0	0.06690749	0.06690749	25.0	13775	1.4584589	0.028891293	1.9196198	1.3953059	-1.4628673	0.0032200846	11339.871762037277
552	0.6609459	0.0	0.6609459	0.6609459	25.0	13800	1.4592973	0.026963336	1.781837	1.3862253	-1.4641248	0.0042765383	11360.575367212296
553	0.25577638	0.0	0.25577638	0.25577638	25.0	13825	1.4580243	0.02545862	1.767167	1.3702778	-1.4628371	0.0039207577	11381.385189294815
554	0.42761827	0.0	0.42761827	0.42761827	25.0	13850	1.4620842	0.030856613	1.7098992	1.3924282	-1.4680327	0.0056488067	11402.180613040924
555	0.19300853	0.0	0.19300853	0.19300853	25.0	13875	1.4643729	0.026457703	1.7534757	1.3651386	-1.4720044	0.0051904432	11422.863164663315
556	0.48522258	0.0	0.48522258	0.48522258	25.0	13900	1.4631255	0.02636516	1.7507851	1.3695672	-1.4695991	0.0046125827	11443.684696674347
557	0.21059987	0.0	0.21059987	0.21059987	25.0	13925	1.4631556	0.033793647	1.862097	1.3525785	-1.4666318	0.004821338	11464.422590017319
558	0.9233198	0.0	0.9233198	0.9233198	25.0	13950	1.4615811	0.033194676	1.7828066	1.3654295	-1.4662167	0.0041351174	11485.200181484222
559	0.11192551	0.0	0.11192551	0.11192551	25.0	13975	1.4672439	0.02881449	1.6942407	1.3924568	-1.4725381	0.005532181	11505.97577214241
560	0.22952905	0.0	0.22952905	0.22952905	25.0	14000	1.4615511	0.028668405	1.7151626	1.3929757	-1.4655852	0.0039412663	11529.933262348175
561	0.3249782	0.0	0.3249782	0.3249782	25.0	14025	1.462387	0.030140724	1.9571987	1.3513027	-1.4663925	0.0042011077	11550.872863292694
562	0.06694059	0.0	0.06694059	0.06694059	25.0	14050	1.4609522	0.032846168	1.8891351	1.3507409	-1.4661071	0.0039135106	11571.646009683609
563	0.07482218	0.0	0.07482218	0.07482218	25.0	14075	1.4689801	0.027782252	1.8633231	1.3464036	-1.4733632	0.005846388	11592.393646478653
564	0.8683752	0.0	0.8683752	0.8683752	25.0	14100	1.4636321	0.02826014	1.7670585	1.407354	-1.4677887	0.004532476	11613.258386611938
565	0.21916868	0.0	0.21916868	0.21916868	25.0	14125	1.4649575	0.029448463	1.960655	1.3605788	-1.4708133	0.0044295904	11633.988549947739
566	0.23606129	0.0	0.23606129	0.23606129	25.0	14150	1.4631839	0.030233074	1.9124334	1.3876725	-1.4673119	0.004184841	11653.619621515274
567	0.43264684	0.0	0.43264684	0.43264684	25.0	14175	1.4668329	0.026952202	1.7483394	1.2670532	-1.4738826	0.0042106323	11672.800048828125
568	0.4176871	0.0	0.4176871	0.4176871	25.0	14200	1.4641005	0.02610493	1.66556	1.4004426	-1.4699359	0.0037913846	11691.92573428154
569	1.0481552	0.0	1.0481552	1.0481552	25.0	14225	1.4696559	0.028878886	1.781122	1.3482095	-1.4754628	0.005204314	11711.103473424911
570	0.60831773	0.0	0.60831773	0.60831773	25.0	14250	1.4659085	0.031169029	1.8329318	1.3886087	-1.4700592	0.0049471813	11733.469613552094
571	0.40826285	0.0	0.40826285	0.40826285	25.0	14275	1.4739746	0.038495425	1.9495853	1.2491374	-1.4771913	0.0065458594	11752.903167247772
572	0.0	0.0	0.0	0.0	25.0	14300	1.4697201	0.030064628	1.707951	1.3923666	-1.4754577	0.0059701824	11772.173214912415
573	0.43802184	0.0	0.43802184	0.43802184	25.0	14325	1.4685234	0.032718685	1.9524289	1.3737643	-1.4739641	0.0046953373	11791.563000917435
574	0.5147248	0.0	0.5147248	0.5147248	25.0	14350	1.4736567	0.028741153	1.7672956	1.3905172	-1.4785798	0.0055463444	11810.8418135643
575	1.0267936	0.0	1.0267936	1.0267936	25.0	14375	1.4677533	0.030967824	1.9525831	1.371046	-1.471794	0.0035891547	11830.293219327927
576	0.15022613	0.0	0.15022613	0.15022613	25.0	14400	1.4694142	0.024021154	1.7235491	1.4086345	-1.4750599	0.004790942	11849.905836105347
577	0.02223408	0.0	0.02223408	0.02223408	25.0	14425	1.4663357	0.026771866	1.8942535	1.4095135	-1.4736986	0.0034747904	11869.408208370209
578	0.072377436	0.0	0.072377436	0.072377436	25.0	14450	1.4729512	0.025363773	1.7009135	1.3882812	-1.4794405	0.004798892	11888.894418478012
579	0.41143563	0.0	0.41143563	0.41143563	25.0	14475	1.4728439	0.027557464	1.7490278	1.4014312	-1.4797091	0.005065747	11908.740386724472
580	0.20518202	0.0	0.20518202	0.20518202	25.0	14500	1.4742289	0.03181031	1.7515968	1.4019845	-1.4759991	0.005185074	11931.514520645142
581	0.25694984	0.0	0.25694984	0.25694984	25.0	14525	1.4733926	0.029249271	1.7001449	1.3946705	-1.4784187	0.004861182	11951.292046308517
582	1.2226125	0.0	1.2226125	1.2226125	25.0	14550	1.4712765	0.024555067	1.6642731	1.3039801	-1.476835	0.004271634	11971.035408973694
583	0.15950431	0.0	0.15950431	0.15950431	25.0	14575	1.4740524	0.02458779	1.7115902	1.4181575	-1.4801913	0.0043909387	11990.798611879349
584	0.5249015	0.0	0.5249015	0.5249015	25.0	14600	1.475102	0.027841056	1.8372271	1.3885472	-1.4813522	0.004723906	12010.714625358582
585	0.272833	0.0	0.272833	0.272833	25.0	14625	1.4794557	0.036212154	2.0533857	1.3869278	-1.4836166	0.005285008	12030.82140660286
586	0.63203865	0.0	0.63203865	0.63203865	25.0	14650	1.4768338	0.034497	2.0437524	1.38144	-1.4810601	0.0047760652	12050.629851341248
587	0.4263934	0.0	0.4263934	0.4263934	25.0	14675	1.4760776	0.024057401	1.7184501	1.3942415	-1.480947	0.004622501	12070.361010313034
588	0.5236601	0.0	0.5236601	0.5236601	25.0	14700	1.479083	0.031944174	1.9610548	1.4144523	-1.4828755	0.0050307936	12089.938698291779
589	0.9736258	0.0	0.9736258	0.9736258	25.0	14725	1.4828131	0.030928735	1.8442469	1.409256	-1.4863005	0.005500915	12109.639991521835
590	0.0	0.0	0.0	0.0	25.0	14750	1.4775888	0.03324783	1.9105344	1.3857521	-1.4831016	0.0055359583	12132.63619685173
591	0.28875104	0.0	0.28875104	0.28875104	25.0	14775	1.4841577	0.035310514	1.91293	1.3772016	-1.4904861	0.0054958854	12152.578566789627
592	0.29427832	0.0	0.29427832	0.29427832	25.0	14800	1.4800028	0.02637157	1.7127671	1.4230754	-1.4857011	0.0046466473	12172.644804000854
593	0.072414465	0.0	0.072414465	0.072414465	25.0	14825	1.4824805	0.030239789	1.9335006	1.4068046	-1.4875981	0.004406317	12192.677551269531
594	0.31174308	0.0	0.31174308	0.31174308	25.0	14850	1.48186	0.03384312	1.9873053	1.4162719	-1.487231	0.0045864	12212.635730028152
595	0.09285101	0.0	0.09285101	0.09285101	25.0	14875	1.4825984	0.030768296	1.9590676	1.423561	-1.4851149	0.004026983	12232.438206911087
596	0.33554643	0.0	0.33554643	0.33554643	25.0	14900	1.4799392	0.031766772	1.9482275	1.4183027	-1.4821156	0.0044760406	12252.132402181625
597	0.32549328	0.0	0.32549328	0.32549328	25.0	14925	1.4817233	0.029059945	1.9343599	1.4160776	-1.4871281	0.004709642	12271.923268795013
598	0.0957281	0.0	0.0957281	0.0957281	25.0	14950	1.4797752	0.02788897	2.060842	1.4173255	-1.4829581	0.0040582158	12291.63085770607
599	0.25221148	0.0	0.25221148	0.25221148	25.0	14975	1.4835621	0.023467712	1.7963746	1.3979828	-1.4904664	0.0045236237	12311.621372461319
600	0.53424954	0.0	0.53424954	0.53424954	25.0	15000	1.4827136	0.026575623	1.7881538	1.4017602	-1.4854262	0.0039574443	12334.728820800781
601	0.61187476	0.0	0.61187476	0.61187476	25.0	15025	1.4849143	0.028667603	1.9112959	1.422115	-1.4907362	0.004380886	12354.464135169983
602	0.80002505	0.0	0.80002505	0.80002505	25.0	15050	1.484908	0.030498087	1.8918389	1.3686764	-1.4884595	0.00509042	12374.140035152435
603	0.4943192	0.0	0.4943192	0.4943192	25.0	15075	1.4882112	0.033142094	1.8281435	1.3789237	-1.4899852	0.006225577	12393.787796735764
604	0.18304376	0.0	0.18304376	0.18304376	25.0	15100	1.4838697	0.035685595	1.9327602	1.4093646	-1.4857019	0.004019611	12413.621787309647
605	0.2538976	0.0	0.2538976	0.2538976	25.0	15125	1.4846547	0.029806422	1.9434505	1.3931159	-1.4911598	0.0051621534	12433.379082918167
606	0.18559021	0.0	0.18559021	0.18559021	25.0	15150	1.4820906	0.03167154	1.7669842	1.3765707	-1.4836158	0.0037487308	12453.276754140854
607	0.29004923	0.0	0.29004923	0.29004923	25.0	15175	1.4852637	0.031129878	2.0851128	1.3994032	-1.4892405	0.00406541	12473.258621454239
608	0.6278447	0.0	0.6278447	0.6278447	25.0	15200	1.4834962	0.026784018	1.7991993	1.3812065	-1.4868445	0.004587184	12493.027891635895
609	0.9191318	0.0	0.9191318	0.9191318	25.0	15225	1.4862055	0.02959693	1.8293422	1.3956321	-1.4894909	0.0044511664	12512.728988170624
610	0.53408307	0.0	0.53408307	0.53408307	25.0	15250	1.4860535	0.02797181	1.9189024	1.4352678	-1.4913063	0.0045260014	12535.618333816528
611	0.4495868	0.0	0.4495868	0.4495868	25.0	15275	1.4869552	0.02832377	1.9035914	1.4171956	-1.4887631	0.004378709	12555.718518972397
612	0.49136794	0.0	0.49136794	0.49136794	25.0	15300	1.4941107	0.034471598	1.9212992	1.4091934	-1.4969052	0.006354937	12575.64570593834
613	0.45628768	0.0	0.45628768	0.45628768	25.0	15325	1.4869931	0.028760236	1.8796809	1.393674	-1.4924186	0.0046262266	12595.724722146988
614	0.61922365	0.0	0.61922365	0.61922365	25.0	15350	1.4912763	0.027836367	1.7483814	1.4049911	-1.4964484	0.0047298837	12615.629146575928
615	0.33642566	0.0	0.33642566	0.33642566	25.0	15375	1.487491	0.03145062	1.7542512	1.4235389	-1.4917711	0.004470468	12635.732871294022
616	0.11248734	0.0	0.11248734	0.11248734	25.0	15400	1.4875128	0.026717477	1.7179071	1.4241769	-1.4954009	0.0045587276	12655.473058700562
617	0.00258896	0.0	0.00258896	0.00258896	25.0	15425	1.4906443	0.025779525	1.697284	1.4191787	-1.4961301	0.004544357	12675.30786371231
618	0.28881916	0.0	0.28881916	0.28881916	25.0	15450	1.4918168	0.026211869	1.8248895	1.4259866	-1.4980296	0.004787536	12695.208020687103
619	1.26811	0.0	1.26811	1.26811	25.0	15475	1.4932858	0.03161968	1.8807241	1.4161941	-1.4952954	0.0038531453	12715.339401006699
620	0.20864192	0.0	0.20864192	0.20864192	25.0	15500	1.4935874	0.031935956	1.916262	1.4175515	-1.4987521	0.004873481	12738.032350063324
621	0.34408686	0.0	0.34408686	0.34408686	25.0	15525	1.4919754	0.030173268	1.9899673	1.4156457	-1.497029	0.004718281	12759.363284111023
622	0.5848255	0.0	0.5848255	0.5848255	25.0	15550	1.4926393	0.022000616	1.7262323	1.4212275	-1.4965149	0.0049363137	12779.600898742676
623	0.36652395	0.0	0.36652395	0.36652395	25.0	15575	1.4917833	0.025301227	1.8465418	1.4170393	-1.4948688	0.004161017	12799.57842206955
624	0.23165852	0.0	0.23165852	0.23165852	25.0	15600	1.4930203	0.030382097	1.908695	1.4173539	-1.4958758	0.004136655	12819.631560325623
625	0.54724276	0.0	0.54724276	0.54724276	25.0	15625	1.4943622	0.030148065	1.7179531	1.4288676	-1.4962689	0.0048251785	12839.492573022842
626	0.423903	0.0	0.423903	0.423903	25.0	15650	1.4957666	0.029478831	1.7364049	1.4229531	-1.50058	0.005634336	12859.491570949554
627	0.20736852	0.0	0.20736852	0.20736852	25.0	15675	1.49324	0.025911286	1.8075199	1.4344436	-1.4977757	0.004063273	12879.89290690422
