Epoch	AverageEpRet	StdEpRet	MaxEpRet	MinEpRet	EpLen	TotalEnvInteracts	AverageQVals	StdQVals	MaxQVals	MinQVals	LossPi	LossQ	Time
1	0.7136456	0.0	0.7136456	0.7136456	25.0	25	0.026300306	0.07593184	0.28552535	-0.3040346	-0.054878987	0.004054753	19.719982624053955
2	0.042392068	0.0	0.042392068	0.042392068	25.0	50	0.02337496	0.051804163	0.28767368	-0.10601544	-0.19387037	0.0011575072	38.124876499176025
3	0.3821213	0.0	0.3821213	0.3821213	25.0	75	0.04152277	0.050835215	0.25158346	-0.2523818	-0.4495343	0.0018590265	56.721251010894775
4	0.028542507	0.0	0.028542507	0.028542507	25.0	100	0.071934566	0.047111493	0.30780166	-0.120174125	-0.5110948	0.000843285	75.34710788726807
5	0.35756764	0.0	0.35756764	0.35756764	25.0	125	0.11348574	0.07861037	0.50094163	-0.063299164	-0.13416429	0.0049418393	94.21617245674133
6	1.889859	0.0	1.889859	1.889859	25.0	150	0.16570622	0.041974727	0.4026098	0.056585245	-0.22071677	0.002813993	112.76669716835022
7	0.62134486	0.0	0.62134486	0.62134486	25.0	175	0.20568234	0.03995187	0.4365526	0.12582105	-0.24825251	0.0023130511	131.19774770736694
8	1.6265663	0.0	1.6265663	1.6265663	25.0	200	0.23870203	0.03842329	0.47270536	0.1643157	-0.2799083	0.0028610914	149.70415878295898
9	3.5337806	0.0	3.5337806	3.5337806	25.0	225	0.27763146	0.043161653	0.51403165	0.18803337	-0.3437061	0.00682383	168.02470064163208
10	4.237051	0.0	4.237051	4.237051	25.0	250	0.32283974	0.059269823	0.55897224	0.2023015	-0.4576466	0.009125161	187.0945179462433
11	2.8083115	0.0	2.8083115	2.8083115	25.0	275	0.35765037	0.061044097	0.56687903	0.24194299	-0.46402097	0.012848964	205.67803621292114
12	0.72826093	0.0	0.72826093	0.72826093	25.0	300	0.3846155	0.06431959	0.63589025	0.24692953	-0.49236977	0.013616619	224.47030329704285
13	1.4116682	0.0	1.4116682	1.4116682	25.0	325	0.40698355	0.06578615	0.70182735	0.22376306	-0.4507833	0.011133866	243.19391632080078
14	0.9478593	0.0	0.9478593	0.9478593	25.0	350	0.4344922	0.06621081	0.7815796	0.28892064	-0.6243251	0.011414441	261.7005310058594
15	0.094004124	0.0	0.094004124	0.094004124	25.0	375	0.44803512	0.07303508	0.78791994	0.28233832	-0.54343694	0.010780504	280.0817415714264
16	0.40327898	0.0	0.40327898	0.40327898	25.0	400	0.4666901	0.06901248	0.8674401	0.29465613	-0.4545081	0.00987892	298.338782787323
17	0.7297328	0.0	0.7297328	0.7297328	25.0	425	0.4955727	0.0688376	0.8939355	0.34988952	-0.47705555	0.008137796	316.69109439849854
18	0.0	0.0	0.0	0.0	25.0	450	0.53202224	0.069799684	0.95240676	0.40408486	-0.51155156	0.008731631	334.9573700428009
19	0.35527238	0.0	0.35527238	0.35527238	25.0	475	0.5461267	0.060706746	0.85005605	0.4338697	-0.52693826	0.009260597	353.29144501686096
20	0.15559778	0.0	0.15559778	0.15559778	25.0	500	0.5430592	0.068215266	0.9910577	0.4278827	-0.5919887	0.008054926	372.09540462493896
21	0.012866553	0.0	0.012866553	0.012866553	25.0	525	0.52988875	0.067830324	0.97159266	0.40219563	-0.5013966	0.008265968	390.9518082141876
22	0.64533156	0.0	0.64533156	0.64533156	25.0	550	0.5201641	0.06592244	0.9519885	0.4052546	-0.49900693	0.007011379	409.39764523506165
23	0.6562913	0.0	0.6562913	0.6562913	25.0	575	0.5184944	0.06133606	0.9626815	0.3829342	-0.50652003	0.0067319674	427.8108172416687
24	0.96132153	0.0	0.96132153	0.96132153	25.0	600	0.51395905	0.05898699	0.96837926	0.4037032	-0.5132337	0.0062229	446.1897346973419
25	0.09501512	0.0	0.09501512	0.09501512	25.0	625	0.5244453	0.05396935	0.91746217	0.43425232	-0.5201302	0.0065027154	464.57290625572205
26	0.562562	0.0	0.562562	0.562562	25.0	650	0.5261219	0.058920912	0.87188673	0.43400007	-0.6733878	0.006926015	483.0050835609436
27	0.58771586	0.0	0.58771586	0.58771586	25.0	675	0.5273097	0.055256892	0.9324965	0.41214463	-0.54260695	0.0055115945	501.36856961250305
28	0.0	0.0	0.0	0.0	25.0	700	0.53837216	0.059090108	0.99703664	0.442442	-0.53073967	0.006989705	519.6458468437195
29	0.0	0.0	0.0	0.0	25.0	725	0.5340271	0.055473134	0.9255355	0.4132414	-0.5595913	0.00501114	537.9343810081482
30	0.65666246	0.0	0.65666246	0.65666246	25.0	750	0.5568133	0.061995573	0.96787333	0.41542774	-0.6422926	0.0068808226	556.5596258640289
31	0.9206092	0.0	0.9206092	0.9206092	25.0	775	0.57289696	0.060404226	0.9483903	0.4636815	-0.6123272	0.006340672	574.8512020111084
32	1.157682	0.0	1.157682	1.157682	25.0	800	0.5955939	0.0626289	0.9248358	0.37001765	-0.61098224	0.006680851	593.108864068985
33	4.2499228	0.0	4.2499228	4.2499228	25.0	825	0.6121139	0.06203299	0.97636765	0.48728314	-0.6983874	0.0069457893	611.4557402133942
34	1.5636957	0.0	1.5636957	1.5636957	25.0	850	0.62775195	0.05823962	0.9607449	0.50758195	-0.89986116	0.0076962076	629.8505861759186
35	1.3425964	0.0	1.3425964	1.3425964	25.0	875	0.6749076	0.06237262	1.0348605	0.45118734	-0.72883147	0.007460834	648.2609655857086
36	1.9435252	0.0	1.9435252	1.9435252	25.0	900	0.71478844	0.058703437	1.0749013	0.5290661	-0.781459	0.00675142	666.636237859726
37	0.8450647	0.0	0.8450647	0.8450647	25.0	925	0.7475279	0.06458077	1.208961	0.589259	-0.78170604	0.006787097	684.9672491550446
38	0.9333793	0.0	0.9333793	0.9333793	25.0	950	0.7574782	0.06704746	1.229425	0.5880284	-0.7747729	0.00758696	703.3341698646545
39	0.5317447	0.0	0.5317447	0.5317447	25.0	975	0.7640321	0.063601345	1.305678	0.62689614	-0.79749703	0.0067683803	721.8408024311066
40	0.23176807	0.0	0.23176807	0.23176807	25.0	1000	0.79738146	0.056299828	1.2978255	0.62008375	-0.95848596	0.006610709	740.4722108840942
41	3.310834	0.0	3.310834	3.310834	25.0	1025	0.82621676	0.06785957	1.3349597	0.6558758	-1.0135254	0.009446647	758.9293820858002
42	0.45451343	0.0	0.45451343	0.45451343	25.0	1050	0.83686125	0.073925026	1.4513625	0.6550915	-0.85847694	0.008357724	777.2687757015228
43	4.5926924	0.0	4.5926924	4.5926924	25.0	1075	0.85272866	0.070589386	1.5069871	0.69876003	-0.96495986	0.009834453	795.7225048542023
44	0.8458422	0.0	0.8458422	0.8458422	25.0	1100	0.85920197	0.06775096	1.2998699	0.7143939	-0.9254949	0.009785954	814.1653139591217
45	0.9276118	0.0	0.9276118	0.9276118	25.0	1125	0.8602682	0.06476593	1.4293712	0.7105085	-0.88211596	0.008474398	832.5117721557617
46	1.1016915	0.0	1.1016915	1.1016915	25.0	1150	0.89139414	0.07037503	1.4525236	0.74190843	-0.89017266	0.009219729	850.8267176151276
47	1.5720721	0.0	1.5720721	1.5720721	25.0	1175	0.91744035	0.073305205	1.5500715	0.759638	-0.91812587	0.008186787	869.1327521800995
48	1.6427879	0.0	1.6427879	1.6427879	25.0	1200	0.9508482	0.08156131	1.5426742	0.78147084	-1.0110347	0.0116281165	887.4360902309418
49	1.3479595	0.0	1.3479595	1.3479595	25.0	1225	0.97187096	0.079579495	1.6377177	0.7391932	-1.0187062	0.011292467	905.7239789962769
50	0.36454725	0.0	0.36454725	0.36454725	25.0	1250	0.98931414	0.08177692	1.6626719	0.82797396	-1.005568	0.009845586	924.3719439506531
51	1.325225	0.0	1.325225	1.325225	25.0	1275	1.0053543	0.079295434	1.6086615	0.84838617	-1.0117418	0.009465354	942.7582039833069
52	0.4978621	0.0	0.4978621	0.4978621	25.0	1300	1.0011047	0.080424935	1.6912733	0.8327235	-1.0389342	0.010017727	961.1022329330444
53	2.0338213	0.0	2.0338213	2.0338213	25.0	1325	0.9964673	0.08762172	1.6808636	0.83880055	-1.0109762	0.010429256	979.3859868049622
54	3.5919905	0.0	3.5919905	3.5919905	25.0	1350	1.0085351	0.08106204	1.7676984	0.7922804	-1.0362052	0.011389728	997.6894731521606
55	0.67409265	0.0	0.67409265	0.67409265	25.0	1375	1.0141902	0.08611323	1.6934451	0.8597825	-1.0507743	0.010453326	1016.0706651210785
56	2.7739964	0.0	2.7739964	2.7739964	25.0	1400	1.0280461	0.0843775	1.7026272	0.8820167	-1.0707092	0.011087228	1034.5194358825684
57	2.8719614	0.0	2.8719614	2.8719614	25.0	1425	1.035406	0.093140006	1.6937904	0.8926064	-1.0691944	0.012061391	1052.8815424442291
58	1.905608	0.0	1.905608	1.905608	25.0	1450	1.047112	0.092442274	1.7759598	0.89466405	-1.0896707	0.011694279	1071.2889986038208
59	1.1451439	0.0	1.1451439	1.1451439	25.0	1475	1.0566872	0.09477822	1.7723327	0.90074974	-1.0818082	0.011817706	1089.636605501175
60	3.6216729	0.0	3.6216729	3.6216729	25.0	1500	1.065022	0.09822009	1.785979	0.89681596	-1.1068664	0.015751421	1108.5274391174316
61	1.1481708	0.0	1.1481708	1.1481708	25.0	1525	1.0820984	0.092124574	1.7396152	0.918116	-1.1421475	0.014570036	1126.918654680252
62	1.0052327	0.0	1.0052327	1.0052327	25.0	1550	1.0905952	0.086594544	1.8925945	0.9430336	-1.127624	0.012782012	1145.4272434711456
63	0.66673803	0.0	0.66673803	0.66673803	25.0	1575	1.107894	0.08689775	1.8296374	0.9575057	-1.1495024	0.011424907	1163.8757073879242
64	0.92494935	0.0	0.92494935	0.92494935	25.0	1600	1.1196892	0.09054842	1.9832115	0.9892114	-1.1443202	0.012894482	1182.2527089118958
65	1.0635964	0.0	1.0635964	1.0635964	25.0	1625	1.1375653	0.10267179	2.0387945	0.947335	-1.1732327	0.013859544	1200.7538335323334
66	0.27736455	0.0	0.27736455	0.27736455	25.0	1650	1.140051	0.09222122	2.000414	0.98214924	-1.1742877	0.013912988	1219.171721458435
67	2.5967717	0.0	2.5967717	2.5967717	25.0	1675	1.1413947	0.08202494	1.8069509	0.9864069	-1.1815894	0.0129183205	1237.6296253204346
68	0.70109373	0.0	0.70109373	0.70109373	25.0	1700	1.161415	0.082924366	1.8346756	1.0049077	-1.1938022	0.014528377	1256.1315155029297
69	0.0	0.0	0.0	0.0	25.0	1725	1.159852	0.0861708	2.0143702	1.0131335	-1.1832092	0.012366836	1274.4771237373352
70	2.7335482	0.0	2.7335482	2.7335482	25.0	1750	1.1782624	0.092364326	2.024323	1.0209572	-1.2118707	0.01600485	1293.4966554641724
71	4.4871492	0.0	4.4871492	4.4871492	25.0	1775	1.1966581	0.11396873	2.0446281	0.6973615	-1.239588	0.018111696	1312.0926053524017
72	1.1526219	0.0	1.1526219	1.1526219	25.0	1800	1.2019719	0.09925084	2.0420315	1.0468006	-1.2337345	0.01567276	1330.5120809078217
73	0.21607874	0.0	0.21607874	0.21607874	25.0	1825	1.2188399	0.10550487	2.0933735	1.0271116	-1.268089	0.019745335	1349.1089947223663
74	3.4930153	0.0	3.4930153	3.4930153	25.0	1850	1.2209184	0.1073015	2.187518	1.0501615	-1.253926	0.018115643	1367.5435240268707
75	0.929337	0.0	0.929337	0.929337	25.0	1875	1.2216102	0.093708314	2.0678837	1.0696976	-1.2527071	0.01543699	1385.9258790016174
76	0.20884636	0.0	0.20884636	0.20884636	25.0	1900	1.2347591	0.10003799	2.0650563	1.0565503	-1.2652088	0.016245687	1404.2657742500305
77	0.9474696	0.0	0.9474696	0.9474696	25.0	1925	1.2471004	0.11717665	2.1119351	0.9994807	-1.2771554	0.0220577	1422.5676879882812
78	0.84263045	0.0	0.84263045	0.84263045	25.0	1950	1.2521826	0.10965014	2.1815014	1.0574545	-1.2931665	0.021457443	1441.0485610961914
79	2.320398	0.0	2.320398	2.320398	25.0	1975	1.2685333	0.12088601	2.2527275	1.0831469	-1.3027444	0.023206908	1459.4933803081512
80	2.7847948	0.0	2.7847948	2.7847948	25.0	2000	1.2731678	0.12036674	2.3258028	1.0852084	-1.3103056	0.024292612	1478.2752299308777
81	0.68679386	0.0	0.68679386	0.68679386	25.0	2025	1.2811904	0.11480181	2.3023324	1.0885371	-1.3181375	0.02225481	1496.8098356723785
82	6.0736623	0.0	6.0736623	6.0736623	25.0	2050	1.30867	0.13516264	2.6692579	1.1368548	-1.3482856	0.027827963	1515.9800686836243
83	2.9937556	0.0	2.9937556	2.9937556	25.0	2075	1.3049334	0.12460634	2.4315288	1.0641283	-1.3371009	0.023419527	1534.9267795085907
84	0.021471763	0.0	0.021471763	0.021471763	25.0	2100	1.3096241	0.11893584	2.416499	1.1437685	-1.3374512	0.022673666	1553.7323246002197
85	1.0125898	0.0	1.0125898	1.0125898	25.0	2125	1.3274825	0.12978417	2.5194778	1.1661762	-1.3629501	0.02348104	1572.1554329395294
86	0.6746669	0.0	0.6746669	0.6746669	25.0	2150	1.3304524	0.12542437	2.435365	1.1432775	-1.3607571	0.025545254	1590.5016560554504
87	1.0946231	0.0	1.0946231	1.0946231	25.0	2175	1.3374366	0.13355775	2.68727	1.1501745	-1.3635558	0.028077446	1608.9472126960754
88	1.1312647	0.0	1.1312647	1.1312647	25.0	2200	1.3413153	0.12330654	2.407643	1.0506212	-1.3758392	0.022778615	1627.3721618652344
89	4.2856245	0.0	4.2856245	4.2856245	25.0	2225	1.3562651	0.13404483	2.5392952	1.171886	-1.3847693	0.029175801	1645.8215608596802
90	2.0296764	0.0	2.0296764	2.0296764	25.0	2250	1.3592867	0.14486636	2.606829	1.137269	-1.3957584	0.028465167	1664.7235264778137
91	0.8600258	0.0	0.8600258	0.8600258	25.0	2275	1.3724192	0.13226452	2.5996807	1.1306636	-1.4036	0.028684936	1683.177508354187
92	1.1574116	0.0	1.1574116	1.1574116	25.0	2300	1.3799274	0.12380956	2.4533832	1.221915	-1.4158795	0.02992497	1701.6250593662262
93	1.150534	0.0	1.150534	1.150534	25.0	2325	1.3795373	0.13284956	2.6505828	1.1512989	-1.4137629	0.027595233	1720.226086616516
94	1.8238015	0.0	1.8238015	1.8238015	25.0	2350	1.3944101	0.13489105	2.5096445	0.848345	-1.4272554	0.030485593	1738.6893718242645
95	1.9755809	0.0	1.9755809	1.9755809	25.0	2375	1.4162979	0.17204839	2.85149	1.2075953	-1.4455888	0.03381077	1757.1784708499908
96	1.4314141	0.0	1.4314141	1.4314141	25.0	2400	1.4118308	0.12991112	2.931685	1.2428298	-1.4394985	0.0280912	1776.0215320587158
97	1.6314989	0.0	1.6314989	1.6314989	25.0	2425	1.4214298	0.13641271	2.955392	1.2276275	-1.4568912	0.030747712	1794.443650484085
98	0.38798848	0.0	0.38798848	0.38798848	25.0	2450	1.4247988	0.1517761	3.163118	1.1812824	-1.4590509	0.03222644	1812.905472278595
99	3.6164985	0.0	3.6164985	3.6164985	25.0	2475	1.4310497	0.14597616	3.079358	1.213218	-1.4615179	0.03320587	1831.3936967849731
100	1.7569761	0.0	1.7569761	1.7569761	25.0	2500	1.4468251	0.14022574	2.9058752	1.240842	-1.4834023	0.031842552	1850.1636147499084
101	0.43198144	0.0	0.43198144	0.43198144	25.0	2525	1.4577652	0.15176703	3.2816718	1.243778	-1.4979455	0.03379556	1868.5647161006927
102	2.1514573	0.0	2.1514573	2.1514573	25.0	2550	1.4637723	0.14435074	2.8574927	1.2408018	-1.502396	0.038308498	1886.9756653308868
103	2.8316603	0.0	2.8316603	2.8316603	25.0	2575	1.4781477	0.1382566	2.7068708	1.2438275	-1.5107639	0.03608767	1905.4552865028381
104	1.2906767	0.0	1.2906767	1.2906767	25.0	2600	1.482974	0.1622483	3.1803358	1.2831669	-1.5153962	0.037955325	1923.7767629623413
105	2.3530555	0.0	2.3530555	2.3530555	25.0	2625	1.4958966	0.15431169	3.1501741	1.2803706	-1.5284921	0.035155836	1942.257306098938
106	1.5252434	0.0	1.5252434	1.5252434	25.0	2650	1.4985443	0.15148887	3.0694323	1.2738332	-1.5166025	0.038586766	1960.672662973404
107	0.74219584	0.0	0.74219584	0.74219584	25.0	2675	1.5245935	0.15709098	2.9916015	1.2429523	-1.5677217	0.041917764	1979.0540044307709
108	2.4493973	0.0	2.4493973	2.4493973	25.0	2700	1.5179989	0.15943488	3.2909894	1.2873559	-1.5429574	0.035982225	1997.4963195323944
109	0.48063642	0.0	0.48063642	0.48063642	25.0	2725	1.5286078	0.17059705	3.3261476	1.3308191	-1.5608721	0.03953018	2015.8855020999908
110	0.6693708	0.0	0.6693708	0.6693708	25.0	2750	1.5319366	0.18686742	3.479948	1.3049246	-1.5622867	0.034941293	2034.7590110301971
111	0.38589117	0.0	0.38589117	0.38589117	25.0	2775	1.5245979	0.15485372	3.0718517	1.2615134	-1.5574968	0.036012337	2053.1457760334015
112	0.0	0.0	0.0	0.0	25.0	2800	1.5332245	0.15591343	3.0921872	1.3340967	-1.5614257	0.035410997	2071.566430568695
113	4.538006	0.0	4.538006	4.538006	25.0	2825	1.5562844	0.1604925	3.1906235	1.2950336	-1.59804	0.0364006	2089.9623498916626
114	3.344428	0.0	3.344428	3.344428	25.0	2850	1.5707356	0.17558156	3.4512033	1.3368579	-1.6058395	0.04965148	2108.303321838379
115	0.4945713	0.0	0.4945713	0.4945713	25.0	2875	1.5709219	0.16866334	3.2090836	1.2905289	-1.5902408	0.04198383	2126.6585264205933
116	2.6366632	0.0	2.6366632	2.6366632	25.0	2900	1.5724704	0.15306792	3.3653047	1.3259104	-1.6055913	0.04224668	2145.1113567352295
117	3.5861635	0.0	3.5861635	3.5861635	25.0	2925	1.5825452	0.14853567	3.4037476	1.3804464	-1.6195946	0.044228278	2163.6198427677155
118	4.9853487	0.0	4.9853487	4.9853487	25.0	2950	1.6117258	0.1552947	2.6698709	1.347639	-1.6516626	0.04237154	2182.107712984085
119	1.682809	0.0	1.682809	1.682809	25.0	2975	1.6018121	0.15259717	3.169565	1.3753943	-1.6384343	0.04744319	2200.5525376796722
120	1.0072123	0.0	1.0072123	1.0072123	25.0	3000	1.6114621	0.15584631	3.3844604	1.3721192	-1.6419246	0.040856246	2219.494353055954
121	0.3138403	0.0	0.3138403	0.3138403	25.0	3025	1.6432602	0.18103269	3.3126972	1.3988351	-1.6789441	0.05393403	2238.0468492507935
122	0.88415086	0.0	0.88415086	0.88415086	25.0	3050	1.6331186	0.16090882	3.3459723	1.3129756	-1.6715664	0.044614945	2256.6147816181183
123	0.22515118	0.0	0.22515118	0.22515118	25.0	3075	1.6456113	0.15989044	3.3188183	1.0931363	-1.6724522	0.042829808	2274.9932293891907
124	4.7967787	0.0	4.7967787	4.7967787	25.0	3100	1.6475312	0.15178472	3.2288847	1.3884809	-1.6791104	0.044353686	2293.491606235504
125	0.005810503	0.0	0.005810503	0.005810503	25.0	3125	1.667543	0.17000757	3.4498863	1.4033786	-1.6975887	0.04378509	2312.020003795624
126	3.514625	0.0	3.514625	3.514625	25.0	3150	1.6726182	0.18238902	3.4993384	1.4333508	-1.7082319	0.048550054	2330.4496076107025
127	5.100849	0.0	5.100849	5.100849	25.0	3175	1.6841025	0.17481607	3.1839392	1.4614435	-1.7246116	0.046223126	2348.933848619461
128	2.0624633	0.0	2.0624633	2.0624633	25.0	3200	1.6975412	0.17625569	3.8224187	1.4596441	-1.7286884	0.050320454	2367.348817586899
129	1.9347538	0.0	1.9347538	1.9347538	25.0	3225	1.6933608	0.17926933	3.6380887	1.4075806	-1.7398413	0.047947932	2385.8998227119446
130	0.7358102	0.0	0.7358102	0.7358102	25.0	3250	1.7227161	0.18245934	3.7438967	1.490916	-1.762353	0.057009045	2404.8316502571106
131	3.0602827	0.0	3.0602827	3.0602827	25.0	3275	1.7231461	0.20293385	3.787504	1.4544969	-1.7523859	0.05381925	2423.374320268631
132	2.1575089	0.0	2.1575089	2.1575089	25.0	3300	1.7254095	0.16702963	3.2196064	1.4788917	-1.7498599	0.050092902	2441.812851667404
133	1.9846282	0.0	1.9846282	1.9846282	25.0	3325	1.7361307	0.15649624	3.1324935	1.4723732	-1.7774556	0.05664926	2460.307546377182
134	0.5024237	0.0	0.5024237	0.5024237	25.0	3350	1.7564895	0.1731694	3.226246	1.4926246	-1.8041103	0.053865574	2478.7364344596863
135	0.89502674	0.0	0.89502674	0.89502674	25.0	3375	1.7568742	0.1735967	3.625306	1.4773531	-1.7947922	0.04318585	2497.143041610718
136	1.69391	0.0	1.69391	1.69391	25.0	3400	1.7568512	0.15122691	3.2979362	1.5486958	-1.7932861	0.041602775	2515.5526666641235
137	1.7344209	0.0	1.7344209	1.7344209	25.0	3425	1.7728482	0.16151088	3.569678	1.5080161	-1.8059855	0.04498379	2534.07182097435
138	0.8115703	0.0	0.8115703	0.8115703	25.0	3450	1.7786962	0.1649283	3.475544	1.4567162	-1.8137078	0.050575938	2552.595363855362
139	2.6061475	0.0	2.6061475	2.6061475	25.0	3475	1.7841821	0.15211727	3.243904	1.4160522	-1.8204919	0.045033775	2571.1385173797607
140	1.2489185	0.0	1.2489185	1.2489185	25.0	3500	1.7929542	0.14326732	2.977577	1.5996718	-1.8325398	0.03988259	2589.996507167816
141	1.6617317	0.0	1.6617317	1.6617317	25.0	3525	1.8079802	0.1581298	2.945728	1.5733541	-1.8433064	0.042113077	2608.625732898712
142	6.14333	0.0	6.14333	6.14333	25.0	3550	1.8076285	0.14182903	3.2095318	1.540226	-1.8453431	0.038884662	2627.102810382843
143	6.9567995	0.0	6.9567995	6.9567995	25.0	3575	1.8194996	0.15601821	3.3922412	1.5675502	-1.8591489	0.04527691	2645.6630086898804
144	2.951809	0.0	2.951809	2.951809	25.0	3600	1.8512757	0.15270475	3.1313505	1.5756222	-1.8960757	0.05179131	2664.3128097057343
145	0.21345367	0.0	0.21345367	0.21345367	25.0	3625	1.8544391	0.16524495	3.5331013	1.5911978	-1.886913	0.04719262	2682.6782660484314
146	4.134995	0.0	4.134995	4.134995	25.0	3650	1.8629003	0.16194712	3.6229298	1.5891178	-1.9074454	0.05050428	2701.28844666481
147	0.23056827	0.0	0.23056827	0.23056827	25.0	3675	1.8839406	0.18648435	3.8525393	1.567949	-1.9247874	0.055745494	2719.8714051246643
148	1.153983	0.0	1.153983	1.153983	25.0	3700	1.8763303	0.17794228	3.9206634	1.568527	-1.9101558	0.042121734	2738.2963507175446
149	6.595313	0.0	6.595313	6.595313	25.0	3725	1.894173	0.18064785	3.9716995	1.6730759	-1.9247658	0.04850903	2756.808164834976
150	3.8327441	0.0	3.8327441	3.8327441	25.0	3750	1.9205698	0.18989545	4.121247	1.6065184	-1.96706	0.061150547	2775.8297312259674
151	0.44941214	0.0	0.44941214	0.44941214	25.0	3775	1.9214188	0.1730485	3.5311224	1.6420761	-1.9637094	0.053012915	2794.3236145973206
152	1.7089828	0.0	1.7089828	1.7089828	25.0	3800	1.9161594	0.15599973	3.1162186	1.6499618	-1.9503402	0.04919284	2812.820767879486
153	0.7885041	0.0	0.7885041	0.7885041	25.0	3825	1.9421463	0.15286727	3.6840055	1.6830599	-1.9786569	0.056052074	2831.3041582107544
154	3.4564703	0.0	3.4564703	3.4564703	25.0	3850	1.936749	0.19322512	4.0039444	1.6728016	-1.9720235	0.056178566	2849.729747056961
155	0.6772046	0.0	0.6772046	0.6772046	25.0	3875	1.9595935	0.16383004	3.2604876	1.7314032	-2.00104	0.056964487	2868.143392562866
156	1.0705882	0.0	1.0705882	1.0705882	25.0	3900	1.9638232	0.18190919	3.819838	1.7079369	-1.9983053	0.057698358	2889.657121896744
157	0.99084014	0.0	0.99084014	0.99084014	25.0	3925	1.9715292	0.19139555	3.8838382	1.6891135	-2.011257	0.05731067	2908.0941994190216
158	0.540335	0.0	0.540335	0.540335	25.0	3950	1.9811959	0.18028907	3.898859	1.7203264	-2.0211325	0.047667913	2926.5637559890747
159	2.2809563	0.0	2.2809563	2.2809563	25.0	3975	1.9803228	0.1792947	3.5967145	1.7072129	-2.01461	0.04530621	2944.9513232707977
160	0.53040004	0.0	0.53040004	0.53040004	25.0	4000	2.0021343	0.19050883	3.4713166	1.7459878	-2.0418947	0.06746643	2963.9986424446106
161	0.5330103	0.0	0.5330103	0.5330103	25.0	4025	1.997576	0.17515068	4.145979	1.7261297	-2.047553	0.053261537	2982.579733610153
162	3.321264	0.0	3.321264	3.321264	25.0	4050	2.0208776	0.17721872	3.4966626	1.7310779	-2.069003	0.056558177	3001.1186022758484
163	2.733095	0.0	2.733095	2.733095	25.0	4075	2.0391855	0.18062133	3.4521759	1.7936157	-2.0841272	0.057687685	3019.615528345108
164	3.4099102	0.0	3.4099102	3.4099102	25.0	4100	2.0488772	0.17985305	4.076628	1.761771	-2.0969825	0.05476659	3038.790669441223
165	1.7038343	0.0	1.7038343	1.7038343	25.0	4125	2.052704	0.17887439	4.114494	1.8200878	-2.0971065	0.056408536	3057.480437517166
166	2.982131	0.0	2.982131	2.982131	25.0	4150	2.0513349	0.14730775	3.9726253	1.8122834	-2.1039846	0.05325593	3075.9631712436676
167	0.28882176	0.0	0.28882176	0.28882176	25.0	4175	2.075588	0.19239332	3.8592176	1.8106908	-2.1212666	0.06984697	3094.359076499939
168	3.4062355	0.0	3.4062355	3.4062355	25.0	4200	2.1005888	0.17177987	3.2217922	1.7778922	-2.1455762	0.062967226	3112.934318780899
169	3.25331	0.0	3.25331	3.25331	25.0	4225	2.0814657	0.1583444	4.149804	1.7730272	-2.121122	0.049038142	3131.4129989147186
170	3.8433025	0.0	3.8433025	3.8433025	25.0	4250	2.1048446	0.1723111	4.340937	1.8573476	-2.1496165	0.05319386	3150.403093099594
171	0.99647707	0.0	0.99647707	0.99647707	25.0	4275	2.1242745	0.21026422	4.218171	1.8094703	-2.1643648	0.055900965	3168.818379878998
172	1.2016039	0.0	1.2016039	1.2016039	25.0	4300	2.1273277	0.16236694	4.3108106	1.7446717	-2.1771624	0.059256718	3187.294798851013
173	2.5037093	0.0	2.5037093	2.5037093	25.0	4325	2.1191533	0.16406402	4.0931983	1.884871	-2.1639457	0.04968864	3205.8004949092865
174	1.6163865	0.0	1.6163865	1.6163865	25.0	4350	2.137253	0.18211268	3.903591	1.8112196	-2.1861966	0.04864134	3224.279627084732
175	0.2290393	0.0	0.2290393	0.2290393	25.0	4375	2.162763	0.17299367	4.0064335	1.859608	-2.2109544	0.061505727	3242.7059240341187
176	0.9401189	0.0	0.9401189	0.9401189	25.0	4400	2.169805	0.16899039	3.731302	1.9089527	-2.218203	0.055918917	3261.1269681453705
177	0.568218	0.0	0.568218	0.568218	25.0	4425	2.1828184	0.1701456	3.5264118	1.904526	-2.231073	0.04943754	3279.5475482940674
178	1.3916718	0.0	1.3916718	1.3916718	25.0	4450	2.1985142	0.17356835	3.955446	1.9014906	-2.2452269	0.06676434	3298.03147482872
179	1.163259	0.0	1.163259	1.163259	25.0	4475	2.1997917	0.1784982	3.6558251	1.8628833	-2.2447698	0.057088688	3316.651865720749
180	0.793	0.0	0.793	0.793	25.0	4500	2.2103813	0.15645155	3.6381726	1.955184	-2.2506273	0.051648054	3336.1165878772736
181	1.7781764	0.0	1.7781764	1.7781764	25.0	4525	2.2130125	0.18580623	3.7105486	1.945334	-2.2541647	0.04892152	3354.537973165512
182	0.124930516	0.0	0.124930516	0.124930516	25.0	4550	2.2241256	0.17543268	3.9627545	1.9442716	-2.2688432	0.055773582	3372.9509518146515
183	8.030571	0.0	8.030571	8.030571	25.0	4575	2.2487502	0.19174732	4.1961255	1.7337453	-2.3019934	0.056640577	3391.6506910324097
184	4.0649366	0.0	4.0649366	4.0649366	25.0	4600	2.2605774	0.18572319	4.1653805	1.9008508	-2.3040502	0.0690624	3410.099785089493
185	0.41449803	0.0	0.41449803	0.41449803	25.0	4625	2.2765586	0.17879467	3.9805787	1.9055886	-2.3257236	0.06828421	3428.56641292572
186	0.58652246	0.0	0.58652246	0.58652246	25.0	4650	2.2808812	0.18454483	4.172373	1.9974188	-2.3249333	0.06272916	3446.956260919571
187	2.8948865	0.0	2.8948865	2.8948865	25.0	4675	2.2796535	0.17279951	4.15284	2.0018523	-2.3278558	0.060402166	3465.4396500587463
188	3.674811	0.0	3.674811	3.674811	25.0	4700	2.291812	0.18166658	4.0420775	2.0387826	-2.3404608	0.05859441	3483.9315083026886
189	0.07200367	0.0	0.07200367	0.07200367	25.0	4725	2.3021457	0.16319127	3.9357324	1.9427695	-2.3545594	0.056974858	3502.390467643738
190	1.373179	0.0	1.373179	1.373179	25.0	4750	2.3155186	0.1647149	3.7089267	2.0493875	-2.3716843	0.061422184	3521.3657858371735
191	0.89306694	0.0	0.89306694	0.89306694	25.0	4775	2.3195746	0.15684254	3.673775	1.9863505	-2.3669949	0.060427636	3539.786349773407
192	3.1730206	0.0	3.1730206	3.1730206	25.0	4800	2.3321795	0.1851695	4.0525413	2.0238996	-2.3825808	0.05956501	3558.269971847534
193	2.1499398	0.0	2.1499398	2.1499398	25.0	4825	2.3441007	0.19886243	4.118678	2.0938547	-2.3973222	0.058371257	3576.7598717212677
194	1.4048113	0.0	1.4048113	1.4048113	25.0	4850	2.3659458	0.19717713	3.792441	2.0347185	-2.4073691	0.06309826	3595.18851852417
195	5.9406524	0.0	5.9406524	5.9406524	25.0	4875	2.36192	0.17035647	3.9253342	2.1140409	-2.411894	0.06493828	3613.6711490154266
196	1.590023	0.0	1.590023	1.590023	25.0	4900	2.3767147	0.18462455	3.9330213	2.016522	-2.4279468	0.06641329	3632.2068746089935
197	0.21619771	0.0	0.21619771	0.21619771	25.0	4925	2.3988776	0.18535759	3.945139	2.0504196	-2.4442856	0.0685865	3650.605823278427
198	2.688054	0.0	2.688054	2.688054	25.0	4950	2.4108193	0.21405609	4.1851034	2.0756488	-2.4500487	0.067831434	3669.0161638259888
199	1.5978968	0.0	1.5978968	1.5978968	25.0	4975	2.4081316	0.19292095	4.2635818	2.1453094	-2.4560044	0.067462355	3687.4899458885193
200	0.3904217	0.0	0.3904217	0.3904217	25.0	5000	2.4252758	0.2036588	3.846908	2.1394017	-2.4700842	0.06514122	3706.497862100601
201	1.1420453	0.0	1.1420453	1.1420453	25.0	5025	2.426185	0.20049474	3.919858	2.159722	-2.4769933	0.07182919	3724.882636785507
202	2.7809134	0.0	2.7809134	2.7809134	25.0	5050	2.444917	0.18739185	3.96412	2.0896792	-2.4997234	0.07347353	3743.2198073863983
203	1.6968997	0.0	1.6968997	1.6968997	25.0	5075	2.4608338	0.19596478	4.010696	2.1859007	-2.4973958	0.06466792	3761.6021852493286
204	2.474578	0.0	2.474578	2.474578	25.0	5100	2.4506903	0.17259182	4.032823	2.1734698	-2.5015328	0.06423064	3780.1349382400513
205	0.2114192	0.0	0.2114192	0.2114192	25.0	5125	2.468581	0.20086604	4.027969	2.0929875	-2.5156476	0.07025087	3798.603345155716
206	1.3057443	0.0	1.3057443	1.3057443	25.0	5150	2.471318	0.17810728	4.0050106	2.095605	-2.5290835	0.059504967	3817.049936771393
207	2.4159424	0.0	2.4159424	2.4159424	25.0	5175	2.4873104	0.16789697	3.8449419	2.1218114	-2.536743	0.06307556	3835.4811413288116
208	0.8430075	0.0	0.8430075	0.8430075	25.0	5200	2.4947367	0.1865908	4.1024156	1.9521688	-2.5414855	0.060390577	3854.0044536590576
209	0.4247477	0.0	0.4247477	0.4247477	25.0	5225	2.5106318	0.19829823	4.383643	2.2073104	-2.5578566	0.068458006	3872.468144416809
210	2.2613769	0.0	2.2613769	2.2613769	25.0	5250	2.522256	0.19007537	4.4453998	2.2203817	-2.5722659	0.07423133	3891.48003077507
211	1.7167239	0.0	1.7167239	1.7167239	25.0	5275	2.5445118	0.2181799	4.2402763	2.2032032	-2.58919	0.07568675	3909.9273488521576
212	1.0182998	0.0	1.0182998	1.0182998	25.0	5300	2.5254335	0.16755824	4.2638626	2.2572625	-2.5734205	0.0589031	3928.4756693840027
213	4.124739	0.0	4.124739	4.124739	25.0	5325	2.5407152	0.17445223	3.9906666	2.2573323	-2.5906372	0.06986045	3947.0345392227173
214	2.8312442	0.0	2.8312442	2.8312442	25.0	5350	2.5665193	0.20166545	4.3237653	2.1499505	-2.6205022	0.06866022	3965.4750320911407
215	0.8110334	0.0	0.8110334	0.8110334	25.0	5375	2.563567	0.19487232	4.3379707	2.236195	-2.6079276	0.06842039	3983.9365932941437
216	0.781365	0.0	0.781365	0.781365	25.0	5400	2.5985029	0.20703487	4.4844313	2.2772036	-2.6523929	0.07475013	4002.57932138443
217	2.630303	0.0	2.630303	2.630303	25.0	5425	2.5980172	0.19679564	4.501877	2.192414	-2.6514306	0.068869196	4021.142243862152
218	1.2468106	0.0	1.2468106	1.2468106	25.0	5450	2.6122108	0.21562	4.4177957	2.2146666	-2.6699064	0.07303794	4039.6659817695618
219	2.9432917	0.0	2.9432917	2.9432917	25.0	5475	2.6145458	0.19739945	4.468528	2.3625422	-2.6703138	0.06916337	4058.190801382065
220	0.8115908	0.0	0.8115908	0.8115908	25.0	5500	2.6143012	0.20228052	4.519685	2.264738	-2.6714404	0.067260444	4077.2164359092712
221	0.76366496	0.0	0.76366496	0.76366496	25.0	5525	2.6216407	0.18639031	4.5725245	2.2869172	-2.6686707	0.062018022	4095.7943909168243
222	1.9758112	0.0	1.9758112	1.9758112	25.0	5550	2.6364625	0.20948212	4.4145727	2.2951927	-2.6886396	0.06296268	4114.25958943367
223	0.93892324	0.0	0.93892324	0.93892324	25.0	5575	2.6535177	0.2018521	4.6180563	2.328802	-2.7069159	0.06466734	4132.8958575725555
224	0.8334653	0.0	0.8334653	0.8334653	25.0	5600	2.6610935	0.18638794	4.1548443	2.264788	-2.7127774	0.06565956	4151.436837673187
225	0.24302788	0.0	0.24302788	0.24302788	25.0	5625	2.6845336	0.1999082	4.8626204	2.2880073	-2.7369668	0.07346494	4169.901927947998
226	0.28721833	0.0	0.28721833	0.28721833	25.0	5650	2.6825097	0.1944789	4.8584733	2.3012059	-2.7370236	0.07496964	4188.398524522781
227	1.5272528	0.0	1.5272528	1.5272528	25.0	5675	2.7013354	0.19460544	4.269133	2.3548422	-2.7579534	0.07463594	4206.899727106094
228	0.107597485	0.0	0.107597485	0.107597485	25.0	5700	2.7060044	0.20239854	4.4125853	2.432464	-2.7590125	0.07724659	4225.373077630997
229	0.1490213	0.0	0.1490213	0.1490213	25.0	5725	2.7259896	0.19506764	4.2308707	2.346092	-2.7835214	0.06695315	4243.861090183258
230	6.8199635	0.0	6.8199635	6.8199635	25.0	5750	2.7265265	0.18117255	4.5828943	2.3380182	-2.7845373	0.06265984	4262.972295761108
231	2.8173828	0.0	2.8173828	2.8173828	25.0	5775	2.7354584	0.17789207	4.5260005	2.4461648	-2.7850895	0.064661205	4281.342214584351
232	0.7925195	0.0	0.7925195	0.7925195	25.0	5800	2.7589757	0.17524238	4.758337	2.3821638	-2.8241706	0.06450564	4299.685904741287
233	0.72565323	0.0	0.72565323	0.72565323	25.0	5825	2.7754273	0.20877998	4.820903	2.5117793	-2.8313498	0.080124095	4318.183579444885
234	1.4822809	0.0	1.4822809	1.4822809	25.0	5850	2.767409	0.21041283	4.803706	2.457577	-2.8199537	0.070669845	4336.708526134491
235	1.7320459	0.0	1.7320459	1.7320459	25.0	5875	2.7955365	0.18835853	4.9383636	2.4442184	-2.8486755	0.068711184	4355.213809967041
236	1.3078283	0.0	1.3078283	1.3078283	25.0	5900	2.8160827	0.2191387	4.7725616	2.5399559	-2.8725388	0.07926657	4374.031801700592
237	2.41186	0.0	2.41186	2.41186	25.0	5925	2.8137345	0.2169782	4.937702	2.387063	-2.8657796	0.07207379	4392.731803655624
238	1.275318	0.0	1.275318	1.275318	25.0	5950	2.8441758	0.2173094	5.0823164	2.5452814	-2.902945	0.082430646	4411.320043802261
239	0.738836	0.0	0.738836	0.738836	25.0	5975	2.8350942	0.19258542	4.789511	2.374518	-2.8924644	0.07280669	4429.726587533951
240	0.2304555	0.0	0.2304555	0.2304555	25.0	6000	2.8535833	0.19843967	4.8252025	2.52502	-2.912749	0.072275504	4449.024636745453
241	2.0162437	0.0	2.0162437	2.0162437	25.0	6025	2.8332226	0.1587817	4.215358	2.3890936	-2.8939695	0.056476302	4467.893856525421
242	0.61525226	0.0	0.61525226	0.61525226	25.0	6050	2.8540504	0.17971922	4.5432987	2.58673	-2.913306	0.06500984	4486.399201154709
243	1.7449868	0.0	1.7449868	1.7449868	25.0	6075	2.8806715	0.19427347	4.4025655	2.5569806	-2.9383078	0.067743905	4504.925345897675
244	3.6509883	0.0	3.6509883	3.6509883	25.0	6100	2.8837051	0.19485144	4.875197	2.449099	-2.943145	0.062296815	4523.715931415558
245	1.5504112	0.0	1.5504112	1.5504112	25.0	6125	2.8975616	0.19679296	4.8439035	2.4249084	-2.95665	0.0726495	4542.383333444595
246	3.323498	0.0	3.323498	3.323498	25.0	6150	2.9162498	0.21246777	4.93925	2.612629	-2.9579859	0.064550616	4560.88375711441
247	2.6929166	0.0	2.6929166	2.6929166	25.0	6175	2.911013	0.16510428	4.2897053	2.580338	-2.9666903	0.06484203	4579.32851266861
248	1.1585939	0.0	1.1585939	1.1585939	25.0	6200	2.9464533	0.21057482	5.2189317	2.5722275	-3.010282	0.076784894	4597.762491941452
249	2.1017222	0.0	2.1017222	2.1017222	25.0	6225	2.9357452	0.15710618	4.6579895	2.670018	-2.9958467	0.07033422	4616.236107110977
250	1.7746553	0.0	1.7746553	1.7746553	25.0	6250	2.9410534	0.20608085	5.323156	2.5306523	-2.9979103	0.059746668	4635.39333319664
251	4.7504168	0.0	4.7504168	4.7504168	25.0	6275	2.9439232	0.19034673	4.605826	2.5900004	-2.9963837	0.06608221	4653.923753738403
252	3.8596642	0.0	3.8596642	3.8596642	25.0	6300	2.9431705	0.20533457	5.3037286	2.1576385	-2.9984064	0.058317292	4672.445815086365
253	0.20192316	0.0	0.20192316	0.20192316	25.0	6325	2.9795775	0.19035709	4.9584694	2.5282948	-3.042041	0.06893422	4690.941079854965
254	4.217954	0.0	4.217954	4.217954	25.0	6350	2.9832575	0.17890947	4.5889726	2.6761715	-3.0478122	0.07504916	4709.57212138176
255	5.6621327	0.0	5.6621327	5.6621327	25.0	6375	2.9963946	0.1916879	4.667737	2.6904278	-3.056369	0.065823294	4728.187644958496
256	1.9328734	0.0	1.9328734	1.9328734	25.0	6400	3.0059357	0.1887054	4.9427032	2.6340303	-3.0683036	0.06767814	4746.710186004639
257	1.013552	0.0	1.013552	1.013552	25.0	6425	3.0155506	0.17472899	5.026244	2.7605126	-3.068086	0.06248846	4765.20405125618
258	1.0451683	0.0	1.0451683	1.0451683	25.0	6450	3.0339484	0.22179158	5.4921026	2.6531048	-3.090564	0.06247844	4783.66833281517
259	2.699118	0.0	2.699118	2.699118	25.0	6475	3.0454242	0.21686664	5.3972907	2.7066686	-3.1014435	0.077420235	4802.2058198452
260	2.1983166	0.0	2.1983166	2.1983166	25.0	6500	3.0303116	0.17323743	5.039279	2.7275426	-3.0906076	0.06960904	4821.456981897354
261	0.5943219	0.0	0.5943219	0.5943219	25.0	6525	3.0535297	0.18601298	5.0947523	2.6308455	-3.1192377	0.06490754	4840.020180225372
262	0.9250187	0.0	0.9250187	0.9250187	25.0	6550	3.061008	0.18694468	4.6200676	2.7728405	-3.1196134	0.058163043	4858.585433959961
263	0.9940389	0.0	0.9940389	0.9940389	25.0	6575	3.0761664	0.19075966	4.96703	2.7898922	-3.1373303	0.07460164	4877.140423297882
264	2.1967146	0.0	2.1967146	2.1967146	25.0	6600	3.0791466	0.16673808	4.501844	2.7494113	-3.1417685	0.06120412	4895.7385597229
265	1.755346	0.0	1.755346	1.755346	25.0	6625	3.0901551	0.16709727	4.794845	2.7286751	-3.154346	0.06366555	4914.2725558280945
266	2.7547183	0.0	2.7547183	2.7547183	25.0	6650	3.086575	0.19228286	5.0851083	2.7584336	-3.147144	0.059735216	4932.834956645966
267	1.0681226	0.0	1.0681226	1.0681226	25.0	6675	3.1155694	0.19613199	5.1095676	2.659406	-3.1713428	0.07671793	4951.373978853226
268	2.8374407	0.0	2.8374407	2.8374407	25.0	6700	3.1231678	0.18736231	5.2292666	2.8192885	-3.1780767	0.07145171	4969.901903629303
269	0.35104567	0.0	0.35104567	0.35104567	25.0	6725	3.136665	0.2091373	5.533753	2.7706528	-3.1925652	0.06878182	4988.393216371536
270	0.9881736	0.0	0.9881736	0.9881736	25.0	6750	3.151075	0.21723914	5.621413	2.845694	-3.2099357	0.07217633	5007.595445871353
271	0.06722707	0.0	0.06722707	0.06722707	25.0	6775	3.1621103	0.21425888	5.1314583	2.8435385	-3.2231257	0.06897213	5026.09179353714
272	0.89159656	0.0	0.89159656	0.89159656	25.0	6800	3.17063	0.20232026	5.6305223	2.8459952	-3.2311583	0.08072231	5044.670275688171
273	1.1052406	0.0	1.1052406	1.1052406	25.0	6825	3.1720185	0.19556774	5.0249596	2.6454282	-3.2296238	0.068882555	5063.149837732315
274	2.538743	0.0	2.538743	2.538743	25.0	6850	3.1947174	0.21006913	5.614238	2.8426938	-3.2553985	0.07406889	5081.774845600128
275	0.7381721	0.0	0.7381721	0.7381721	25.0	6875	3.1842062	0.17311972	5.411226	2.6522722	-3.2486358	0.0735986	5100.353865861893
276	0.030529935	0.0	0.030529935	0.030529935	25.0	6900	3.208927	0.19695227	5.4917297	2.7061741	-3.2659378	0.058546554	5118.924353599548
277	1.0437201	0.0	1.0437201	1.0437201	25.0	6925	3.2208645	0.19057876	4.9359674	2.857851	-3.2859871	0.06750343	5137.5301649570465
278	5.807634	0.0	5.807634	5.807634	25.0	6950	3.2230663	0.19207762	5.232759	2.89443	-3.2821913	0.07311469	5156.11617231369
279	0.61344504	0.0	0.61344504	0.61344504	25.0	6975	3.2340765	0.21348678	5.5771623	2.850899	-3.2893636	0.06812874	5174.780813932419
280	0.9483603	0.0	0.9483603	0.9483603	25.0	7000	3.2368574	0.21328513	4.9824195	2.9522939	-3.2916381	0.07387426	5194.241521835327
281	0.76429677	0.0	0.76429677	0.76429677	25.0	7025	3.2687864	0.18601768	4.7702827	2.9328532	-3.3187716	0.07114631	5212.93953037262
282	6.1646442	0.0	6.1646442	6.1646442	25.0	7050	3.270761	0.21812862	5.341657	2.893078	-3.334266	0.07850807	5231.760596752167
283	0.0	0.0	0.0	0.0	25.0	7075	3.2778726	0.19996028	5.5408225	2.9292831	-3.3465366	0.06872528	5250.378118991852
284	1.8230612	0.0	1.8230612	1.8230612	25.0	7100	3.2769818	0.18540308	4.95733	2.989522	-3.340733	0.068675905	5268.947598695755
285	1.1774088	0.0	1.1774088	1.1774088	25.0	7125	3.301338	0.18360218	4.8699136	2.9946902	-3.3696496	0.07744913	5287.470709562302
286	0.21324101	0.0	0.21324101	0.21324101	25.0	7150	3.3078985	0.19596812	5.1108932	3.0228593	-3.3730695	0.07410006	5305.973685979843
287	0.78511	0.0	0.78511	0.78511	25.0	7175	3.3004377	0.1887744	4.8619313	2.9237318	-3.3521345	0.067607075	5324.494062900543
288	4.685081	0.0	4.685081	4.685081	25.0	7200	3.3243787	0.19387172	4.928776	2.9559014	-3.378567	0.07896522	5343.057216644287
289	2.9662445	0.0	2.9662445	2.9662445	25.0	7225	3.3297358	0.21076764	5.4389524	3.043115	-3.385434	0.07285008	5361.556072711945
290	1.5663946	0.0	1.5663946	1.5663946	25.0	7250	3.345359	0.21410605	5.3981237	3.047287	-3.4037375	0.06849481	5380.814788341522
291	3.022137	0.0	3.022137	3.022137	25.0	7275	3.3609638	0.21222995	5.1958356	3.0305414	-3.4301035	0.07393104	5399.5062437057495
292	3.6004374	0.0	3.6004374	3.6004374	25.0	7300	3.383858	0.20255159	5.515633	2.9868588	-3.441165	0.086143054	5418.189540863037
293	2.6468203	0.0	2.6468203	2.6468203	25.0	7325	3.3738427	0.20652755	5.1100116	2.9229634	-3.4243112	0.07867814	5437.012754201889
294	2.6247015	0.0	2.6247015	2.6247015	25.0	7350	3.3750632	0.17694308	5.136223	3.108787	-3.4323118	0.06787729	5455.595041513443
295	2.9335563	0.0	2.9335563	2.9335563	25.0	7375	3.3936744	0.18598025	5.0746045	2.9107184	-3.456762	0.07127451	5474.191715717316
296	1.9620701	0.0	1.9620701	1.9620701	25.0	7400	3.4026184	0.19513834	5.152904	3.0776823	-3.4665203	0.072224356	5493.09042429924
297	1.0953952	0.0	1.0953952	1.0953952	25.0	7425	3.426297	0.21054633	5.6522145	2.8921585	-3.4914794	0.09183198	5511.897373199463
298	4.174891	0.0	4.174891	4.174891	25.0	7450	3.4215593	0.19531837	5.207123	3.094074	-3.4856129	0.06633201	5530.6782767772675
299	0.22351727	0.0	0.22351727	0.22351727	25.0	7475	3.4340305	0.20084874	5.107562	3.1574254	-3.4940073	0.07000037	5549.320292234421
300	2.9879267	0.0	2.9879267	2.9879267	25.0	7500	3.4498577	0.21291842	5.34845	3.097962	-3.515746	0.06961855	5568.661501407623
301	1.9064593	0.0	1.9064593	1.9064593	25.0	7525	3.4646676	0.19883434	5.489747	3.2125971	-3.5270166	0.07073386	5587.323613166809
302	2.4771814	0.0	2.4771814	2.4771814	25.0	7550	3.4671438	0.20644094	5.4852867	3.0782537	-3.5322638	0.06750803	5606.006707429886
303	0.35055304	0.0	0.35055304	0.35055304	25.0	7575	3.4814074	0.21248528	5.5262227	3.1789017	-3.5507212	0.0659017	5624.657643318176
304	2.3656511	0.0	2.3656511	2.3656511	25.0	7600	3.4962628	0.21385655	5.70874	3.2225022	-3.5637546	0.07595582	5643.372831821442
305	0.84979546	0.0	0.84979546	0.84979546	25.0	7625	3.506143	0.18388839	5.5473065	3.1536725	-3.58219	0.07075799	5662.024666786194
306	0.95220107	0.0	0.95220107	0.95220107	25.0	7650	3.5148728	0.19206826	4.9885616	2.7200522	-3.5843706	0.072639324	5680.661341190338
307	2.1300914	0.0	2.1300914	2.1300914	25.0	7675	3.5442982	0.2063472	5.5090275	3.1798358	-3.607767	0.071697645	5699.394380569458
308	1.3425913	0.0	1.3425913	1.3425913	25.0	7700	3.5358026	0.19747417	5.2740264	3.2376487	-3.6025267	0.07577928	5718.05459690094
309	4.363874	0.0	4.363874	4.363874	25.0	7725	3.5491192	0.19461669	5.485292	2.8141832	-3.614745	0.061384458	5736.660012245178
310	5.24565	0.0	5.24565	5.24565	25.0	7750	3.5774832	0.209021	5.746309	3.279534	-3.6410856	0.07027303	5756.115211963654
311	0.1358147	0.0	0.1358147	0.1358147	25.0	7775	3.5868053	0.19124514	5.789737	3.285479	-3.651236	0.07219607	5774.74933218956
312	2.6072679	0.0	2.6072679	2.6072679	25.0	7800	3.6025524	0.20557155	5.761395	3.3212419	-3.6755254	0.08222406	5793.500796079636
313	0.8860821	0.0	0.8860821	0.8860821	25.0	7825	3.6097383	0.23044543	5.9509826	3.216014	-3.6734402	0.07046185	5812.344608306885
314	1.9229876	0.0	1.9229876	1.9229876	25.0	7850	3.6095324	0.21836874	5.503496	3.3192797	-3.6713243	0.07284127	5831.198894739151
315	2.8153079	0.0	2.8153079	2.8153079	25.0	7875	3.630058	0.21204115	5.4134765	3.0843453	-3.6981766	0.073408	5849.982157945633
316	2.5884411	0.0	2.5884411	2.5884411	25.0	7900	3.6360328	0.21152923	5.403549	3.1624975	-3.7021267	0.070736304	5868.541850566864
317	0.4432372	0.0	0.4432372	0.4432372	25.0	7925	3.6535492	0.2065031	5.410786	3.3186104	-3.7181208	0.07530349	5887.069924592972
318	0.35550255	0.0	0.35550255	0.35550255	25.0	7950	3.6586208	0.20316415	5.340038	3.3779984	-3.7281065	0.07960917	5906.339437484741
319	4.211862	0.0	4.211862	4.211862	25.0	7975	3.6844146	0.20333377	5.5863385	3.3258357	-3.752766	0.07420136	5925.001289129257
320	3.2543662	0.0	3.2543662	3.2543662	25.0	8000	3.6888027	0.216207	5.731202	3.3676019	-3.7493868	0.081313334	5944.562210321426
321	1.2432323	0.0	1.2432323	1.2432323	25.0	8025	3.7042103	0.21047567	5.6336346	3.3726723	-3.7619317	0.07712413	5963.108026504517
322	0.9009377	0.0	0.9009377	0.9009377	25.0	8050	3.6900337	0.20829408	5.4223924	3.2935758	-3.7633033	0.07419058	5981.722258806229
323	1.9459585	0.0	1.9459585	1.9459585	25.0	8075	3.737418	0.20070654	5.679982	3.4042013	-3.8055277	0.08303235	6000.513355016708
324	0.0	0.0	0.0	0.0	25.0	8100	3.7117536	0.21598408	5.7634273	3.221038	-3.7798748	0.066877104	6019.433876514435
325	2.0849829	0.0	2.0849829	2.0849829	25.0	8125	3.7373934	0.20767365	5.3862667	3.4553542	-3.8086765	0.07822203	6038.221169710159
326	3.8999662	0.0	3.8999662	3.8999662	25.0	8150	3.7367957	0.1909885	5.6192594	3.4025116	-3.8074844	0.069565386	6057.055965423584
327	0.4052668	0.0	0.4052668	0.4052668	25.0	8175	3.7478962	0.20054297	5.254923	3.4633138	-3.8071346	0.07380723	6075.900292634964
328	0.2583751	0.0	0.2583751	0.2583751	25.0	8200	3.759079	0.20374033	6.137755	3.438008	-3.828517	0.06720125	6094.715997457504
329	0.17449237	0.0	0.17449237	0.17449237	25.0	8225	3.7849853	0.184312	5.554769	3.4683235	-3.852487	0.07955934	6113.295107841492
330	3.1815953	0.0	3.1815953	3.1815953	25.0	8250	3.784403	0.2120567	5.5407314	3.4548566	-3.8586817	0.06969673	6133.705443382263
331	4.6433434	0.0	4.6433434	4.6433434	25.0	8275	3.8303998	0.23252814	6.0482845	3.4434302	-3.893513	0.093795516	6152.34371137619
332	1.6593201	0.0	1.6593201	1.6593201	25.0	8300	3.827225	0.22950651	6.2028236	3.4506125	-3.8883245	0.080926076	6170.870528936386
333	1.8653702	0.0	1.8653702	1.8653702	25.0	8325	3.8274224	0.21454646	5.9783354	3.357797	-3.8870885	0.08064664	6189.566671133041
334	0.7643519	0.0	0.7643519	0.7643519	25.0	8350	3.8514326	0.20169692	5.384177	3.540495	-3.9273908	0.083439305	6208.0310707092285
335	0.3122451	0.0	0.3122451	0.3122451	25.0	8375	3.8512597	0.2164489	5.8942947	3.4647298	-3.9154835	0.07109847	6226.5551970005035
336	1.1355869	0.0	1.1355869	1.1355869	25.0	8400	3.8672569	0.21593124	5.8864837	3.526887	-3.9354823	0.07970012	6246.109867572784
337	0.65360594	0.0	0.65360594	0.65360594	25.0	8425	3.882489	0.2131944	5.6443105	3.362748	-3.9509673	0.08373152	6264.574744462967
338	2.2677534	0.0	2.2677534	2.2677534	25.0	8450	3.8924222	0.21781509	5.6325235	3.5453951	-3.961099	0.07150995	6283.0317940711975
339	2.121041	0.0	2.121041	2.121041	25.0	8475	3.892516	0.20973548	5.74326	3.5620153	-3.9600577	0.07762486	6301.704888343811
340	1.1430489	0.0	1.1430489	1.1430489	25.0	8500	3.895196	0.21376449	5.5726056	3.580736	-3.9604568	0.067558415	6321.437105178833
341	2.5585496	0.0	2.5585496	2.5585496	25.0	8525	3.9272735	0.2260819	5.6831794	3.5743716	-3.9884286	0.08375634	6340.113941907883
342	0.49142277	0.0	0.49142277	0.49142277	25.0	8550	3.922084	0.23877516	6.1210203	3.4353223	-3.9928722	0.07216236	6358.688393831253
343	1.3467548	0.0	1.3467548	1.3467548	25.0	8575	3.9312408	0.23173743	6.14825	3.642691	-3.9999642	0.075087026	6377.306719303131
344	4.3835244	0.0	4.3835244	4.3835244	25.0	8600	3.9343493	0.20999484	5.654803	3.5743492	-4.0085464	0.08268067	6395.921524763107
345	0.16010587	0.0	0.16010587	0.16010587	25.0	8625	3.9683435	0.20545113	5.682546	3.5673335	-4.0430655	0.08098976	6414.39576625824
346	2.3813434	0.0	2.3813434	2.3813434	25.0	8650	3.9674542	0.22333048	6.3667045	3.6863365	-4.0292506	0.07886103	6433.192886352539
347	2.4243884	0.0	2.4243884	2.4243884	25.0	8675	3.9775867	0.23738928	6.2161183	3.6232338	-4.040369	0.0791877	6451.881740570068
348	4.7136617	0.0	4.7136617	4.7136617	25.0	8700	3.9854205	0.23931837	5.938328	3.639675	-4.061406	0.07848782	6470.456353902817
349	0.113238424	0.0	0.113238424	0.113238424	25.0	8725	3.9947584	0.2140312	6.1271987	3.535759	-4.07456	0.06718466	6489.1998999118805
350	1.2331681	0.0	1.2331681	1.2331681	25.0	8750	4.008241	0.21011	6.404873	3.6564255	-4.072808	0.07129408	6508.654010295868
351	1.4536394	0.0	1.4536394	1.4536394	25.0	8775	4.0152802	0.21824132	6.238444	3.541078	-4.09314	0.08685058	6527.415370225906
352	2.787787	0.0	2.787787	2.787787	25.0	8800	4.040699	0.22942601	6.3603115	3.6688771	-4.115322	0.07442054	6546.3424253463745
353	1.1372967	0.0	1.1372967	1.1372967	25.0	8825	4.033589	0.21461374	6.2315307	3.6792178	-4.1075635	0.06550448	6565.348261833191
354	2.0110543	0.0	2.0110543	2.0110543	25.0	8850	4.0582366	0.19723152	6.4410524	3.7184458	-4.1344285	0.083323315	6584.03417801857
355	2.0567706	0.0	2.0567706	2.0567706	25.0	8875	4.091234	0.2208567	6.272813	3.7497451	-4.167047	0.09487259	6603.582710027695
356	1.6983023	0.0	1.6983023	1.6983023	25.0	8900	4.086972	0.21056977	5.9184513	3.1591074	-4.1587067	0.081593096	6622.212029695511
357	0.0	0.0	0.0	0.0	25.0	8925	4.080736	0.21927689	6.1602874	3.749777	-4.1490297	0.070237614	6640.792468547821
358	6.1519675	0.0	6.1519675	6.1519675	25.0	8950	4.099598	0.17962244	6.3386374	3.7680926	-4.1762877	0.08118762	6659.450313806534
359	3.5179327	0.0	3.5179327	3.5179327	25.0	8975	4.1213984	0.21095172	6.195617	3.7507641	-4.1861687	0.06765487	6679.156811714172
360	1.2995676	0.0	1.2995676	1.2995676	25.0	9000	4.1215143	0.22648247	6.4137387	3.6864119	-4.185662	0.07727516	6698.424394130707
361	0.17910013	0.0	0.17910013	0.17910013	25.0	9025	4.135396	0.2249479	6.4913893	3.7612798	-4.2055984	0.07962197	6716.910944700241
362	1.1221377	0.0	1.1221377	1.1221377	25.0	9050	4.149156	0.21934637	6.536031	3.8182242	-4.227678	0.08622094	6736.594971418381
363	2.2565958	0.0	2.2565958	2.2565958	25.0	9075	4.141258	0.20910332	6.20784	3.7141623	-4.214295	0.061396018	6755.015548467636
364	1.080878	0.0	1.080878	1.080878	25.0	9100	4.169808	0.2170419	6.5389404	3.8295252	-4.2430835	0.07662738	6773.511703491211
365	1.5327923	0.0	1.5327923	1.5327923	25.0	9125	4.165152	0.22044232	6.2625623	3.4542356	-4.237999	0.06829521	6791.969695568085
366	1.396562	0.0	1.396562	1.396562	25.0	9150	4.179983	0.19905065	6.1090603	3.777734	-4.253397	0.06750705	6810.48067855835
367	1.3772287	0.0	1.3772287	1.3772287	25.0	9175	4.185362	0.21785083	6.389043	3.714004	-4.266483	0.07189222	6828.927047967911
368	0.5929777	0.0	0.5929777	0.5929777	25.0	9200	4.2237096	0.25418246	6.44969	3.7905624	-4.3013625	0.077819124	6848.379668951035
369	0.7180499	0.0	0.7180499	0.7180499	25.0	9225	4.233135	0.21479675	6.5440607	3.6134942	-4.3152676	0.07092942	6866.9860870838165
370	1.401434	0.0	1.401434	1.401434	25.0	9250	4.249401	0.22977749	6.653497	3.8633194	-4.322201	0.08014409	6886.36633849144
371	1.1174752	0.0	1.1174752	1.1174752	25.0	9275	4.2369676	0.2152638	6.3551607	3.9171302	-4.312831	0.07338768	6904.944130897522
372	3.16385	0.0	3.16385	3.16385	25.0	9300	4.255147	0.22211128	6.6423335	3.9663892	-4.3233204	0.08401825	6923.436721563339
373	2.921564	0.0	2.921564	2.921564	25.0	9325	4.2541566	0.19519654	6.4997087	3.5992	-4.3368497	0.07181729	6942.3547649383545
374	4.238971	0.0	4.238971	4.238971	25.0	9350	4.2615304	0.19953294	6.343479	3.9821825	-4.328965	0.07766692	6961.051011800766
375	3.1890752	0.0	3.1890752	3.1890752	25.0	9375	4.3098254	0.21951605	6.02766	3.9209085	-4.3858743	0.085840136	6979.956350564957
376	2.644502	0.0	2.644502	2.644502	25.0	9400	4.2916236	0.20445262	6.076922	3.8943493	-4.376632	0.08714295	6998.5131804943085
377	0.84002066	0.0	0.84002066	0.84002066	25.0	9425	4.309423	0.24058904	6.5403514	3.9656687	-4.376537	0.08849443	7017.281720399857
378	1.8902857	0.0	1.8902857	1.8902857	25.0	9450	4.3122983	0.22867787	6.3534284	3.8260472	-4.3897057	0.08642163	7035.969211816788
379	0.4203576	0.0	0.4203576	0.4203576	25.0	9475	4.3321724	0.208647	6.337483	4.0228753	-4.416973	0.07188488	7054.468851566315
380	0.853441	0.0	0.853441	0.853441	25.0	9500	4.328924	0.18920955	6.3427258	3.385474	-4.4093847	0.06879472	7073.972607851028
381	4.1044307	0.0	4.1044307	4.1044307	25.0	9525	4.347478	0.21926282	6.420595	4.061931	-4.4205976	0.07163459	7092.643290042877
382	0.4306098	0.0	0.4306098	0.4306098	25.0	9550	4.367094	0.2165115	6.4726143	3.875699	-4.438627	0.07122374	7111.214948415756
383	2.176341	0.0	2.176341	2.176341	25.0	9575	4.379894	0.23416473	6.725687	4.0301814	-4.451994	0.08154974	7129.833198070526
384	0.84171885	0.0	0.84171885	0.84171885	25.0	9600	4.3684025	0.21630175	6.5510974	4.037395	-4.441139	0.076052755	7148.378486394882
385	2.6993911	0.0	2.6993911	2.6993911	25.0	9625	4.389121	0.22503701	6.861745	4.030031	-4.4699388	0.07535241	7166.937327623367
386	0.23805104	0.0	0.23805104	0.23805104	25.0	9650	4.4143276	0.25934696	6.9045777	3.934689	-4.4895535	0.08115117	7185.558245897293
387	0.60275114	0.0	0.60275114	0.60275114	25.0	9675	4.4210525	0.2569722	7.2604756	4.09884	-4.4916177	0.08460912	7204.227135419846
388	1.8820825	0.0	1.8820825	1.8820825	25.0	9700	4.4158325	0.20278282	6.3157244	3.9663968	-4.494995	0.067453146	7222.953503370285
389	4.418069	0.0	4.418069	4.418069	25.0	9725	4.446488	0.2216522	6.3961434	4.057618	-4.5230756	0.08411548	7242.127855539322
390	1.2101812	0.0	1.2101812	1.2101812	25.0	9750	4.440634	0.23252986	6.83731	4.0157013	-4.5216975	0.08634099	7262.109001874924
391	0.97234726	0.0	0.97234726	0.97234726	25.0	9775	4.476306	0.23527572	6.6160865	4.1370893	-4.55867	0.09327838	7281.119145393372
392	0.82468426	0.0	0.82468426	0.82468426	25.0	9800	4.4757957	0.2043593	6.472285	4.0851474	-4.54952	0.081473224	7299.902001619339
393	3.8796196	0.0	3.8796196	3.8796196	25.0	9825	4.484358	0.20148425	6.8167276	4.1687856	-4.5660186	0.0765538	7318.813971281052
394	1.4714986	0.0	1.4714986	1.4714986	25.0	9850	4.5016403	0.22881575	6.922511	4.164774	-4.575629	0.077794045	7337.580617427826
395	0.79603344	0.0	0.79603344	0.79603344	25.0	9875	4.504383	0.23070745	7.0298257	4.1625	-4.577548	0.072653666	7356.195706367493
396	3.760925	0.0	3.760925	3.760925	25.0	9900	4.512246	0.20168194	6.4955697	4.092372	-4.5965514	0.08334	7374.789648294449
397	1.270182	0.0	1.270182	1.270182	25.0	9925	4.519789	0.19358811	6.7813244	4.2339344	-4.60093	0.06726124	7393.409745693207
398	1.0335113	0.0	1.0335113	1.0335113	25.0	9950	4.5478497	0.23311731	7.000282	4.204005	-4.6346188	0.080063656	7411.9882571697235
399	0.9924633	0.0	0.9924633	0.9924633	25.0	9975	4.5438557	0.20904154	6.959346	4.201045	-4.6318693	0.08201302	7430.556396722794
400	0.49250248	0.0	0.49250248	0.49250248	25.0	10000	4.576011	0.21729657	6.8328404	4.2529554	-4.6569123	0.08141442	7449.972512245178
401	0.6758419	0.0	0.6758419	0.6758419	25.0	10025	4.5721107	0.19977836	6.6643233	4.2813644	-4.6579466	0.07297687	7468.621572256088
402	1.410093	0.0	1.410093	1.410093	25.0	10050	4.564133	0.1878557	6.497328	4.1973743	-4.6451774	0.066648	7487.311007261276
403	1.2135612	0.0	1.2135612	1.2135612	25.0	10075	4.6126165	0.21616021	6.814852	4.296135	-4.692337	0.077482566	7505.870527982712
404	4.965548	0.0	4.965548	4.965548	25.0	10100	4.6157694	0.18432555	6.316423	4.312414	-4.6933007	0.076693185	7524.491565465927
405	1.4083215	0.0	1.4083215	1.4083215	25.0	10125	4.6248145	0.20262635	6.7883983	4.3013396	-4.7066174	0.07228437	7543.055778026581
406	2.0841093	0.0	2.0841093	2.0841093	25.0	10150	4.6322675	0.19096482	6.706519	4.2885494	-4.714841	0.06895221	7561.61700963974
407	0.17391597	0.0	0.17391597	0.17391597	25.0	10175	4.6408987	0.21973695	6.501395	4.314037	-4.7256594	0.07268142	7580.069490671158
408	5.7611938	0.0	5.7611938	5.7611938	25.0	10200	4.6753254	0.19811867	6.1975875	4.322802	-4.7550435	0.080564186	7598.622762203217
409	2.1870177	0.0	2.1870177	2.1870177	25.0	10225	4.6830196	0.2490754	6.572805	4.389692	-4.7550306	0.07553631	7617.54681801796
410	0.9827008	0.0	0.9827008	0.9827008	25.0	10250	4.655965	0.19978935	6.4302983	4.320519	-4.733988	0.06435072	7637.03955411911
411	3.2057717	0.0	3.2057717	3.2057717	25.0	10275	4.697551	0.206384	6.4137106	4.350636	-4.780997	0.06990765	7655.4736359119415
412	0.22611865	0.0	0.22611865	0.22611865	25.0	10300	4.7111983	0.22710758	6.98217	4.3636146	-4.7884903	0.08295336	7673.996706962585
413	0.4768494	0.0	0.4768494	0.4768494	25.0	10325	4.704672	0.17789683	6.336819	4.233876	-4.785478	0.07029297	7692.620594024658
414	4.516677	0.0	4.516677	4.516677	25.0	10350	4.7369366	0.20433593	6.7916923	4.365278	-4.8187795	0.083649255	7711.2092344760895
415	0.36098492	0.0	0.36098492	0.36098492	25.0	10375	4.747864	0.22008863	7.16558	4.4040995	-4.8280807	0.0903163	7729.717148065567
416	0.8571695	0.0	0.8571695	0.8571695	25.0	10400	4.7457056	0.23580232	7.306839	4.4093847	-4.8107553	0.07955493	7748.223564147949
417	1.5707502	0.0	1.5707502	1.5707502	25.0	10425	4.7705235	0.24724045	6.9308453	4.426536	-4.843175	0.080268204	7766.7371554374695
418	1.2746761	0.0	1.2746761	1.2746761	25.0	10450	4.7612066	0.23214555	6.5555396	4.339156	-4.8391128	0.083403215	7785.252227783203
419	0.8562818	0.0	0.8562818	0.8562818	25.0	10475	4.7913694	0.20668897	6.3957925	4.36352	-4.8721375	0.076715365	7803.793616056442
420	0.95043135	0.0	0.95043135	0.95043135	25.0	10500	4.8132863	0.22832891	6.4944177	4.488336	-4.89902	0.09825592	7823.2017250061035
421	1.0934379	0.0	1.0934379	1.0934379	25.0	10525	4.8195515	0.22161573	6.378688	4.471127	-4.890219	0.08374399	7841.653010129929
422	1.5936608	0.0	1.5936608	1.5936608	25.0	10550	4.826416	0.22064833	6.7318487	4.2920156	-4.9054184	0.08630954	7860.202046632767
423	1.7561247	0.0	1.7561247	1.7561247	25.0	10575	4.836956	0.22013402	6.9980702	4.5188355	-4.917746	0.10832319	7878.827463150024
424	2.830474	0.0	2.830474	2.830474	25.0	10600	4.8527284	0.2050871	6.759579	4.4320498	-4.9395094	0.09015321	7897.268564462662
425	0.1599783	0.0	0.1599783	0.1599783	25.0	10625	4.8421364	0.18392728	6.4248886	4.470613	-4.9251375	0.06879711	7915.754951238632
426	2.7952113	0.0	2.7952113	2.7952113	25.0	10650	4.8661857	0.20155144	6.4557185	4.471253	-4.9464617	0.08197969	7934.454242944717
427	2.1544046	0.0	2.1544046	2.1544046	25.0	10675	4.870032	0.21138014	6.7102804	4.3979454	-4.9489655	0.07233472	7953.557236194611
428	2.8212814	0.0	2.8212814	2.8212814	25.0	10700	4.8786883	0.23256016	6.966703	4.486122	-4.9574404	0.08069822	7972.327859163284
429	1.4972721	0.0	1.4972721	1.4972721	25.0	10725	4.9044538	0.20611991	6.963064	4.5117073	-4.9934106	0.07832766	7992.41517329216
430	1.9510989	0.0	1.9510989	1.9510989	25.0	10750	4.910498	0.22914231	6.8774195	4.5116463	-4.9929295	0.08632687	8013.159070730209
431	2.778788	0.0	2.778788	2.778788	25.0	10775	4.9099107	0.24075432	6.952429	4.337268	-4.9939284	0.07571083	8033.037596940994
432	1.6891693	0.0	1.6891693	1.6891693	25.0	10800	4.9323916	0.21336491	6.7570753	4.4582744	-5.023633	0.06527315	8052.1158990859985
433	0.80724126	0.0	0.80724126	0.80724126	25.0	10825	4.9472413	0.19879359	6.772218	4.656415	-5.0294323	0.08195444	8071.484213113785
434	1.4270322	0.0	1.4270322	1.4270322	25.0	10850	4.963328	0.20773807	6.735304	4.62158	-5.0395336	0.075107254	8090.92351603508
435	1.4592819	0.0	1.4592819	1.4592819	25.0	10875	4.970154	0.20906246	7.2253447	4.409513	-5.038819	0.07266648	8110.1656329631805
436	2.5248332	0.0	2.5248332	2.5248332	25.0	10900	4.994385	0.24800317	7.137402	4.5926414	-5.079132	0.092722476	8129.384480237961
437	1.8114867	0.0	1.8114867	1.8114867	25.0	10925	4.990862	0.20851292	6.8992076	4.521804	-5.0757647	0.0716559	8148.555331230164
438	0.81185174	0.0	0.81185174	0.81185174	25.0	10950	5.002578	0.23082317	6.911029	4.630006	-5.078157	0.0858161	8168.217794895172
439	1.2783369	0.0	1.2783369	1.2783369	25.0	10975	5.0194182	0.22562118	7.325874	4.639688	-5.1083226	0.086122796	8187.88428235054
440	3.3685117	0.0	3.3685117	3.3685117	25.0	11000	5.022555	0.21514001	7.618668	4.684214	-5.093006	0.0701061	8208.653637647629
441	0.17725301	0.0	0.17725301	0.17725301	25.0	11025	5.038817	0.21973526	7.1735697	4.4815226	-5.1196084	0.08033201	8227.896506547928
442	4.4932904	0.0	4.4932904	4.4932904	25.0	11050	5.025681	0.20506972	7.0872035	4.7513537	-5.102186	0.069091484	8247.143878936768
443	0.04236299	0.0	0.04236299	0.04236299	25.0	11075	5.054289	0.23149581	7.5235553	4.738067	-5.132272	0.078989565	8266.207479000092
444	1.6561198	0.0	1.6561198	1.6561198	25.0	11100	5.0530286	0.23437046	7.4931164	4.722581	-5.123106	0.07826939	8285.333841562271
445	2.5034895	0.0	2.5034895	2.5034895	25.0	11125	5.0560436	0.21456908	7.0861874	4.4535794	-5.140292	0.076300405	8304.110653400421
446	1.5981727	0.0	1.5981727	1.5981727	25.0	11150	5.0756464	0.22719033	7.549247	4.5228434	-5.148398	0.08310693	8322.809199810028
447	1.5274574	0.0	1.5274574	1.5274574	25.0	11175	5.078964	0.21950905	7.2659545	4.7432356	-5.157164	0.08796008	8341.563527584076
448	1.2634034	0.0	1.2634034	1.2634034	25.0	11200	5.0808363	0.2288683	6.820674	4.795527	-5.1562943	0.07837335	8360.40913438797
449	1.9859794	0.0	1.9859794	1.9859794	25.0	11225	5.0761113	0.19600883	6.9675674	4.722727	-5.162065	0.07297123	8379.43900513649
450	1.8352871	0.0	1.8352871	1.8352871	25.0	11250	5.0983663	0.19850741	7.2573204	4.7362823	-5.183089	0.08581393	8399.523000955582
451	2.6169362	0.0	2.6169362	2.6169362	25.0	11275	5.1241	0.23051153	7.13618	4.7816353	-5.1967096	0.08640416	8418.557735919952
452	3.1357808	0.0	3.1357808	3.1357808	25.0	11300	5.1191087	0.22722603	6.968471	4.6719837	-5.191477	0.070675276	8437.401246070862
453	3.6323507	0.0	3.6323507	3.6323507	25.0	11325	5.1314793	0.2238826	6.74641	4.792566	-5.2190065	0.085104905	8456.149827241898
454	3.3691695	0.0	3.3691695	3.3691695	25.0	11350	5.1521277	0.23122223	7.437327	4.8123336	-5.23924	0.08642501	8474.911987066269
455	0.8761591	0.0	0.8761591	0.8761591	25.0	11375	5.147699	0.24165818	7.396209	4.7401476	-5.234707	0.07841133	8493.596630573273
456	0.4794371	0.0	0.4794371	0.4794371	25.0	11400	5.1816998	0.23700331	7.0637474	4.8460264	-5.2504025	0.08285366	8512.327453374863
457	1.5717584	0.0	1.5717584	1.5717584	25.0	11425	5.1681004	0.22739199	7.6606507	4.8209496	-5.2487683	0.07430016	8531.120480775833
458	3.0200002	0.0	3.0200002	3.0200002	25.0	11450	5.1960144	0.2127921	7.023325	4.7354913	-5.266388	0.07350369	8550.127878904343
459	1.3284492	0.0	1.3284492	1.3284492	25.0	11475	5.2073793	0.20705885	6.781024	4.817663	-5.2781024	0.09286788	8569.10428929329
460	0.37421247	0.0	0.37421247	0.37421247	25.0	11500	5.2034044	0.22798677	7.5733266	4.8012633	-5.278311	0.08075919	8588.82370018959
461	0.44694534	0.0	0.44694534	0.44694534	25.0	11525	5.1964746	0.19032037	7.2581778	4.783255	-5.276144	0.07047284	8607.314351797104
462	2.4140255	0.0	2.4140255	2.4140255	25.0	11550	5.2089634	0.21923578	7.316824	4.695688	-5.296073	0.08911439	8625.812176465988
463	0.45830685	0.0	0.45830685	0.45830685	25.0	11575	5.241704	0.21215989	7.4334445	4.843262	-5.329348	0.08669768	8644.403842687607
464	1.324128	0.0	1.324128	1.324128	25.0	11600	5.2579	0.22348365	7.3239074	4.9257255	-5.337596	0.08465658	8663.136196613312
465	0.27961242	0.0	0.27961242	0.27961242	25.0	11625	5.260275	0.24525361	7.988119	4.8625937	-5.3404326	0.07408791	8681.980277061462
466	3.4932003	0.0	3.4932003	3.4932003	25.0	11650	5.265846	0.24574138	8.073994	4.8905697	-5.346386	0.06999336	8701.202211856842
467	5.2474127	0.0	5.2474127	5.2474127	25.0	11675	5.2870135	0.2120339	7.6612377	4.743146	-5.3765	0.084377564	8720.262711048126
468	1.402996	0.0	1.402996	1.402996	25.0	11700	5.30452	0.21795544	7.3403063	4.9105153	-5.3809342	0.08574479	8739.046095848083
469	0.533035	0.0	0.533035	0.533035	25.0	11725	5.3281746	0.21966012	7.4973173	4.9704504	-5.4204206	0.09321094	8757.687608718872
470	4.1132836	0.0	4.1132836	4.1132836	25.0	11750	5.317123	0.19447467	7.321945	4.800528	-5.399541	0.06900611	8777.464090108871
471	2.5729456	0.0	2.5729456	2.5729456	25.0	11775	5.336173	0.23791067	7.478503	4.9170523	-5.4188566	0.0762682	8796.194072246552
472	1.0039903	0.0	1.0039903	1.0039903	25.0	11800	5.3572707	0.24371639	7.5338135	4.898929	-5.443074	0.099781275	8815.711203336716
473	0.99573016	0.0	0.99573016	0.99573016	25.0	11825	5.359457	0.23207316	7.4253087	5.0134	-5.4377546	0.07296512	8835.192775726318
474	0.8091202	0.0	0.8091202	0.8091202	25.0	11850	5.357357	0.20327552	7.2803884	5.0230737	-5.443771	0.076954044	8854.546662807465
475	6.096542	0.0	6.096542	6.096542	25.0	11875	5.3788667	0.22336474	7.727431	4.9285	-5.4594	0.08720531	8873.69861650467
476	2.8135533	0.0	2.8135533	2.8135533	25.0	11900	5.3670006	0.24058414	7.6755633	4.9801717	-5.4513183	0.08241466	8892.92434835434
477	6.405972	0.0	6.405972	6.405972	25.0	11925	5.39951	0.23404828	7.72706	5.0916705	-5.476053	0.081423715	8912.131341218948
478	5.0609546	0.0	5.0609546	5.0609546	25.0	11950	5.4326324	0.27399322	7.80623	5.0166707	-5.51054	0.097987235	8931.927575588226
479	1.3771317	0.0	1.3771317	1.3771317	25.0	11975	5.4391856	0.26158968	7.8811035	5.0733223	-5.5149755	0.11906212	8951.547316789627
480	2.9760945	0.0	2.9760945	2.9760945	25.0	12000	5.426012	0.26491442	8.014759	5.0781913	-5.503042	0.08477023	8972.16883301735
481	2.6949928	0.0	2.6949928	2.6949928	25.0	12025	5.4274	0.20562662	6.982786	5.035155	-5.504649	0.07528272	8991.663652896881
482	4.63205	0.0	4.63205	4.63205	25.0	12050	5.4445715	0.21582946	7.730697	4.964594	-5.518189	0.09050018	9010.608904123306
483	1.6992897	0.0	1.6992897	1.6992897	25.0	12075	5.4411335	0.20787628	7.416266	4.9555225	-5.51045	0.07586011	9029.169697523117
484	4.27678	0.0	4.27678	4.27678	25.0	12100	5.454139	0.20874384	7.3614025	5.0968604	-5.532445	0.06950114	9047.77643442154
485	1.1711185	0.0	1.1711185	1.1711185	25.0	12125	5.480476	0.23895647	7.794432	4.9432173	-5.5631404	0.103042625	9066.249788045883
486	3.7259488	0.0	3.7259488	3.7259488	25.0	12150	5.480136	0.24185112	7.8812118	5.1661205	-5.567302	0.08896795	9084.703869819641
487	0.6604101	0.0	0.6604101	0.6604101	25.0	12175	5.506285	0.23428217	7.618593	5.0829263	-5.581761	0.09359277	9106.29378247261
488	1.8933914	0.0	1.8933914	1.8933914	25.0	12200	5.5131655	0.2629189	7.9740725	5.0477266	-5.5862236	0.080711335	9124.698696374893
489	1.4368187	0.0	1.4368187	1.4368187	25.0	12225	5.5456986	0.2488846	8.089851	5.1873713	-5.623865	0.0892472	9143.147987604141
490	0.41681883	0.0	0.41681883	0.41681883	25.0	12250	5.51726	0.20587705	6.844248	5.1565623	-5.5985613	0.07731678	9162.515756368637
491	0.09044566	0.0	0.09044566	0.09044566	25.0	12275	5.5466914	0.24772124	7.946911	4.9654093	-5.632327	0.091107026	9181.012501001358
492	0.066543266	0.0	0.066543266	0.066543266	25.0	12300	5.565755	0.22759026	7.6531982	5.217058	-5.6435094	0.09958942	9199.47312426567
493	1.3643254	0.0	1.3643254	1.3643254	25.0	12325	5.551028	0.2123451	7.511888	5.1174564	-5.624691	0.08951906	9218.043676137924
494	1.7165947	0.0	1.7165947	1.7165947	25.0	12350	5.573938	0.24228688	8.06004	5.2493777	-5.6522264	0.094318174	9236.440973758698
495	3.1742752	0.0	3.1742752	3.1742752	25.0	12375	5.586936	0.20857245	7.234403	5.065526	-5.6639752	0.082143396	9254.82836341858
496	2.1979868	0.0	2.1979868	2.1979868	25.0	12400	5.591701	0.23326841	7.697132	5.155244	-5.6845045	0.08976763	9273.20822930336
497	2.4380984	0.0	2.4380984	2.4380984	25.0	12425	5.618232	0.23169161	7.5163956	5.20986	-5.700171	0.09672117	9291.570492744446
498	0.7401337	0.0	0.7401337	0.7401337	25.0	12450	5.620373	0.21677877	7.3005905	5.245716	-5.7000904	0.089426	9309.974799871445
499	2.3597207	0.0	2.3597207	2.3597207	25.0	12475	5.6276	0.22677815	7.7280583	5.1001067	-5.700686	0.08635755	9328.403162956238
500	2.7914252	0.0	2.7914252	2.7914252	25.0	12500	5.6319604	0.21464439	7.738388	4.923155	-5.7047358	0.08669799	9347.871891021729
501	2.711479	0.0	2.711479	2.711479	25.0	12525	5.655531	0.25431535	7.8113484	5.29184	-5.718804	0.08331831	9366.238890647888
502	0.50686	0.0	0.50686	0.50686	25.0	12550	5.6627765	0.23287758	7.8775787	5.241373	-5.736446	0.10230592	9384.67715883255
503	4.3589735	0.0	4.3589735	4.3589735	25.0	12575	5.6602755	0.2115115	7.719902	5.1076946	-5.7415047	0.094487675	9403.262611865997
504	3.1781797	0.0	3.1781797	3.1781797	25.0	12600	5.67352	0.20377539	7.6728363	4.490245	-5.7465878	0.07702212	9421.834520578384
505	1.8871058	0.0	1.8871058	1.8871058	25.0	12625	5.6892877	0.24377434	7.7559834	5.361093	-5.7571535	0.088609055	9440.323012828827
506	1.752552	0.0	1.752552	1.752552	25.0	12650	5.7107506	0.23218627	7.947508	5.2041116	-5.8034606	0.089696124	9458.741255760193
507	3.2366755	0.0	3.2366755	3.2366755	25.0	12675	5.7007046	0.21522397	7.4933996	5.3461447	-5.79035	0.080183595	9477.19298529625
508	0.15241724	0.0	0.15241724	0.15241724	25.0	12700	5.730002	0.24259706	8.151407	5.356005	-5.804543	0.09365348	9495.599107265472
509	1.7973669	0.0	1.7973669	1.7973669	25.0	12725	5.723428	0.22240858	8.084735	5.3796787	-5.8085756	0.07559718	9513.99210524559
510	3.0847025	0.0	3.0847025	3.0847025	25.0	12750	5.75182	0.23507959	7.8140626	5.4140053	-5.830227	0.09426879	9533.583995103836
511	1.384299	0.0	1.384299	1.384299	25.0	12775	5.7667556	0.2225282	8.240542	5.3206625	-5.8548646	0.08789758	9552.145210504532
512	2.7304227	0.0	2.7304227	2.7304227	25.0	12800	5.7479963	0.22380534	8.299801	5.3232408	-5.833332	0.08457416	9570.684527397156
513	2.899459	0.0	2.899459	2.899459	25.0	12825	5.7852235	0.23055758	8.146713	5.425437	-5.8616614	0.07748267	9589.131494045258
514	1.7361414	0.0	1.7361414	1.7361414	25.0	12850	5.790867	0.21077895	7.9481378	5.4282794	-5.8674955	0.07923388	9607.684559583664
515	0.0	0.0	0.0	0.0	25.0	12875	5.7946925	0.22946611	8.248363	5.280301	-5.876472	0.08173877	9626.927337408066
516	4.321555	0.0	4.321555	4.321555	25.0	12900	5.808212	0.2167365	8.761955	5.4408565	-5.88764	0.08620746	9645.863684415817
517	0.10487606	0.0	0.10487606	0.10487606	25.0	12925	5.8077126	0.26314938	8.65127	5.4978046	-5.885025	0.07347534	9664.76592540741
518	1.1278708	0.0	1.1278708	1.1278708	25.0	12950	5.8394055	0.23386578	8.437158	5.437778	-5.93115	0.089767076	9684.0182492733
519	0.50208837	0.0	0.50208837	0.50208837	25.0	12975	5.832782	0.21547453	7.4809675	5.32103	-5.9114213	0.08023105	9702.612246513367
520	0.23739287	0.0	0.23739287	0.23739287	25.0	13000	5.8533583	0.22529559	8.042351	5.513073	-5.931143	0.08451959	9722.221954345703
521	1.621331	0.0	1.621331	1.621331	25.0	13025	5.8670106	0.24634142	7.952951	5.4845486	-5.9429345	0.085458726	9740.91412973404
522	2.297315	0.0	2.297315	2.297315	25.0	13050	5.8443604	0.22272782	7.8282213	5.374161	-5.9206634	0.08768004	9760.625368356705
523	0.18389374	0.0	0.18389374	0.18389374	25.0	13075	5.8865504	0.22699909	7.9181314	5.51487	-5.9678707	0.093090765	9779.230549573898
524	0.67631376	0.0	0.67631376	0.67631376	25.0	13100	5.8855114	0.24698095	8.090373	5.467669	-5.968915	0.09066736	9797.87463593483
525	3.66071	0.0	3.66071	3.66071	25.0	13125	5.8846693	0.20849288	7.543113	5.499381	-5.9696302	0.08563252	9816.613722324371
526	1.9827425	0.0	1.9827425	1.9827425	25.0	13150	5.909552	0.24138804	8.284909	5.5062723	-5.988725	0.08479111	9835.198901414871
527	1.8785074	0.0	1.8785074	1.8785074	25.0	13175	5.9217114	0.21379498	7.7390785	5.4898896	-5.9926677	0.08221676	9853.693627595901
528	1.5875262	0.0	1.5875262	1.5875262	25.0	13200	5.9215736	0.2288188	8.027254	5.4957895	-6.010417	0.09393525	9872.406319618225
529	2.083239	0.0	2.083239	2.083239	25.0	13225	5.942743	0.24323496	8.166361	5.6116457	-6.0166717	0.08353942	9890.931101560593
530	1.6064029	0.0	1.6064029	1.6064029	25.0	13250	5.9592476	0.23030008	8.304092	5.577862	-6.0280895	0.096311875	9910.615317583084
531	1.1232258	0.0	1.1232258	1.1232258	25.0	13275	5.9717054	0.2584407	7.9799643	5.5944023	-6.055162	0.09614737	9929.792229652405
532	1.9328284	0.0	1.9328284	1.9328284	25.0	13300	5.9860034	0.23670956	8.047398	5.595173	-6.0664887	0.1021365	9948.370453357697
533	0.8707432	0.0	0.8707432	0.8707432	25.0	13325	5.968757	0.19917509	7.7430935	5.59343	-6.0545506	0.08351026	9966.986441850662
534	5.464395	0.0	5.464395	5.464395	25.0	13350	6.0038733	0.23522644	8.040937	5.6296782	-6.0826964	0.086632594	9985.588536024094
535	3.5344186	0.0	3.5344186	3.5344186	25.0	13375	5.9759636	0.20035207	7.799077	5.6351194	-6.05998	0.07748386	10004.389533519745
536	1.402937	0.0	1.402937	1.402937	25.0	13400	6.012069	0.22280964	7.924646	5.0214133	-6.0917535	0.089351386	10023.190853595734
537	1.3666435	0.0	1.3666435	1.3666435	25.0	13425	6.026346	0.20353319	8.24864	5.7135096	-6.097078	0.090876125	10042.13633608818
538	3.584539	0.0	3.584539	3.584539	25.0	13450	6.0201125	0.2390398	8.334686	5.6645203	-6.0797243	0.08586626	10060.722645521164
539	0.8873459	0.0	0.8873459	0.8873459	25.0	13475	6.013876	0.2144086	7.71975	5.624757	-6.094214	0.08801352	10079.364604234695
540	0.662891	0.0	0.662891	0.662891	25.0	13500	6.052229	0.20158124	7.7776527	5.579647	-6.124608	0.091741666	10099.076370954514
541	2.3063061	0.0	2.3063061	2.3063061	25.0	13525	6.027433	0.20988253	8.243977	5.713141	-6.103546	0.06926833	10117.60162448883
542	2.7901373	0.0	2.7901373	2.7901373	25.0	13550	6.088487	0.22886704	8.013627	5.343679	-6.1741967	0.09342001	10136.111375331879
543	0.64507264	0.0	0.64507264	0.64507264	25.0	13575	6.0773926	0.23718897	8.021217	5.6571507	-6.1458898	0.091952436	10154.69338297844
544	0.5491691	0.0	0.5491691	0.5491691	25.0	13600	6.080481	0.26891032	8.430485	5.508491	-6.167569	0.085929155	10173.297415733337
545	0.0	0.0	0.0	0.0	25.0	13625	6.0914893	0.24771982	8.405652	5.6744843	-6.1710334	0.07453126	10192.008095741272
546	1.851034	0.0	1.851034	1.851034	25.0	13650	6.0870194	0.2022764	8.222172	5.532953	-6.176031	0.08762271	10210.67190361023
547	1.0031075	0.0	1.0031075	1.0031075	25.0	13675	6.1085954	0.2278694	8.435072	5.6503987	-6.199503	0.08654027	10229.423741102219
548	1.0579028	0.0	1.0579028	1.0579028	25.0	13700	6.138852	0.26556987	8.534348	5.5881996	-6.221028	0.10318554	10248.062283754349
549	1.9201912	0.0	1.9201912	1.9201912	25.0	13725	6.1349473	0.22513042	8.572576	5.707991	-6.2149577	0.08617504	10266.917968511581
550	0.7048656	0.0	0.7048656	0.7048656	25.0	13750	6.147485	0.23199372	8.520412	5.7881613	-6.2220693	0.09075145	10286.757472276688
551	1.9486855	0.0	1.9486855	1.9486855	25.0	13775	6.144256	0.21593049	8.14672	5.7839794	-6.2294393	0.08235731	10305.244808673859
552	0.64102346	0.0	0.64102346	0.64102346	25.0	13800	6.16277	0.23813373	8.896397	5.6783605	-6.2473297	0.10239759	10323.777608394623
553	0.28968662	0.0	0.28968662	0.28968662	25.0	13825	6.172198	0.22477894	8.040694	5.4421062	-6.256586	0.08202687	10342.321532726288
554	0.97592866	0.0	0.97592866	0.97592866	25.0	13850	6.171073	0.2334061	8.78122	5.818971	-6.2493176	0.08863237	10360.892408847809
555	5.5937433	0.0	5.5937433	5.5937433	25.0	13875	6.1813	0.2184265	8.245886	5.748795	-6.2516823	0.0887555	10379.440465927124
556	0.66833454	0.0	0.66833454	0.66833454	25.0	13900	6.197985	0.22471635	8.203174	5.6751704	-6.281582	0.09036583	10398.056488990784
557	5.2584367	0.0	5.2584367	5.2584367	25.0	13925	6.229629	0.23409061	8.907211	5.8160524	-6.3044186	0.10107046	10416.682345151901
558	3.0400844	0.0	3.0400844	3.0400844	25.0	13950	6.2222733	0.25199446	8.439688	5.7620716	-6.293032	0.09583208	10435.319107294083
559	1.6646403	0.0	1.6646403	1.6646403	25.0	13975	6.2195168	0.21916017	8.301959	5.868014	-6.2992425	0.077309914	10453.923024892807
560	2.025615	0.0	2.025615	2.025615	25.0	14000	6.2647457	0.24531151	8.731012	5.8593206	-6.343826	0.10894196	10473.597014665604
561	2.18342	0.0	2.18342	2.18342	25.0	14025	6.253844	0.23750107	8.215254	5.8459744	-6.3312335	0.09576379	10492.268605947495
562	0.8797219	0.0	0.8797219	0.8797219	25.0	14050	6.2705674	0.2549988	9.146457	5.8279424	-6.3462114	0.091892	10510.96734571457
563	2.202061	0.0	2.202061	2.202061	25.0	14075	6.28351	0.23299679	8.267792	5.891489	-6.3714943	0.08876316	10529.696735620499
564	0.7929198	0.0	0.7929198	0.7929198	25.0	14100	6.2872705	0.24373177	8.635572	5.9541526	-6.3784485	0.096464776	10548.34272313118
565	1.5934058	0.0	1.5934058	1.5934058	25.0	14125	6.3142815	0.27034897	8.87226	5.7876573	-6.3837776	0.11625853	10566.95553779602
566	4.3080397	0.0	4.3080397	4.3080397	25.0	14150	6.3149543	0.24604848	8.527838	5.9290867	-6.3901873	0.09977928	10585.735491037369
567	5.045203	0.0	5.045203	5.045203	25.0	14175	6.3299117	0.26065174	8.612389	5.91908	-6.4126797	0.107480146	10604.44453215599
568	0.7461216	0.0	0.7461216	0.7461216	25.0	14200	6.3345146	0.2581484	8.461524	5.841748	-6.402641	0.09970801	10623.114005327225
569	1.4873753	0.0	1.4873753	1.4873753	25.0	14225	6.323879	0.27476218	9.166247	5.877976	-6.410861	0.08002457	10641.771310091019
570	1.1980104	0.0	1.1980104	1.1980104	25.0	14250	6.3521223	0.25818902	9.18347	6.0126605	-6.4293523	0.09682727	10661.76383805275
571	2.8057222	0.0	2.8057222	2.8057222	25.0	14275	6.3688073	0.2533422	8.881814	6.0145664	-6.4496694	0.09691398	10680.662760972977
572	1.0644801	0.0	1.0644801	1.0644801	25.0	14300	6.360651	0.22083518	8.940203	5.964156	-6.4338036	0.09657482	10699.207248210907
573	0.7775833	0.0	0.7775833	0.7775833	25.0	14325	6.3831067	0.23775344	8.622706	5.867822	-6.4749227	0.09423539	10717.719461679459
574	2.2605407	0.0	2.2605407	2.2605407	25.0	14350	6.3827443	0.23440523	8.710109	5.9307613	-6.4611506	0.09407692	10736.332729816437
575	0.94668204	0.0	0.94668204	0.94668204	25.0	14375	6.3972044	0.22471945	8.4328985	5.9394746	-6.486915	0.10329704	10754.80595111847
576	4.225726	0.0	4.225726	4.225726	25.0	14400	6.404889	0.21636616	8.5062895	6.022703	-6.47894	0.093632005	10773.246158123016
577	1.7666014	0.0	1.7666014	1.7666014	25.0	14425	6.4194365	0.24636711	8.276459	5.9733043	-6.497352	0.11573109	10791.671447753906
578	0.0	0.0	0.0	0.0	25.0	14450	6.4301953	0.24321176	8.892289	6.058851	-6.5193367	0.11122289	10810.061657190323
579	1.5823195	0.0	1.5823195	1.5823195	25.0	14475	6.438158	0.24437274	8.884684	6.0457773	-6.510968	0.1023206	10828.552368164062
580	0.75691146	0.0	0.75691146	0.75691146	25.0	14500	6.431165	0.24222203	8.785807	6.095926	-6.512852	0.09567415	10848.102948665619
581	0.7042276	0.0	0.7042276	0.7042276	25.0	14525	6.4506464	0.22036472	8.172479	6.0965323	-6.5323744	0.09777071	10866.484535455704
582	2.250549	0.0	2.250549	2.250549	25.0	14550	6.4719415	0.23767221	8.98171	6.1028185	-6.546559	0.10466334	10884.917204856873
583	0.43362322	0.0	0.43362322	0.43362322	25.0	14575	6.4667134	0.22507715	8.72973	6.122612	-6.5407195	0.09526688	10903.353279352188
584	0.45397508	0.0	0.45397508	0.45397508	25.0	14600	6.4568233	0.2534757	8.652764	6.018338	-6.5287127	0.09987207	10921.740777730942
585	6.851652	0.0	6.851652	6.851652	25.0	14625	6.4917235	0.24312586	9.036533	6.1012764	-6.5712776	0.10098029	10940.163130521774
586	0.7110039	0.0	0.7110039	0.7110039	25.0	14650	6.490491	0.24675974	9.254893	6.016981	-6.5590043	0.090690956	10958.576758384705
587	2.2029538	0.0	2.2029538	2.2029538	25.0	14675	6.5132704	0.25045547	8.510055	6.01456	-6.588049	0.095824346	10977.022275686264
588	3.687002	0.0	3.687002	3.687002	25.0	14700	6.5067487	0.2541625	8.803466	6.138026	-6.568302	0.10229142	10995.594281196594
589	2.641993	0.0	2.641993	2.641993	25.0	14725	6.510795	0.24995667	8.844042	6.050281	-6.5821815	0.09137268	11014.100024938583
590	0.94402796	0.0	0.94402796	0.94402796	25.0	14750	6.5289226	0.27126452	8.95871	6.0931854	-6.5985165	0.098715164	11033.810680627823
591	1.0580932	0.0	1.0580932	1.0580932	25.0	14775	6.5181704	0.24884889	9.013466	6.0986	-6.6015	0.10119264	11052.216376781464
592	3.4819694	0.0	3.4819694	3.4819694	25.0	14800	6.5340667	0.24507494	8.837996	6.004865	-6.6102147	0.107823305	11070.704394102097
593	2.3352885	0.0	2.3352885	2.3352885	25.0	14825	6.5438824	0.25763896	9.136355	6.16129	-6.6119337	0.08682506	11089.134335756302
594	2.3606892	0.0	2.3606892	2.3606892	25.0	14850	6.5686574	0.26169747	8.652379	6.113359	-6.65611	0.106225416	11107.582056045532
595	1.044161	0.0	1.044161	1.044161	25.0	14875	6.589054	0.26764193	9.041165	6.1746955	-6.669897	0.11219723	11125.93775677681
596	0.45486984	0.0	0.45486984	0.45486984	25.0	14900	6.5728955	0.25444755	8.686214	6.17642	-6.649759	0.09514403	11144.362695455551
597	0.30876	0.0	0.30876	0.30876	25.0	14925	6.5970063	0.24879262	9.3537445	6.1552505	-6.680682	0.11428897	11162.772659778595
598	0.16848256	0.0	0.16848256	0.16848256	25.0	14950	6.596419	0.24132554	8.821502	6.051812	-6.6693077	0.102320775	11181.24873661995
599	0.2045282	0.0	0.2045282	0.2045282	25.0	14975	6.605384	0.24762887	9.295907	6.117324	-6.6759715	0.08802396	11199.677213430405
600	1.993618	0.0	1.993618	1.993618	25.0	15000	6.632159	0.25164694	9.472708	6.2998157	-6.7083745	0.10215709	11219.534474611282
601	3.7761242	0.0	3.7761242	3.7761242	25.0	15025	6.6181483	0.23515972	8.573756	6.17195	-6.7002344	0.09723009	11238.130014896393
602	2.1429584	0.0	2.1429584	2.1429584	25.0	15050	6.630231	0.24313045	8.741535	6.2800007	-6.698686	0.08721457	11256.610966920853
603	2.8134518	0.0	2.8134518	2.8134518	25.0	15075	6.634306	0.2716851	9.57619	6.2776837	-6.715341	0.08782656	11275.08680844307
604	0.8858701	0.0	0.8858701	0.8858701	25.0	15100	6.645819	0.24340025	9.334074	6.208632	-6.7210546	0.093914635	11293.613735198975
605	2.3093877	0.0	2.3093877	2.3093877	25.0	15125	6.651899	0.22174115	9.19122	6.2453847	-6.7290974	0.07836118	11312.174946546555
606	3.8380096	0.0	3.8380096	3.8380096	25.0	15150	6.647798	0.22164631	8.794744	6.2780595	-6.718465	0.094937325	11330.67133140564
607	3.191118	0.0	3.191118	3.191118	25.0	15175	6.6651573	0.22125418	8.980884	6.1494856	-6.7463746	0.098889224	11349.11066365242
608	3.2080734	0.0	3.2080734	3.2080734	25.0	15200	6.693878	0.2276032	8.845742	6.1355133	-6.7823963	0.099545784	11367.561665058136
609	3.9321818	0.0	3.9321818	3.9321818	25.0	15225	6.700139	0.2389882	8.867761	6.334292	-6.7732396	0.1025113	11386.001275777817
610	4.591008	0.0	4.591008	4.591008	25.0	15250	6.7112355	0.24976753	8.713713	6.2478566	-6.7821198	0.097536795	11405.665412902832
611	0.5184184	0.0	0.5184184	0.5184184	25.0	15275	6.7023106	0.23839644	9.15414	6.2179837	-6.7731433	0.091689005	11424.147386550903
612	1.486751	0.0	1.486751	1.486751	25.0	15300	6.7319202	0.2660876	9.441189	6.2428765	-6.807594	0.099368565	11442.618987083435
613	0.035677947	0.0	0.035677947	0.035677947	25.0	15325	6.7371645	0.2589816	9.039882	6.3245044	-6.8218236	0.101868734	11461.01554942131
614	5.383904	0.0	5.383904	5.383904	25.0	15350	6.7345595	0.241196	8.970244	6.41304	-6.818094	0.09678423	11479.620980262756
615	0.64563465	0.0	0.64563465	0.64563465	25.0	15375	6.7571588	0.28013915	10.080573	6.3792944	-6.839444	0.10629334	11498.042189359665
616	1.3364371	0.0	1.3364371	1.3364371	25.0	15400	6.7567625	0.2187069	8.748771	6.3667955	-6.830289	0.09324279	11516.423925638199
617	0.7726394	0.0	0.7726394	0.7726394	25.0	15425	6.772867	0.23953223	9.257774	6.349577	-6.837228	0.0921201	11535.011198759079
618	0.93046886	0.0	0.93046886	0.93046886	25.0	15450	6.7688756	0.24658352	9.411585	6.4343786	-6.8485537	0.08286064	11553.68092918396
619	1.2037958	0.0	1.2037958	1.2037958	25.0	15475	6.791122	0.22555494	9.284549	6.403535	-6.8743787	0.10764003	11572.210724592209
620	0.38486537	0.0	0.38486537	0.38486537	25.0	15500	6.784238	0.24314992	9.021402	6.2011743	-6.86194	0.08826955	11592.173943519592
621	0.11125862	0.0	0.11125862	0.11125862	25.0	15525	6.805829	0.2416424	8.767148	6.3999934	-6.880502	0.10331148	11611.42556643486
622	1.8397272	0.0	1.8397272	1.8397272	25.0	15550	6.8099303	0.2506481	9.36754	6.449789	-6.875002	0.094087236	11630.818505764008
623	0.66241187	0.0	0.66241187	0.66241187	25.0	15575	6.814712	0.2669599	9.501564	6.472367	-6.876687	0.08510194	11649.795739412308
624	0.25175714	0.0	0.25175714	0.25175714	25.0	15600	6.806905	0.22776371	9.164361	6.36777	-6.8626223	0.071854256	11668.553414583206
625	0.9310986	0.0	0.9310986	0.9310986	25.0	15625	6.806344	0.21387109	8.861598	6.443956	-6.895042	0.08685664	11687.323845386505
626	2.9401817	0.0	2.9401817	2.9401817	25.0	15650	6.8541217	0.25127527	9.316169	6.3228154	-6.937152	0.09626033	11706.395922660828
627	0.2864233	0.0	0.2864233	0.2864233	25.0	15675	6.8599644	0.24154945	8.924207	6.4694786	-6.9364715	0.09977745	11725.182865858078
628	0.751789	0.0	0.751789	0.751789	25.0	15700	6.8446875	0.23609263	9.48223	6.4719315	-6.9134917	0.08406233	11744.436360359192
629	4.6355195	0.0	4.6355195	4.6355195	25.0	15725	6.879096	0.24995752	9.694106	6.446733	-6.95065	0.0887617	11763.401698827744
630	1.7973856	0.0	1.7973856	1.7973856	25.0	15750	6.90402	0.2703456	9.115207	6.541976	-6.982974	0.11748433	11783.842851400375
631	0.3408491	0.0	0.3408491	0.3408491	25.0	15775	6.894303	0.26013482	9.750389	6.233278	-6.9705043	0.095629275	11802.69100189209
632	2.4734805	0.0	2.4734805	2.4734805	25.0	15800	6.9140944	0.25694564	9.522827	6.4148145	-6.9911623	0.09840374	11821.471068143845
633	1.0858339	0.0	1.0858339	1.0858339	25.0	15825	6.906542	0.26009315	9.711887	6.466218	-6.9766808	0.09915982	11840.160195589066
634	1.270625	0.0	1.270625	1.270625	25.0	15850	6.9068346	0.25415465	10.319075	6.5969024	-6.9832544	0.10631176	11859.316674470901
635	2.1746218	0.0	2.1746218	2.1746218	25.0	15875	6.929779	0.25270283	9.587286	6.4862266	-7.005105	0.10315791	11878.270980358124
636	1.0527586	0.0	1.0527586	1.0527586	25.0	15900	6.926337	0.21914259	8.9865	6.3523183	-6.9992814	0.101807624	11897.427280902863
637	2.3163636	0.0	2.3163636	2.3163636	25.0	15925	6.9325023	0.2296704	8.979921	6.5510354	-7.0082874	0.0868314	11916.16736650467
638	0.90008175	0.0	0.90008175	0.90008175	25.0	15950	6.932108	0.22324906	9.729007	6.5478063	-7.0058904	0.08631572	11935.304678440094
639	1.0604247	0.0	1.0604247	1.0604247	25.0	15975	6.9629774	0.25511625	9.132569	6.5779057	-7.0338655	0.09491088	11954.382334947586
640	3.2885845	0.0	3.2885845	3.2885845	25.0	16000	6.9672303	0.2477957	10.199603	6.6071296	-7.053345	0.111864604	11974.55002951622
641	3.1633894	0.0	3.1633894	3.1633894	25.0	16025	6.9580398	0.2234414	10.225818	6.623454	-7.035309	0.081050605	11993.52713727951
642	4.63	0.0	4.63	4.63	25.0	16050	6.9749546	0.22957264	9.291514	6.5871334	-7.057094	0.10110759	12012.445177078247
643	2.6411648	0.0	2.6411648	2.6411648	25.0	16075	6.980323	0.24484132	9.432253	6.662698	-7.0579033	0.10178813	12031.412260770798
644	0.42293036	0.0	0.42293036	0.42293036	25.0	16100	6.99967	0.26834562	9.310827	6.632159	-7.057423	0.09165758	12050.422660589218
645	5.7260113	0.0	5.7260113	5.7260113	25.0	16125	7.013101	0.25358185	9.185757	6.5643835	-7.096426	0.120014526	12069.203217744827
646	2.6165235	0.0	2.6165235	2.6165235	25.0	16150	6.998666	0.21622223	9.140161	6.570132	-7.0728235	0.10043998	12087.943080186844
647	2.111932	0.0	2.111932	2.111932	25.0	16175	7.0098853	0.25121385	9.3138685	6.524985	-7.1067176	0.08315814	12106.496280193329
648	2.2155707	0.0	2.2155707	2.2155707	25.0	16200	7.0266786	0.223805	9.170565	6.6832523	-7.1075053	0.09832065	12125.080137252808
649	1.5381191	0.0	1.5381191	1.5381191	25.0	16225	7.034164	0.24293399	10.347949	6.65663	-7.1206903	0.09750696	12143.786878824234
650	0.3395729	0.0	0.3395729	0.3395729	25.0	16250	7.050995	0.23780227	9.003939	6.6236544	-7.141155	0.10457076	12163.599185943604
651	1.7680911	0.0	1.7680911	1.7680911	25.0	16275	7.062773	0.26214692	9.029108	6.6710744	-7.15877	0.109056644	12182.19770526886
652	1.0309638	0.0	1.0309638	1.0309638	25.0	16300	7.07738	0.24329153	9.023611	6.649853	-7.170717	0.11026463	12200.808226585388
653	0.8607757	0.0	0.8607757	0.8607757	25.0	16325	7.0682583	0.23376997	9.280123	6.6156807	-7.1614966	0.09388961	12219.372953891754
654	0.76265806	0.0	0.76265806	0.76265806	25.0	16350	7.0823183	0.2540342	10.716043	6.6150336	-7.1835957	0.099352285	12237.936863183975
655	1.945404	0.0	1.945404	1.945404	25.0	16375	7.1171412	0.2602171	9.507682	6.68246	-7.200067	0.10249398	12256.513518333435
656	1.6926901	0.0	1.6926901	1.6926901	25.0	16400	7.120558	0.28743872	11.315447	6.6225977	-7.2129726	0.114425965	12275.036045074463
657	1.3138309	0.0	1.3138309	1.3138309	25.0	16425	7.125122	0.29029816	10.2612915	6.5275335	-7.218538	0.115988016	12293.574256181717
658	0.0578392	0.0	0.0578392	0.0578392	25.0	16450	7.1318383	0.25007546	9.315056	6.7466416	-7.2056313	0.10048821	12312.12061047554
659	0.10442094	0.0	0.10442094	0.10442094	25.0	16475	7.1165547	0.24042217	9.192586	6.461761	-7.204091	0.09126143	12330.497800588608
660	1.7484752	0.0	1.7484752	1.7484752	25.0	16500	7.1579423	0.22356851	9.328202	6.644161	-7.2611327	0.102649204	12350.368267774582
661	1.1460652	0.0	1.1460652	1.1460652	25.0	16525	7.1516504	0.22757809	8.904323	6.700563	-7.225913	0.09764644	12368.760860204697
662	0.13339299	0.0	0.13339299	0.13339299	25.0	16550	7.16833	0.225591	9.035542	6.687804	-7.2553754	0.09803884	12387.274964094162
663	3.5721753	0.0	3.5721753	3.5721753	25.0	16575	7.1764965	0.24900794	9.531436	6.792152	-7.2740235	0.09960914	12405.798439741135
664	4.0624843	0.0	4.0624843	4.0624843	25.0	16600	7.1963487	0.28002954	9.604533	6.80034	-7.2784905	0.097537935	12424.38820052147
665	3.6917257	0.0	3.6917257	3.6917257	25.0	16625	7.200801	0.2584412	9.421061	6.8213534	-7.2932644	0.0995453	12442.975714445114
666	5.519548	0.0	5.519548	5.519548	25.0	16650	7.208052	0.25068277	10.276569	6.8132277	-7.288225	0.091297254	12461.47293996811
667	0.9771466	0.0	0.9771466	0.9771466	25.0	16675	7.2133875	0.23811586	9.207367	6.6593904	-7.3086085	0.09953987	12479.990309000015
668	0.0986115	0.0	0.0986115	0.0986115	25.0	16700	7.231142	0.26603752	10.284663	6.722512	-7.306361	0.092144996	12498.414968252182
669	4.414036	0.0	4.414036	4.414036	25.0	16725	7.2221403	0.24254234	9.318414	6.812391	-7.333382	0.10503533	12516.857897996902
