Epoch	AverageEpRet	StdEpRet	MaxEpRet	MinEpRet	EpLen	TotalEnvInteracts	AverageQVals	StdQVals	MaxQVals	MinQVals	LossPi	LossQ	Time
1	2.1188943	0.0	2.1188943	2.1188943	25.0	25	0.069797896	0.104818754	0.32993987	-0.36252165	-0.047754623	0.015679188	19.39537477493286
2	4.655467	0.0	4.655467	4.655467	25.0	50	0.12798129	0.11029933	0.521011	-0.106433235	-0.12333911	0.019498128	37.58216595649719
3	5.047725	0.0	5.047725	5.047725	25.0	75	0.17430317	0.15045825	0.72670126	-0.12502292	-0.4133377	0.026340384	55.75221920013428
4	1.7491378	0.0	1.7491378	1.7491378	25.0	100	0.16140825	0.16914228	1.022851	-0.100760706	-0.8983257	0.01239788	73.87697386741638
5	10.681182	0.0	10.681182	10.681182	25.0	125	0.2872512	0.2757261	1.317956	-0.09400214	-0.6140805	0.039491773	92.01921725273132
6	24.535713	0.0	24.535713	24.535713	25.0	150	0.46545082	0.43559942	1.3430436	-0.019701315	-0.8829146	0.01350534	110.19949555397034
7	24.535713	0.0	24.535713	24.535713	25.0	175	0.6317015	0.5106834	1.4674535	0.031649295	-1.0127906	0.0068401857	128.37803530693054
8	24.535713	0.0	24.535713	24.535713	25.0	200	0.81862986	0.55583423	1.5796392	0.14295392	-1.2514371	0.0072704856	146.5546419620514
9	24.535713	0.0	24.535713	24.535713	25.0	225	1.0086751	0.5802447	1.6855278	0.1902586	-1.4115775	0.0039953394	164.66982793807983
10	24.535713	0.0	24.535713	24.535713	25.0	250	1.1777531	0.59016556	1.8474408	0.30976117	-1.5468407	0.0064424747	183.13332152366638
11	24.535713	0.0	24.535713	24.535713	25.0	275	1.333301	0.59785974	1.9535557	0.41661263	-1.7621357	0.0047809444	201.29492092132568
12	24.535713	0.0	24.535713	24.535713	25.0	300	1.4871547	0.58647305	2.0655148	0.5040647	-1.8220096	0.0042526014	219.47807049751282
13	24.535713	0.0	24.535713	24.535713	25.0	325	1.6323782	0.5757914	2.1480548	0.5982498	-1.9275181	0.0019563045	237.6116464138031
14	24.535713	0.0	24.535713	24.535713	25.0	350	1.7818041	0.56506974	2.2999136	0.7076508	-2.064251	0.0041804533	255.83044266700745
15	24.535713	0.0	24.535713	24.535713	25.0	375	1.9159776	0.5787443	2.4367435	0.80867916	-2.1933265	0.0033353372	273.9987750053406
16	24.535713	0.0	24.535713	24.535713	25.0	400	2.095276	0.5660186	2.5427368	0.88793814	-2.3721862	0.0031765602	292.1135628223419
17	16.0266	0.0	16.0266	16.0266	25.0	425	2.1826377	0.5747189	2.691101	1.0198938	-2.2548592	0.010113619	310.287611246109
18	7.7492905	0.0	7.7492905	7.7492905	25.0	450	2.2356815	0.5915591	2.7786062	1.0629048	-2.142822	0.014329469	328.45965051651
19	5.4558682	0.0	5.4558682	5.4558682	25.0	475	2.23736	0.6224427	2.8730688	1.1838884	-2.157447	0.014857944	346.5964605808258
20	8.015469	0.0	8.015469	8.015469	25.0	500	2.2493327	0.6372029	2.9074838	1.1905472	-2.3008747	0.016433898	365.21131706237793
21	2.2209792	0.0	2.2209792	2.2209792	25.0	525	2.3289678	0.64778626	3.0402074	1.2288115	-2.4660957	0.027246067	383.60208916664124
22	19.004156	0.0	19.004156	19.004156	25.0	550	2.3675094	0.6807213	3.144265	1.2863936	-2.4497578	0.022673216	401.87167835235596
23	23.788065	0.0	23.788065	23.788065	25.0	575	2.4808793	0.68882585	3.2557945	1.305565	-2.6511579	0.017104669	420.067510843277
24	23.788065	0.0	23.788065	23.788065	25.0	600	2.54038	0.7192087	3.3467183	1.3705463	-2.8019228	0.01704259	438.3441650867462
25	23.788065	0.0	23.788065	23.788065	25.0	625	2.6447692	0.73030996	3.4454103	1.3726878	-2.9183664	0.01611779	456.5979747772217
26	23.788065	0.0	23.788065	23.788065	25.0	650	2.761031	0.73333377	3.5659726	1.4272442	-3.3558433	0.017122306	474.92330265045166
27	4.0035214	0.0	4.0035214	4.0035214	25.0	675	2.8796825	0.72099036	3.759071	1.3141378	-2.6383657	0.033979267	493.07055830955505
28	0.3158934	0.0	0.3158934	0.3158934	25.0	700	2.926956	0.7538604	3.829874	1.5708274	-2.5260384	0.018439015	511.28580141067505
29	0.4817567	0.0	0.4817567	0.4817567	25.0	725	2.9608674	0.77289915	3.9160957	1.707946	-2.6681967	0.023677308	529.6553723812103
30	0.29003993	0.0	0.29003993	0.29003993	25.0	750	3.00562	0.8062171	4.0124135	1.4911469	-2.5983267	0.019350208	548.1641199588776
31	0.0	0.0	0.0	0.0	25.0	775	2.9893067	0.7824613	3.9737537	1.8261155	-2.5794938	0.019239739	566.3484334945679
32	0.7562101	0.0	0.7562101	0.7562101	25.0	800	2.9560633	0.779957	3.8465414	1.7458279	-2.9438074	0.016597835	584.5118882656097
33	0.4344725	0.0	0.4344725	0.4344725	25.0	825	2.9329903	0.7974023	3.9030664	1.7529814	-2.8208196	0.020326076	602.6762070655823
34	0.5303557	0.0	0.5303557	0.5303557	25.0	850	2.9215264	0.80906856	3.932044	1.6733272	-2.5232704	0.021390062	620.9488527774811
35	0.1323949	0.0	0.1323949	0.1323949	25.0	875	2.9475596	0.8017132	3.9873233	1.8259101	-2.5014045	0.01622681	639.2762379646301
36	0.37204668	0.0	0.37204668	0.37204668	25.0	900	2.9263563	0.8066313	3.9524164	1.8861291	-2.5437086	0.016635347	657.549720287323
37	0.2540221	0.0	0.2540221	0.2540221	25.0	925	2.9378674	0.8125013	4.1165433	1.8603089	-2.573969	0.015067962	675.8035955429077
38	0.4241936	0.0	0.4241936	0.4241936	25.0	950	3.0120227	0.78415245	4.316932	1.9988697	-2.6577213	0.016119009	693.9574725627899
39	0.111138456	0.0	0.111138456	0.111138456	25.0	975	3.0422175	0.79071414	4.385539	2.1378427	-2.7144217	0.022932524	712.1257455348969
40	0.47010484	0.0	0.47010484	0.47010484	25.0	1000	3.0879874	0.79626375	4.4718604	2.1548512	-2.7576032	0.022277404	730.6383805274963
41	0.7339043	0.0	0.7339043	0.7339043	25.0	1025	3.0942547	0.80440456	4.530507	2.1967547	-2.7533505	0.02141661	748.9164435863495
42	0.22800541	0.0	0.22800541	0.22800541	25.0	1050	3.1041043	0.8117778	4.5849032	2.1745808	-2.7630749	0.020991828	767.1229138374329
43	0.6603453	0.0	0.6603453	0.6603453	25.0	1075	3.0934265	0.80579823	4.587703	2.1402593	-2.735679	0.025610909	785.3995587825775
44	0.26405948	0.0	0.26405948	0.26405948	25.0	1100	3.0905747	0.8259703	4.651723	1.9430778	-2.717666	0.02111742	803.6655805110931
45	0.29341683	0.0	0.29341683	0.29341683	25.0	1125	3.0383532	0.81696445	4.7077703	2.0637074	-2.6808994	0.020945251	821.8383483886719
46	0.8026736	0.0	0.8026736	0.8026736	25.0	1150	3.028632	0.8012237	4.6653056	2.1928535	-2.6599786	0.02263794	840.0097794532776
47	0.28207707	0.0	0.28207707	0.28207707	25.0	1175	2.9857702	0.80635464	4.7034645	2.1640635	-2.635209	0.021490801	858.2352952957153
48	0.114991315	0.0	0.114991315	0.114991315	25.0	1200	3.002263	0.81565416	4.760757	2.1296961	-2.6274598	0.021078238	876.4001622200012
49	0.27275267	0.0	0.27275267	0.27275267	25.0	1225	2.9835448	0.81321204	4.842465	2.1256247	-2.6202066	0.024402838	894.5559697151184
50	0.35909852	0.0	0.35909852	0.35909852	25.0	1250	2.9395025	0.78308606	4.7502804	2.1515524	-2.5930262	0.018001273	913.0408186912537
51	0.6240043	0.0	0.6240043	0.6240043	25.0	1275	2.9486926	0.80235016	4.8199496	2.2012815	-2.5851266	0.022050874	931.4467618465424
52	0.85690933	0.0	0.85690933	0.85690933	25.0	1300	2.9140894	0.78956205	4.810311	2.181601	-2.5730126	0.018001083	949.7887387275696
53	0.07838875	0.0	0.07838875	0.07838875	25.0	1325	2.9171648	0.7824539	4.8036222	2.19526	-2.569644	0.022677181	968.0304160118103
54	0.2818755	0.0	0.2818755	0.2818755	25.0	1350	2.9089234	0.8024384	4.815746	2.1153412	-2.577714	0.022543857	986.4471526145935
55	0.16356206	0.0	0.16356206	0.16356206	25.0	1375	2.8378916	0.75977504	4.8510003	2.1857207	-2.5326934	0.021140642	1004.7725036144257
56	0.42939472	0.0	0.42939472	0.42939472	25.0	1400	2.857216	0.75722367	4.8226986	2.1261384	-2.536859	0.015525561	1023.104373216629
57	0.0	0.0	0.0	0.0	25.0	1425	2.8305786	0.7541358	4.882318	2.1921856	-2.5464737	0.017220747	1042.1796555519104
58	0.5035653	0.0	0.5035653	0.5035653	25.0	1450	2.7999375	0.734168	4.8333573	2.0557275	-2.530018	0.019282125	1060.5337355136871
59	0.0	0.0	0.0	0.0	25.0	1475	2.8531525	0.74822026	4.854512	2.1298957	-2.5359561	0.023659473	1079.1753039360046
60	0.15300742	0.0	0.15300742	0.15300742	25.0	1500	2.820417	0.73522127	4.809089	2.224734	-2.5200067	0.014563483	1097.8875074386597
61	0.69978064	0.0	0.69978064	0.69978064	25.0	1525	2.7956693	0.7226119	4.8466196	2.1788635	-2.523237	0.017252285	1116.2367868423462
62	0.4975626	0.0	0.4975626	0.4975626	25.0	1550	2.8051226	0.7334819	4.860276	2.2333229	-2.5250921	0.015956683	1134.5917267799377
63	0.36497903	0.0	0.36497903	0.36497903	25.0	1575	2.798619	0.7162666	4.7914224	2.213834	-2.5302193	0.019047903	1152.9384660720825
64	0.6849092	0.0	0.6849092	0.6849092	25.0	1600	2.7794049	0.6989313	4.810179	2.2582679	-2.5163	0.013008945	1171.256833076477
65	0.31510052	0.0	0.31510052	0.31510052	25.0	1625	2.7601209	0.6819368	4.8684216	1.9898906	-2.5073051	0.013733434	1189.549623966217
66	0.44013768	0.0	0.44013768	0.44013768	25.0	1650	2.7704372	0.67413163	4.8096814	2.2394598	-2.506595	0.015299315	1207.7654964923859
67	0.0	0.0	0.0	0.0	25.0	1675	2.7779095	0.69083893	4.8551946	2.2591686	-2.5102317	0.016152576	1225.8774378299713
68	0.6844814	0.0	0.6844814	0.6844814	25.0	1700	2.7881875	0.70190495	4.874111	2.2395382	-2.5308442	0.015218045	1244.0554509162903
69	1.506365	0.0	1.506365	1.506365	25.0	1725	2.766172	0.6785912	4.7728887	2.2647693	-2.5180588	0.011532567	1262.2734813690186
70	0.59845775	0.0	0.59845775	0.59845775	25.0	1750	2.7673404	0.66821	4.848451	2.2928114	-2.5223036	0.019455712	1280.946899652481
71	0.24751532	0.0	0.24751532	0.24751532	25.0	1775	2.764755	0.6551612	4.8550224	2.2744145	-2.512355	0.017172877	1299.1181342601776
72	0.8049947	0.0	0.8049947	0.8049947	25.0	1800	2.741562	0.65161633	4.7826557	2.221697	-2.5212436	0.012871752	1317.378905057907
73	0.0	0.0	0.0	0.0	25.0	1825	2.7469475	0.65439504	4.7977276	2.2777238	-2.516777	0.015663086	1335.5067050457
74	0.06964707	0.0	0.06964707	0.06964707	25.0	1850	2.7198153	0.61386347	4.8382497	2.2173967	-2.5054336	0.016858786	1353.97740650177
75	0.21010104	0.0	0.21010104	0.21010104	25.0	1875	2.7031019	0.6123251	4.8775053	2.2653642	-2.5053244	0.016482715	1372.138878107071
76	0.5815611	0.0	0.5815611	0.5815611	25.0	1900	2.7157257	0.6148872	4.792118	2.231788	-2.5068808	0.012587674	1390.3357384204865
77	0.24489786	0.0	0.24489786	0.24489786	25.0	1925	2.714498	0.6024008	4.802435	2.251218	-2.5130036	0.0137318615	1409.1066625118256
78	0.46650782	0.0	0.46650782	0.46650782	25.0	1950	2.7056336	0.6322879	4.8238606	2.19321	-2.5076544	0.015098866	1427.3425676822662
79	0.11870534	0.0	0.11870534	0.11870534	25.0	1975	2.715771	0.6057792	4.858319	2.313939	-2.5153415	0.016881501	1445.5840094089508
80	0.7445347	0.0	0.7445347	0.7445347	25.0	2000	2.7275896	0.6178235	4.7659516	1.9141514	-2.5287282	0.013295683	1464.318077325821
81	0.0	0.0	0.0	0.0	25.0	2025	2.7189813	0.59461105	4.7694464	2.2882307	-2.515253	0.011885382	1482.5183894634247
82	0.25124893	0.0	0.25124893	0.25124893	25.0	2050	2.7322326	0.6345021	4.7773633	2.299873	-2.522858	0.012684498	1500.7342069149017
83	0.25229052	0.0	0.25229052	0.25229052	25.0	2075	2.7006512	0.5819562	4.769938	2.0819256	-2.5094519	0.013553152	1519.0857338905334
84	0.0	0.0	0.0	0.0	25.0	2100	2.723355	0.611394	4.81883	2.309729	-2.5207183	0.015886325	1538.325514793396
85	0.24646029	0.0	0.24646029	0.24646029	25.0	2125	2.6886048	0.57756317	4.796833	2.2854626	-2.5013504	0.011972963	1556.507309436798
86	0.0	0.0	0.0	0.0	25.0	2150	2.6877878	0.57553774	4.8065023	2.281607	-2.5151603	0.010539186	1574.6573152542114
87	0.5131906	0.0	0.5131906	0.5131906	25.0	2175	2.696104	0.57988364	4.76744	2.288304	-2.511859	0.015131184	1592.8166270256042
88	0.63477963	0.0	0.63477963	0.63477963	25.0	2200	2.7011068	0.5918376	4.791377	2.2656617	-2.5258603	0.010498178	1611.0258600711823
89	0.091980115	0.0	0.091980115	0.091980115	25.0	2225	2.6711676	0.560933	4.758373	2.3284082	-2.5209854	0.010351121	1629.2069096565247
90	0.5203384	0.0	0.5203384	0.5203384	25.0	2250	2.6848218	0.57151407	4.765581	2.3095088	-2.521948	0.008548466	1647.828882932663
91	0.19913194	0.0	0.19913194	0.19913194	25.0	2275	2.7016544	0.58953065	4.7586665	2.2794757	-2.5254526	0.01283729	1665.9740505218506
92	1.6010879	0.0	1.6010879	1.6010879	25.0	2300	2.6758783	0.53579485	4.789527	2.3205712	-2.5117295	0.009600462	1684.2041673660278
93	0.7542076	0.0	0.7542076	0.7542076	25.0	2325	2.6873071	0.56736845	4.7728095	2.2592075	-2.5291624	0.012729759	1702.4623725414276
94	0.21956766	0.0	0.21956766	0.21956766	25.0	2350	2.6922314	0.5512094	4.751032	2.3427715	-2.5223749	0.0071249693	1720.6674282550812
95	0.7662803	0.0	0.7662803	0.7662803	25.0	2375	2.6935394	0.56237876	4.8148575	2.2296433	-2.532199	0.010970009	1738.8822734355927
96	0.2959142	0.0	0.2959142	0.2959142	25.0	2400	2.68566	0.54901654	4.77743	2.318964	-2.5321634	0.0073445057	1757.124686717987
97	0.5692159	0.0	0.5692159	0.5692159	25.0	2425	2.6699011	0.530692	4.8154993	2.3466847	-2.5245287	0.012495166	1775.3871099948883
98	0.24363755	0.0	0.24363755	0.24363755	25.0	2450	2.697625	0.5652188	4.786558	2.3751142	-2.541326	0.00680237	1793.5654106140137
99	0.6176347	0.0	0.6176347	0.6176347	25.0	2475	2.6873138	0.5336006	4.7926154	2.1870663	-2.5343342	0.0085360035	1811.8975820541382
100	0.20963818	0.0	0.20963818	0.20963818	25.0	2500	2.677398	0.54132557	4.7796316	2.3385298	-2.536265	0.009537419	1830.6053721904755
101	0.0	0.0	0.0	0.0	25.0	2525	2.6901953	0.55982494	4.8022366	2.3463068	-2.5394197	0.009877559	1849.322650194168
102	0.022309737	0.0	0.022309737	0.022309737	25.0	2550	2.7029808	0.57251436	4.7706857	2.3692167	-2.5477042	0.008733275	1867.702397108078
103	0.0	0.0	0.0	0.0	25.0	2575	2.672713	0.5311456	4.7530165	2.1117487	-2.5286002	0.007874652	1886.1244027614594
104	0.5751781	0.0	0.5751781	0.5751781	25.0	2600	2.6929212	0.55290306	4.764926	2.350683	-2.5472884	0.009033485	1904.334640264511
105	0.932646	0.0	0.932646	0.932646	25.0	2625	2.685402	0.5265997	4.8123255	2.2877476	-2.5353665	0.010396556	1922.6053085327148
106	0.47484857	0.0	0.47484857	0.47484857	25.0	2650	2.677026	0.54288685	4.774553	2.2887125	-2.539469	0.008108642	1940.8902368545532
107	0.19800696	0.0	0.19800696	0.19800696	25.0	2675	2.6551306	0.5097666	4.8091793	2.3264413	-2.5384119	0.008298725	1959.2180843353271
108	0.16716939	0.0	0.16716939	0.16716939	25.0	2700	2.6734033	0.54715794	4.8148055	2.3606563	-2.544219	0.010184066	1977.449452161789
109	0.566913	0.0	0.566913	0.566913	25.0	2725	2.6895483	0.5431644	4.817627	2.372804	-2.5513227	0.0104189385	1995.8003084659576
110	0.6300484	0.0	0.6300484	0.6300484	25.0	2750	2.6690729	0.5273039	4.809463	2.3207338	-2.5444622	0.0079964865	2014.450338602066
111	0.0	0.0	0.0	0.0	25.0	2775	2.677329	0.5300205	4.800914	2.3346431	-2.555906	0.010339362	2032.6243743896484
112	0.21369044	0.0	0.21369044	0.21369044	25.0	2800	2.6936076	0.55951005	4.8284655	2.3733597	-2.5586236	0.010557157	2050.810604572296
113	0.32521328	0.0	0.32521328	0.32521328	25.0	2825	2.6763756	0.5267203	4.838258	2.2388022	-2.5559227	0.011387703	2069.0665702819824
114	0.38103634	0.0	0.38103634	0.38103634	25.0	2850	2.6970837	0.53514904	4.8575644	2.320739	-2.5577755	0.012013908	2087.2933537960052
115	0.6753168	0.0	0.6753168	0.6753168	25.0	2875	2.663418	0.50746006	4.8609776	2.3529358	-2.5383925	0.012967447	2105.6047179698944
116	0.0	0.0	0.0	0.0	25.0	2900	2.6879656	0.5334712	4.794711	2.2441795	-2.5539074	0.00896849	2123.8585698604584
117	1.0103887	0.0	1.0103887	1.0103887	25.0	2925	2.6967592	0.5426043	4.766731	2.3615308	-2.5663135	0.006991075	2142.1652731895447
118	0.54691726	0.0	0.54691726	0.54691726	25.0	2950	2.6777449	0.5171938	4.7893114	2.3045163	-2.5496771	0.009629927	2160.607395172119
119	0.27836695	0.0	0.27836695	0.27836695	25.0	2975	2.6686087	0.5046137	4.7492404	2.329612	-2.5499744	0.010140318	2179.061596393585
120	0.35763404	0.0	0.35763404	0.35763404	25.0	3000	2.688656	0.53795356	4.798401	2.3860474	-2.562474	0.008811735	2197.8689498901367
121	1.717603	0.0	1.717603	1.717603	25.0	3025	2.677606	0.5063624	4.7576294	2.3758726	-2.5573118	0.010092304	2216.193655729294
122	0.19104986	0.0	0.19104986	0.19104986	25.0	3050	2.6839356	0.50429946	4.758449	2.3654537	-2.5616043	0.010278161	2234.4322390556335
123	0.2631317	0.0	0.2631317	0.2631317	25.0	3075	2.6879418	0.54443204	4.756937	2.3395526	-2.5660877	0.009442884	2252.8062868118286
124	0.789194	0.0	0.789194	0.789194	25.0	3100	2.6962223	0.5312745	4.755364	2.3732126	-2.5711753	0.0074333437	2271.195335626602
125	0.24133633	0.0	0.24133633	0.24133633	25.0	3125	2.6610765	0.4833255	4.7460976	2.2993894	-2.5614812	0.0143491635	2289.5646138191223
126	0.3588576	0.0	0.3588576	0.3588576	25.0	3150	2.655707	0.47180432	4.725235	2.3699996	-2.5625029	0.008286891	2307.8911113739014
127	0.47425243	0.0	0.47425243	0.47425243	25.0	3175	2.6665947	0.49355605	4.7582355	2.3740022	-2.5644941	0.009321776	2326.216075181961
128	0.19266565	0.0	0.19266565	0.19266565	25.0	3200	2.6904123	0.52442306	4.783269	2.174483	-2.586854	0.00941485	2344.547256231308
129	0.14116938	0.0	0.14116938	0.14116938	25.0	3225	2.6591637	0.46892285	4.7382116	2.2494235	-2.5572827	0.009455052	2362.8458955287933
130	0.34782895	0.0	0.34782895	0.34782895	25.0	3250	2.676316	0.5140091	4.7778893	2.3526168	-2.573983	0.008405461	2381.6631038188934
131	0.7902162	0.0	0.7902162	0.7902162	25.0	3275	2.6755536	0.49495935	4.7571282	2.3813403	-2.5790942	0.009406906	2399.9414365291595
132	0.6252457	0.0	0.6252457	0.6252457	25.0	3300	2.6880538	0.5179516	4.760101	2.361053	-2.574886	0.0074135303	2418.2243237495422
133	0.21740255	0.0	0.21740255	0.21740255	25.0	3325	2.6995032	0.5173715	4.7170496	2.320944	-2.5788336	0.0122160865	2436.490621805191
134	0.47871807	0.0	0.47871807	0.47871807	25.0	3350	2.679134	0.49240744	4.7114363	2.363371	-2.5717666	0.01141633	2454.739162683487
135	0.3154106	0.0	0.3154106	0.3154106	25.0	3375	2.661866	0.47300705	4.716988	2.3489084	-2.5673962	0.008889937	2473.034064769745
136	0.46979982	0.0	0.46979982	0.46979982	25.0	3400	2.6691625	0.4789427	4.697596	2.3703816	-2.5744524	0.0088931415	2491.3788709640503
137	0.37725282	0.0	0.37725282	0.37725282	25.0	3425	2.6863618	0.50919366	4.7250915	2.3518429	-2.5795066	0.005684872	2509.718270778656
138	0.17309308	0.0	0.17309308	0.17309308	25.0	3450	2.6678972	0.47397494	4.7665224	2.2354033	-2.5711615	0.006815261	2531.074455499649
139	0.10034645	0.0	0.10034645	0.10034645	25.0	3475	2.6804407	0.50933594	4.7236314	2.3954172	-2.5829117	0.007682396	2549.3371274471283
140	0.73866045	0.0	0.73866045	0.73866045	25.0	3500	2.6763916	0.47546718	4.694247	2.359296	-2.57981	0.009232354	2568.0748188495636
141	0.87897766	0.0	0.87897766	0.87897766	25.0	3525	2.6866336	0.5028614	4.7313623	2.3954675	-2.5817606	0.009012371	2586.4043850898743
142	0.5923381	0.0	0.5923381	0.5923381	25.0	3550	2.7002618	0.51418936	4.738932	2.3788972	-2.5840986	0.008062454	2604.714926958084
143	0.3523879	0.0	0.3523879	0.3523879	25.0	3575	2.6911879	0.5020376	4.7844253	2.0296128	-2.5896704	0.010633122	2623.038197994232
144	0.3050461	0.0	0.3050461	0.3050461	25.0	3600	2.6751647	0.4854719	4.744092	2.4069176	-2.5844302	0.00815855	2641.4527287483215
145	0.31455973	0.0	0.31455973	0.31455973	25.0	3625	2.6719086	0.471321	4.7259736	2.4053943	-2.586426	0.008398906	2659.8466835021973
146	0.5229243	0.0	0.5229243	0.5229243	25.0	3650	2.681266	0.49034992	4.726868	2.3781826	-2.591642	0.008952614	2678.207750558853
147	0.7847334	0.0	0.7847334	0.7847334	25.0	3675	2.6966174	0.5185979	4.7552133	2.4040856	-2.5995574	0.010158745	2696.6290407180786
148	0.08424825	0.0	0.08424825	0.08424825	25.0	3700	2.690526	0.5092824	4.7777586	2.381468	-2.5907986	0.009291777	2714.852417945862
149	0.26258972	0.0	0.26258972	0.26258972	25.0	3725	2.685318	0.4798494	4.728953	2.3740828	-2.5841272	0.01050077	2733.100113630295
150	0.6501887	0.0	0.6501887	0.6501887	25.0	3750	2.696869	0.5098613	4.7616224	2.3616931	-2.594486	0.011627335	2751.8616666793823
151	0.6098929	0.0	0.6098929	0.6098929	25.0	3775	2.6761343	0.48025185	4.7480855	2.32681	-2.5865493	0.008564797	2770.1335809230804
152	0.068095304	0.0	0.068095304	0.068095304	25.0	3800	2.6679645	0.47286728	4.726633	2.373217	-2.5862696	0.007139234	2788.335320711136
153	0.15911388	0.0	0.15911388	0.15911388	25.0	3825	2.6894336	0.49439508	4.7553287	2.3864121	-2.5919318	0.008514918	2806.4950034618378
154	1.0604321	0.0	1.0604321	1.0604321	25.0	3850	2.698358	0.5010148	4.790549	2.3468556	-2.59451	0.010503893	2824.7668750286102
155	0.43635947	0.0	0.43635947	0.43635947	25.0	3875	2.705673	0.52072096	4.727967	2.3729079	-2.602251	0.006341937	2842.987768650055
156	0.0	0.0	0.0	0.0	25.0	3900	2.693631	0.49108216	4.7538185	2.4089236	-2.5912347	0.007868003	2861.1677227020264
157	0.16339786	0.0	0.16339786	0.16339786	25.0	3925	2.6839647	0.4816283	4.6814594	2.302176	-2.5891898	0.006674637	2879.339784145355
158	0.43049908	0.0	0.43049908	0.43049908	25.0	3950	2.6923895	0.49402732	4.8122272	2.4022279	-2.5963113	0.00899752	2897.6502344608307
159	0.5734352	0.0	0.5734352	0.5734352	25.0	3975	2.695645	0.5095407	4.7071514	2.414125	-2.6005478	0.009323627	2916.226616382599
160	0.55820304	0.0	0.55820304	0.55820304	25.0	4000	2.677012	0.4763866	4.7291245	2.4269009	-2.5894318	0.005784625	2935.872776031494
161	0.13732494	0.0	0.13732494	0.13732494	25.0	4025	2.692978	0.48449394	4.7162275	2.420488	-2.593376	0.009648737	2954.1011238098145
162	0.0	0.0	0.0	0.0	25.0	4050	2.6994967	0.49242863	4.714884	1.820811	-2.6025903	0.009427565	2972.3783411979675
163	0.47708398	0.0	0.47708398	0.47708398	25.0	4075	2.6686378	0.4390517	4.7730637	2.3931134	-2.5899112	0.009491897	2990.597188472748
164	0.8334509	0.0	0.8334509	0.8334509	25.0	4100	2.6924887	0.48480755	4.8119793	2.4140224	-2.5972598	0.009924063	3008.898734331131
165	0.3995103	0.0	0.3995103	0.3995103	25.0	4125	2.688692	0.4792948	4.8148518	2.38019	-2.5976038	0.009360458	3027.122388124466
166	0.5227163	0.0	0.5227163	0.5227163	25.0	4150	2.6985404	0.49806574	4.7749414	2.4282587	-2.6070092	0.008456465	3045.3253285884857
167	0.4167017	0.0	0.4167017	0.4167017	25.0	4175	2.6791885	0.451047	4.7087092	2.3762033	-2.5880628	0.0069065727	3063.5694663524628
168	0.021877937	0.0	0.021877937	0.021877937	25.0	4200	2.706692	0.50736046	4.7227464	2.3705084	-2.606183	0.008994278	3081.8585698604584
169	0.20032904	0.0	0.20032904	0.20032904	25.0	4225	2.695954	0.4804231	4.734841	2.4411013	-2.6054263	0.009390044	3100.0932302474976
170	0.11796196	0.0	0.11796196	0.11796196	25.0	4250	2.684904	0.47654623	4.7693195	2.3251343	-2.601518	0.008428121	3118.885003089905
171	0.38754782	0.0	0.38754782	0.38754782	25.0	4275	2.671193	0.44991866	4.6939754	2.4283266	-2.5909328	0.007730269	3137.1757051944733
172	0.2350152	0.0	0.2350152	0.2350152	25.0	4300	2.6870039	0.476741	4.716713	2.3500388	-2.600671	0.0080939345	3155.552217245102
173	0.28571764	0.0	0.28571764	0.28571764	25.0	4325	2.6962757	0.4756817	4.721104	2.4160478	-2.6129212	0.008417261	3173.8979988098145
174	0.21478973	0.0	0.21478973	0.21478973	25.0	4350	2.6843023	0.45591447	4.68725	2.34013	-2.598814	0.009660243	3192.183130264282
175	0.54021555	0.0	0.54021555	0.54021555	25.0	4375	2.6951787	0.48282853	4.669112	2.355441	-2.6059263	0.0059361253	3210.550683259964
176	1.350805	0.0	1.350805	1.350805	25.0	4400	2.6690695	0.4474409	4.7016525	2.4054534	-2.597603	0.00630606	3228.9367978572845
177	0.37207705	0.0	0.37207705	0.37207705	25.0	4425	2.6568518	0.41254058	4.7131624	2.3741205	-2.6004581	0.007945678	3247.2342710494995
178	1.3773277	0.0	1.3773277	1.3773277	25.0	4450	2.6806414	0.4513811	4.744758	2.41737	-2.6067524	0.006768702	3265.5267617702484
179	0.67633885	0.0	0.67633885	0.67633885	25.0	4475	2.67967	0.44291383	4.6866517	2.3736255	-2.6095889	0.008426981	3283.914041042328
180	0.42387313	0.0	0.42387313	0.42387313	25.0	4500	2.678238	0.42620254	4.678941	2.3853614	-2.610805	0.009899539	3302.775959253311
181	0.16640644	0.0	0.16640644	0.16640644	25.0	4525	2.6878498	0.46088687	4.6803217	2.4072316	-2.608819	0.007222273	3321.042662858963
182	0.4546732	0.0	0.4546732	0.4546732	25.0	4550	2.6851165	0.44083944	4.755987	2.3408172	-2.6115494	0.010180491	3339.2616822719574
183	0.4824323	0.0	0.4824323	0.4824323	25.0	4575	2.687873	0.46075937	4.6940846	2.3576808	-2.6123383	0.011250127	3357.508663892746
184	0.004137596	0.0	0.004137596	0.004137596	25.0	4600	2.6905456	0.46979305	4.746387	2.4011102	-2.6122396	0.0075619738	3375.8449597358704
185	0.6253327	0.0	0.6253327	0.6253327	25.0	4625	2.6809955	0.43403473	4.7066035	2.3810828	-2.6106362	0.009406214	3394.1394481658936
186	0.0	0.0	0.0	0.0	25.0	4650	2.7012239	0.46869588	4.7321157	2.4529274	-2.6145437	0.008139469	3412.4067158699036
187	0.21669798	0.0	0.21669798	0.21669798	25.0	4675	2.687416	0.4432422	4.6792746	2.350285	-2.6157434	0.008183379	3430.5995564460754
188	0.20795405	0.0	0.20795405	0.20795405	25.0	4700	2.7126837	0.4729923	4.728559	2.424129	-2.6219196	0.010549855	3448.876506090164
189	0.5813243	0.0	0.5813243	0.5813243	25.0	4725	2.6936417	0.46189237	4.7639246	2.4367435	-2.621592	0.00834153	3467.164533853531
190	0.19645198	0.0	0.19645198	0.19645198	25.0	4750	2.6822703	0.4268775	4.6558914	2.4408927	-2.613861	0.007863434	3485.9818716049194
191	0.378213	0.0	0.378213	0.378213	25.0	4775	2.6948805	0.45676488	4.755229	2.4621997	-2.6207914	0.008115306	3504.171300649643
192	0.22867833	0.0	0.22867833	0.22867833	25.0	4800	2.6834517	0.41990647	4.668085	2.4314368	-2.6164713	0.008096512	3522.353103876114
193	0.0762015	0.0	0.0762015	0.0762015	25.0	4825	2.6741042	0.4200535	4.671547	2.445351	-2.6084013	0.006360209	3540.6099376678467
194	0.004179494	0.0	0.004179494	0.004179494	25.0	4850	2.6889815	0.43242773	4.6674485	2.4556847	-2.6168778	0.0058703907	3558.8265783786774
195	0.28045684	0.0	0.28045684	0.28045684	25.0	4875	2.6767926	0.4120412	4.653596	2.43961	-2.6183386	0.008474773	3577.0563452243805
196	0.5511524	0.0	0.5511524	0.5511524	25.0	4900	2.6714861	0.3887477	4.6573267	2.4429398	-2.6042376	0.008937985	3595.3219137191772
197	0.39251253	0.0	0.39251253	0.39251253	25.0	4925	2.6851149	0.4257864	4.7830687	2.300721	-2.617627	0.00752137	3613.5323576927185
198	0.5401975	0.0	0.5401975	0.5401975	25.0	4950	2.6888	0.41376528	4.77644	2.4091284	-2.6222231	0.0061933207	3631.8791105747223
199	0.0	0.0	0.0	0.0	25.0	4975	2.6879034	0.42632416	4.861493	2.4627535	-2.6179829	0.007238755	3650.148279905319
200	0.3864199	0.0	0.3864199	0.3864199	25.0	5000	2.670848	0.4049346	4.660508	2.4348407	-2.6153169	0.006026789	3669.022354364395
201	0.39496917	0.0	0.39496917	0.39496917	25.0	5025	2.701236	0.44054067	4.6652	2.4141088	-2.6295016	0.007268529	3687.41521191597
202	0.56100184	0.0	0.56100184	0.56100184	25.0	5050	2.6984496	0.4193888	4.6502194	2.4603117	-2.6223297	0.009792299	3706.2227647304535
203	1.0030818	0.0	1.0030818	1.0030818	25.0	5075	2.6765368	0.39816052	4.746981	2.258169	-2.616562	0.00746941	3724.53240942955
204	0.43837112	0.0	0.43837112	0.43837112	25.0	5100	2.6996355	0.44448784	4.722994	2.4420655	-2.63174	0.0083956905	3742.884352684021
205	0.0	0.0	0.0	0.0	25.0	5125	2.6881075	0.43365598	4.6728616	2.4429548	-2.62392	0.005983323	3761.0613758563995
206	0.98123926	0.0	0.98123926	0.98123926	25.0	5150	2.6853967	0.40622118	4.645435	2.4697695	-2.6182046	0.005766393	3779.436069726944
207	0.51213425	0.0	0.51213425	0.51213425	25.0	5175	2.669297	0.38908118	4.627969	2.3036826	-2.6185575	0.007395419	3797.847931623459
208	0.3905042	0.0	0.3905042	0.3905042	25.0	5200	2.6733527	0.3909231	4.698326	2.390967	-2.6172945	0.0057400214	3816.121077299118
209	0.39549938	0.0	0.39549938	0.39549938	25.0	5225	2.7172048	0.45714003	4.7132106	2.4021258	-2.63288	0.011035156	3834.454240322113
210	0.0	0.0	0.0	0.0	25.0	5250	2.6822267	0.40743527	4.6897254	2.4091759	-2.6202347	0.008046475	3853.3245017528534
211	0.9682279	0.0	0.9682279	0.9682279	25.0	5275	2.7082455	0.44340673	4.6597967	2.4196522	-2.6292372	0.0062327343	3871.636406183243
212	0.05913093	0.0	0.05913093	0.05913093	25.0	5300	2.7067378	0.44497484	4.6652484	2.4299476	-2.638251	0.007511447	3889.880763053894
213	0.36102784	0.0	0.36102784	0.36102784	25.0	5325	2.6969335	0.418626	4.7117047	2.4844966	-2.6372955	0.007936179	3908.1959552764893
214	0.47389483	0.0	0.47389483	0.47389483	25.0	5350	2.6852887	0.41195074	4.660512	2.4147773	-2.6254306	0.006559464	3926.38906955719
215	0.27990746	0.0	0.27990746	0.27990746	25.0	5375	2.6854267	0.40239874	4.759551	2.4491181	-2.6255784	0.00811141	3944.6293711662292
216	0.26312143	0.0	0.26312143	0.26312143	25.0	5400	2.686085	0.39847076	4.6067977	2.4656737	-2.6273477	0.008501573	3963.0150578022003
217	0.22646795	0.0	0.22646795	0.22646795	25.0	5425	2.6759727	0.37019354	4.643904	2.459619	-2.6265814	0.007651917	3981.4723098278046
218	0.41751778	0.0	0.41751778	0.41751778	25.0	5450	2.6777503	0.38643903	4.6492524	2.2767828	-2.6214669	0.0050646965	3999.6731157302856
219	0.53803796	0.0	0.53803796	0.53803796	25.0	5475	2.6802936	0.3806435	4.7956038	2.4519844	-2.6277683	0.00840438	4017.878165245056
220	0.7219681	0.0	0.7219681	0.7219681	25.0	5500	2.687295	0.39643282	4.6279593	2.4328654	-2.6354911	0.006728828	4036.7504637241364
221	1.2339786	0.0	1.2339786	1.2339786	25.0	5525	2.7005372	0.4299948	4.6386228	2.4621036	-2.6372287	0.0074045304	4055.063937187195
222	0.050999884	0.0	0.050999884	0.050999884	25.0	5550	2.689755	0.39458203	4.65872	2.4339688	-2.6312582	0.007395625	4073.2984216213226
223	0.18097237	0.0	0.18097237	0.18097237	25.0	5575	2.7027469	0.4084767	4.642999	2.4663496	-2.6374483	0.006781116	4091.821784257889
224	0.22400108	0.0	0.22400108	0.22400108	25.0	5600	2.6848621	0.39091614	4.6220083	2.4591742	-2.6336691	0.00617363	4110.47798538208
225	0.0	0.0	0.0	0.0	25.0	5625	2.6904492	0.36941335	4.549282	2.5078983	-2.629991	0.0075145084	4128.694880485535
226	0.42939362	0.0	0.42939362	0.42939362	25.0	5650	2.7058964	0.41236654	4.6346955	2.4431434	-2.639627	0.008958339	4146.903891324997
227	0.1977986	0.0	0.1977986	0.1977986	25.0	5675	2.6810398	0.37211743	4.720717	2.4304423	-2.631838	0.007623378	4165.111793518066
228	0.35695738	0.0	0.35695738	0.35695738	25.0	5700	2.6958342	0.38378724	4.6134973	2.3985343	-2.6378617	0.008450754	4183.415470123291
229	0.38089794	0.0	0.38089794	0.38089794	25.0	5725	2.6907654	0.39184856	4.6262383	2.4183614	-2.6319962	0.007805593	4201.595019817352
230	0.36550522	0.0	0.36550522	0.36550522	25.0	5750	2.692834	0.38933638	4.785334	2.4386399	-2.6354795	0.0069014872	4220.457362413406
231	0.45175663	0.0	0.45175663	0.45175663	25.0	5775	2.6640267	0.3233647	4.5667944	2.495582	-2.6239	0.0061504464	4238.680118083954
232	0.14571863	0.0	0.14571863	0.14571863	25.0	5800	2.6909747	0.3883883	4.5939193	2.4479837	-2.6386137	0.006472977	4256.869875431061
233	0.0	0.0	0.0	0.0	25.0	5825	2.705804	0.40623617	4.5789156	2.4793136	-2.642198	0.0072375024	4275.107269048691
234	0.29745802	0.0	0.29745802	0.29745802	25.0	5850	2.7063217	0.40671608	4.5934386	2.4106328	-2.6419582	0.00720076	4293.346873521805
235	0.0	0.0	0.0	0.0	25.0	5875	2.6996527	0.37873647	4.5838704	2.4897952	-2.6422338	0.0077021094	4311.533076047897
236	0.10136897	0.0	0.10136897	0.10136897	25.0	5900	2.687815	0.36058626	4.5627956	2.4924088	-2.635192	0.0069060866	4329.779002428055
237	0.43254563	0.0	0.43254563	0.43254563	25.0	5925	2.7145343	0.41212177	4.6212773	2.4959917	-2.65083	0.007007742	4348.080511569977
238	0.8625133	0.0	0.8625133	0.8625133	25.0	5950	2.6830027	0.36439073	4.6478415	2.4845517	-2.6301196	0.005920233	4366.395097494125
239	0.27146813	0.0	0.27146813	0.27146813	25.0	5975	2.6948774	0.3802042	4.5702925	2.4459312	-2.6354797	0.0073692775	4384.640700817108
240	0.0	0.0	0.0	0.0	25.0	6000	2.6948652	0.37821287	4.552684	2.4868207	-2.6374817	0.006726838	4403.517023563385
241	0.09346092	0.0	0.09346092	0.09346092	25.0	6025	2.6804645	0.34618327	4.5993433	2.5127914	-2.6296039	0.005950529	4421.718980073929
242	0.0	0.0	0.0	0.0	25.0	6050	2.6873455	0.36541474	4.6056037	2.3808088	-2.6314287	0.005776506	4439.957412004471
243	0.3779499	0.0	0.3779499	0.3779499	25.0	6075	2.7032416	0.39549696	4.6191993	2.3627925	-2.639741	0.0064290743	4458.2305653095245
244	0.62174594	0.0	0.62174594	0.62174594	25.0	6100	2.6835482	0.36388972	4.5766163	2.4028387	-2.6334743	0.0063717943	4476.73729133606
245	0.29516885	0.0	0.29516885	0.29516885	25.0	6125	2.677085	0.3601065	4.6746945	2.4631057	-2.6293433	0.005889265	4494.972200870514
246	0.33176088	0.0	0.33176088	0.33176088	25.0	6150	2.6950104	0.375602	4.563085	2.2298648	-2.6376398	0.0065443767	4513.253648281097
247	0.057914577	0.0	0.057914577	0.057914577	25.0	6175	2.702503	0.3957363	4.553693	2.4281585	-2.6396263	0.0076605077	4531.560918092728
248	0.26360467	0.0	0.26360467	0.26360467	25.0	6200	2.6966474	0.3813453	4.5458546	2.4083598	-2.6373801	0.0073234816	4549.845833063126
249	0.35633463	0.0	0.35633463	0.35633463	25.0	6225	2.6922464	0.37310028	4.5670776	2.447523	-2.6405149	0.0066549224	4568.128242492676
250	0.0	0.0	0.0	0.0	25.0	6250	2.6790576	0.35131934	4.572199	2.3860745	-2.6331055	0.006318416	4586.996046304703
251	0.15816899	0.0	0.15816899	0.15816899	25.0	6275	2.6903968	0.36343253	4.5171714	2.4692903	-2.6355004	0.0064625996	4605.2678825855255
252	0.0	0.0	0.0	0.0	25.0	6300	2.6964004	0.365983	4.7562323	2.517514	-2.6411502	0.0077994377	4623.530109643936
253	0.14931281	0.0	0.14931281	0.14931281	25.0	6325	2.69024	0.3585419	4.5101824	2.3974986	-2.6335537	0.0060289707	4641.756165266037
254	0.3217448	0.0	0.3217448	0.3217448	25.0	6350	2.6914175	0.364577	4.676946	2.4369402	-2.6326737	0.007970438	4659.934201717377
255	0.07121597	0.0	0.07121597	0.07121597	25.0	6375	2.6863456	0.36321384	4.80695	2.4243186	-2.6310449	0.0077599753	4678.154208421707
256	0.6484669	0.0	0.6484669	0.6484669	25.0	6400	2.6868136	0.34790745	4.5497613	2.431009	-2.6388113	0.006790975	4696.364559650421
257	0.78724515	0.0	0.78724515	0.78724515	25.0	6425	2.7021625	0.38215342	4.592629	2.487157	-2.6455505	0.0063613136	4714.647504806519
258	0.35436204	0.0	0.35436204	0.35436204	25.0	6450	2.7005274	0.38464144	4.5323033	2.4444268	-2.6452518	0.0069334744	4732.887786149979
259	0.33450547	0.0	0.33450547	0.33450547	25.0	6475	2.6792316	0.34081185	4.576735	2.4484715	-2.6318195	0.0071568596	4751.109726428986
260	0.06300739	0.0	0.06300739	0.06300739	25.0	6500	2.6966584	0.3725554	4.763226	2.4295678	-2.6440244	0.006991963	4769.960611581802
261	0.19684198	0.0	0.19684198	0.19684198	25.0	6525	2.700182	0.38317758	4.550508	2.4622536	-2.6452122	0.007588813	4788.555335044861
262	0.5070268	0.0	0.5070268	0.5070268	25.0	6550	2.6655402	0.32996672	4.550644	2.5084753	-2.6317616	0.006178739	4807.242677927017
263	0.112506896	0.0	0.112506896	0.112506896	25.0	6575	2.6959653	0.3724882	4.61656	2.503736	-2.6449757	0.006866334	4826.048981428146
264	0.23091467	0.0	0.23091467	0.23091467	25.0	6600	2.6956005	0.36626178	4.58556	2.47976	-2.647157	0.00719416	4844.7235951423645
265	0.09991546	0.0	0.09991546	0.09991546	25.0	6625	2.6834884	0.34815726	4.85205	2.4709811	-2.641413	0.0072209025	4863.500869512558
266	0.12643003	0.0	0.12643003	0.12643003	25.0	6650	2.6944659	0.36260992	4.646496	2.4574285	-2.6455224	0.006988953	4881.952712059021
267	0.18838699	0.0	0.18838699	0.18838699	25.0	6675	2.6994061	0.36817193	4.6133914	2.4175248	-2.6463234	0.007572623	4900.252566099167
268	0.27339864	0.0	0.27339864	0.27339864	25.0	6700	2.6869977	0.35333848	4.5475483	2.404673	-2.637571	0.0060580033	4918.448019742966
269	0.3482572	0.0	0.3482572	0.3482572	25.0	6725	2.6830957	0.34295428	4.5888305	2.499298	-2.6344995	0.0061142314	4936.645833730698
270	0.0	0.0	0.0	0.0	25.0	6750	2.6845598	0.35176238	4.5707016	2.493234	-2.6394944	0.005699482	4955.459314823151
271	0.5263167	0.0	0.5263167	0.5263167	25.0	6775	2.6921542	0.351414	4.595302	2.410949	-2.641791	0.0074129277	4973.634705781937
272	1.1699386	0.0	1.1699386	1.1699386	25.0	6800	2.6743162	0.33236432	4.7922235	2.3054452	-2.6361043	0.0066312663	4991.830563545227
273	0.46647385	0.0	0.46647385	0.46647385	25.0	6825	2.690436	0.34749195	4.552661	2.4492114	-2.643476	0.006314676	5010.020117282867
274	0.2925053	0.0	0.2925053	0.2925053	25.0	6850	2.6888468	0.36019185	4.5912657	2.436855	-2.6431255	0.0082509145	5028.223895549774
275	0.15916498	0.0	0.15916498	0.15916498	25.0	6875	2.684956	0.3357953	4.573022	2.4397178	-2.6352658	0.006433988	5046.479389667511
276	0.70512253	0.0	0.70512253	0.70512253	25.0	6900	2.688423	0.35126594	4.5061846	2.4523673	-2.6400495	0.0052443417	5064.791334867477
277	0.25834778	0.0	0.25834778	0.25834778	25.0	6925	2.6887739	0.34779483	4.8470197	2.4404073	-2.6465926	0.0075053032	5083.162893772125
278	0.059572913	0.0	0.059572913	0.059572913	25.0	6950	2.7027972	0.36940005	4.579878	2.3598516	-2.6525748	0.0071528167	5101.639924049377
279	0.0	0.0	0.0	0.0	25.0	6975	2.698169	0.36154	4.5636625	2.4347532	-2.6434479	0.007891756	5120.026122570038
280	0.0	0.0	0.0	0.0	25.0	7000	2.700157	0.36748868	4.5406938	2.4625428	-2.6590564	0.007957348	5138.876408576965
281	0.9726519	0.0	0.9726519	0.9726519	25.0	7025	2.6914346	0.3436169	4.555332	2.531151	-2.6464689	0.0067113694	5157.099386692047
282	0.5554548	0.0	0.5554548	0.5554548	25.0	7050	2.6907077	0.3440896	4.5700865	2.4452925	-2.651742	0.0074583725	5175.32651925087
283	0.0	0.0	0.0	0.0	25.0	7075	2.6765344	0.32384104	4.769982	2.4395962	-2.6460989	0.0049536396	5193.5658826828
284	0.30073762	0.0	0.30073762	0.30073762	25.0	7100	2.7130232	0.3885589	4.886445	2.479913	-2.655731	0.005777469	5211.791682243347
285	0.30522668	0.0	0.30522668	0.30522668	25.0	7125	2.6843152	0.33584255	4.5361986	2.4727793	-2.6424465	0.004552829	5230.101997375488
286	0.25195143	0.0	0.25195143	0.25195143	25.0	7150	2.7067688	0.36396697	4.495254	2.5344524	-2.65437	0.00618523	5248.304224729538
287	0.33153307	0.0	0.33153307	0.33153307	25.0	7175	2.7037463	0.37732816	4.5549	2.440533	-2.6561408	0.0061797886	5266.581535100937
288	1.4833654	0.0	1.4833654	1.4833654	25.0	7200	2.698338	0.36512014	4.703533	2.4662926	-2.656229	0.005280518	5284.86088848114
289	0.6601562	0.0	0.6601562	0.6601562	25.0	7225	2.7005973	0.36460358	4.543592	2.5340009	-2.655489	0.0051129963	5303.072769403458
290	0.4922644	0.0	0.4922644	0.4922644	25.0	7250	2.7121797	0.37411037	4.609148	2.5162668	-2.663207	0.00761957	5321.979179143906
291	0.7871709	0.0	0.7871709	0.7871709	25.0	7275	2.7035766	0.36562535	4.5662985	2.5096283	-2.6570249	0.006439054	5340.1899971961975
292	0.0	0.0	0.0	0.0	25.0	7300	2.6955123	0.34407163	4.536172	2.488205	-2.6550393	0.0065691513	5358.4208154678345
293	0.18856332	0.0	0.18856332	0.18856332	25.0	7325	2.7004304	0.35495672	4.566191	2.525362	-2.656102	0.0048392196	5376.667438983917
294	0.6362518	0.0	0.6362518	0.6362518	25.0	7350	2.6930194	0.33546352	4.5633745	2.5151572	-2.6544259	0.0067445524	5395.142129182816
295	0.0	0.0	0.0	0.0	25.0	7375	2.7161036	0.37311852	4.547908	2.4954534	-2.663658	0.006447466	5413.381778478622
296	0.29544118	0.0	0.29544118	0.29544118	25.0	7400	2.7048664	0.36540484	4.5570292	2.502067	-2.661072	0.005289818	5431.659756660461
297	0.0	0.0	0.0	0.0	25.0	7425	2.7107465	0.37208474	4.5177107	2.498754	-2.660253	0.005722529	5449.950546979904
298	0.0	0.0	0.0	0.0	25.0	7450	2.6865923	0.3201525	4.5780544	2.5088077	-2.6544647	0.0063182493	5468.270646572113
299	0.24780607	0.0	0.24780607	0.24780607	25.0	7475	2.6860614	0.31896597	4.5539618	2.48181	-2.649181	0.005818462	5486.591861486435
300	0.757886	0.0	0.757886	0.757886	25.0	7500	2.6921546	0.31958854	4.5612607	2.5295908	-2.650933	0.0068277745	5505.563836097717
301	0.27853182	0.0	0.27853182	0.27853182	25.0	7525	2.7002099	0.3530471	4.589123	2.4640946	-2.6544955	0.006858976	5523.855966329575
302	1.3689654	0.0	1.3689654	1.3689654	25.0	7550	2.6962028	0.35038993	4.75923	2.4908435	-2.6578689	0.0054098475	5542.192751407623
303	2.5626047	0.0	2.5626047	2.5626047	25.0	7575	2.691134	0.33017835	4.5495524	2.4707572	-2.6602206	0.0067285313	5560.5686683654785
304	0.8795161	0.0	0.8795161	0.8795161	25.0	7600	2.7141683	0.36008105	4.615684	2.4949365	-2.6615953	0.007043421	5578.855520486832
305	0.3810592	0.0	0.3810592	0.3810592	25.0	7625	2.6987054	0.33590052	4.7421026	2.4951415	-2.6570349	0.0059323097	5597.181351423264
306	0.77991325	0.0	0.77991325	0.77991325	25.0	7650	2.6887631	0.31834853	4.865129	2.470293	-2.650897	0.0048814076	5615.44252371788
307	0.28359336	0.0	0.28359336	0.28359336	25.0	7675	2.6959832	0.3327837	4.586048	2.5273006	-2.6571836	0.005538651	5633.763181686401
308	0.33945432	0.0	0.33945432	0.33945432	25.0	7700	2.7093658	0.3470603	4.6014385	2.4775198	-2.668089	0.008959734	5652.100003242493
309	0.25353613	0.0	0.25353613	0.25353613	25.0	7725	2.6907253	0.32645422	4.665242	2.4711185	-2.6579156	0.007311401	5670.449848651886
310	1.6143404	0.0	1.6143404	1.6143404	25.0	7750	2.727548	0.38874066	4.864782	2.206696	-2.6749468	0.008374127	5689.538281440735
311	0.25952238	0.0	0.25952238	0.25952238	25.0	7775	2.70633	0.34764105	4.620739	2.467931	-2.6693537	0.008368457	5707.832877635956
312	0.31070745	0.0	0.31070745	0.31070745	25.0	7800	2.6946697	0.3220104	4.6170015	2.5156147	-2.6607795	0.007964726	5726.081638336182
313	0.36254326	0.0	0.36254326	0.36254326	25.0	7825	2.6853485	0.28826675	4.734776	2.5072455	-2.6530561	0.008254106	5744.344745874405
314	0.38040325	0.0	0.38040325	0.38040325	25.0	7850	2.7002923	0.34282348	4.6103964	2.462353	-2.6598754	0.007793582	5762.66512131691
315	0.5702022	0.0	0.5702022	0.5702022	25.0	7875	2.7026587	0.3409487	4.605947	2.4995198	-2.657898	0.007045257	5782.073886871338
316	0.57691896	0.0	0.57691896	0.57691896	25.0	7900	2.702984	0.3494654	4.6895204	2.479103	-2.6560917	0.0057105683	5800.451921463013
317	0.8026039	0.0	0.8026039	0.8026039	25.0	7925	2.701869	0.34426925	4.5995684	2.529111	-2.6585941	0.0054133954	5818.889543771744
318	0.0	0.0	0.0	0.0	25.0	7950	2.6887324	0.3137892	4.558338	2.4142485	-2.6585054	0.008101104	5837.36638045311
319	0.09553728	0.0	0.09553728	0.09553728	25.0	7975	2.7017345	0.3412801	4.576386	2.4709907	-2.6658347	0.008036061	5855.6524884700775
320	0.5317219	0.0	0.5317219	0.5317219	25.0	8000	2.6947613	0.33852524	4.6949515	2.48084	-2.6594105	0.006336413	5874.790217399597
321	1.0179416	0.0	1.0179416	1.0179416	25.0	8025	2.701546	0.3363465	4.7254305	2.4960544	-2.6586425	0.0071790344	5894.027079105377
322	0.16546114	0.0	0.16546114	0.16546114	25.0	8050	2.7097564	0.35986945	4.966939	2.5371907	-2.665098	0.0059429114	5912.2791476249695
323	0.42162853	0.0	0.42162853	0.42162853	25.0	8075	2.6971915	0.32821712	4.600107	2.5045812	-2.6540112	0.006650171	5930.685204982758
324	0.5776444	0.0	0.5776444	0.5776444	25.0	8100	2.6913726	0.329943	4.5667186	2.50643	-2.6588275	0.008179568	5949.606968164444
325	0.1697116	0.0	0.1697116	0.1697116	25.0	8125	2.694435	0.3331437	4.5936036	2.5122864	-2.6577168	0.0072175516	5967.943073272705
326	0.8993071	0.0	0.8993071	0.8993071	25.0	8150	2.6991472	0.3318842	4.5674653	2.442668	-2.6626427	0.007987389	5986.284939289093
327	0.17375089	0.0	0.17375089	0.17375089	25.0	8175	2.7038617	0.33944893	4.5879817	2.5068138	-2.663701	0.007925122	6004.663542985916
328	0.13405877	0.0	0.13405877	0.13405877	25.0	8200	2.708025	0.36205822	4.5777397	2.4502063	-2.6612713	0.0057535116	6023.055832862854
329	0.44491	0.0	0.44491	0.44491	25.0	8225	2.7100565	0.35851434	4.5802073	2.4665952	-2.661559	0.007644775	6041.325357198715
330	0.9933857	0.0	0.9933857	0.9933857	25.0	8250	2.7201777	0.3736838	4.654209	2.534594	-2.6698596	0.008360133	6060.377664804459
331	0.9899505	0.0	0.9899505	0.9899505	25.0	8275	2.6923993	0.3226965	4.605204	2.518295	-2.6640809	0.0082230475	6078.706387996674
332	0.7181255	0.0	0.7181255	0.7181255	25.0	8300	2.696906	0.33352658	4.5653024	2.5038822	-2.6571655	0.008464512	6096.938076734543
333	0.41071755	0.0	0.41071755	0.41071755	25.0	8325	2.6980376	0.34382135	4.6320486	2.4760883	-2.6628466	0.008489633	6115.177415132523
334	0.027312022	0.0	0.027312022	0.027312022	25.0	8350	2.7099426	0.3492722	4.608584	2.4903347	-2.664158	0.007473541	6133.670340061188
335	0.00279456	0.0	0.00279456	0.00279456	25.0	8375	2.7022173	0.3382943	4.5931544	2.5307872	-2.6627872	0.0076861302	6151.927824258804
336	0.13234861	0.0	0.13234861	0.13234861	25.0	8400	2.7139497	0.36574316	4.686182	2.3880165	-2.6678896	0.008368713	6170.227704286575
337	0.5135825	0.0	0.5135825	0.5135825	25.0	8425	2.690869	0.3247128	4.630534	2.2814786	-2.6545544	0.007506505	6188.991675853729
338	0.27566907	0.0	0.27566907	0.27566907	25.0	8450	2.7022789	0.33945912	4.579077	2.5254111	-2.6613724	0.0058569307	6207.358892440796
339	0.17163673	0.0	0.17163673	0.17163673	25.0	8475	2.697831	0.33097172	4.585512	2.4380789	-2.6618814	0.008426218	6225.594180583954
340	0.61409116	0.0	0.61409116	0.61409116	25.0	8500	2.7018633	0.35569945	4.653114	2.4555168	-2.6626623	0.0066936566	6245.736667394638
341	0.17409933	0.0	0.17409933	0.17409933	25.0	8525	2.699275	0.3270639	4.6672616	2.3356807	-2.6591408	0.008913137	6263.948011398315
342	0.13912143	0.0	0.13912143	0.13912143	25.0	8550	2.7032068	0.3465728	4.5538096	2.512259	-2.6615176	0.00666646	6282.192561626434
343	0.33874848	0.0	0.33874848	0.33874848	25.0	8575	2.7046723	0.34138772	4.561591	2.0976815	-2.6627347	0.007837019	6300.3810522556305
344	0.0	0.0	0.0	0.0	25.0	8600	2.688331	0.30667096	4.56687	2.4517603	-2.65277	0.0053113163	6319.630212545395
345	0.34829402	0.0	0.34829402	0.34829402	25.0	8625	2.7080896	0.35431263	4.605035	2.512082	-2.664188	0.006679577	6337.805885791779
346	0.060456395	0.0	0.060456395	0.060456395	25.0	8650	2.6991272	0.32919914	4.5822773	2.531713	-2.6622279	0.007650701	6355.972960948944
347	0.35863	0.0	0.35863	0.35863	25.0	8675	2.6902728	0.32912266	4.5336604	2.4678872	-2.6511605	0.0070444224	6375.300960063934
348	0.0	0.0	0.0	0.0	25.0	8700	2.698117	0.34037834	4.611313	2.524108	-2.6590803	0.0052943565	6393.572602748871
349	0.8969603	0.0	0.8969603	0.8969603	25.0	8725	2.686117	0.30991617	4.5421305	2.3586943	-2.657692	0.007959446	6411.760815143585
350	0.36906436	0.0	0.36906436	0.36906436	25.0	8750	2.692369	0.3219262	4.604056	2.5336766	-2.6552744	0.007287924	6430.776966571808
351	0.21113737	0.0	0.21113737	0.21113737	25.0	8775	2.684335	0.31502286	4.6323843	2.367533	-2.654163	0.0058760224	6449.04168844223
352	0.0	0.0	0.0	0.0	25.0	8800	2.7065341	0.35639235	4.6385345	2.4337752	-2.667775	0.009228127	6467.23827958107
353	0.4368735	0.0	0.4368735	0.4368735	25.0	8825	2.6958172	0.31291053	4.5746164	2.4912767	-2.6660225	0.008099671	6485.418876647949
354	0.49753773	0.0	0.49753773	0.49753773	25.0	8850	2.683864	0.30900526	4.5772943	2.3445046	-2.6610932	0.007919608	6503.6916580200195
355	0.3394751	0.0	0.3394751	0.3394751	25.0	8875	2.6803331	0.29603246	4.554221	2.5072834	-2.656213	0.006166546	6522.112218618393
356	0.38170928	0.0	0.38170928	0.38170928	25.0	8900	2.7011976	0.34631333	4.5515347	2.4836738	-2.6577406	0.005008263	6540.40256023407
357	0.44860932	0.0	0.44860932	0.44860932	25.0	8925	2.681017	0.29081807	4.552918	2.4887414	-2.6546686	0.0074387	6559.080214977264
358	0.1038756	0.0	0.1038756	0.1038756	25.0	8950	2.6827972	0.30093473	4.5541115	2.435709	-2.6491961	0.0063225026	6577.458744764328
359	0.5343271	0.0	0.5343271	0.5343271	25.0	8975	2.6858802	0.3170303	4.6024485	2.5221136	-2.652032	0.0064931833	6595.8499410152435
360	0.1266523	0.0	0.1266523	0.1266523	25.0	9000	2.7057147	0.35113266	4.555086	2.532607	-2.6615677	0.00620805	6615.372840642929
361	0.4849651	0.0	0.4849651	0.4849651	25.0	9025	2.6921732	0.31969765	4.6015544	2.5219805	-2.6572802	0.006587773	6634.082896471024
362	0.6187486	0.0	0.6187486	0.6187486	25.0	9050	2.7013671	0.3361746	4.5781727	2.5367935	-2.6633124	0.008220112	6652.496782779694
363	0.57695174	0.0	0.57695174	0.57695174	25.0	9075	2.6920972	0.32843405	4.5586014	2.4751043	-2.6551867	0.0065460997	6670.9353585243225
364	0.50433755	0.0	0.50433755	0.50433755	25.0	9100	2.67802	0.30161366	4.5847936	2.5372522	-2.6464398	0.006545224	6689.488734960556
365	0.2742396	0.0	0.2742396	0.2742396	25.0	9125	2.6964765	0.32733065	4.5616903	2.5260153	-2.6541734	0.007351865	6707.95628619194
366	0.5342018	0.0	0.5342018	0.5342018	25.0	9150	2.6877656	0.31460246	4.582838	2.5469937	-2.6544628	0.0069206404	6726.411802768707
367	0.19826515	0.0	0.19826515	0.19826515	25.0	9175	2.6867023	0.31649798	4.606831	2.3089843	-2.6517224	0.006576289	6744.806948900223
368	0.28335613	0.0	0.28335613	0.28335613	25.0	9200	2.6843781	0.31929415	4.653499	2.437184	-2.6478696	0.007086215	6763.102969646454
369	0.0	0.0	0.0	0.0	25.0	9225	2.6879406	0.31734604	4.5974054	2.5407462	-2.6544962	0.00580533	6781.374413013458
370	0.0	0.0	0.0	0.0	25.0	9250	2.6976862	0.33663523	4.556528	2.5237927	-2.6630814	0.0059941923	6800.459468126297
371	0.7317758	0.0	0.7317758	0.7317758	25.0	9275	2.685174	0.3243045	4.5647216	2.5091743	-2.6529093	0.005092496	6818.748489618301
372	0.282927	0.0	0.282927	0.282927	25.0	9300	2.6980174	0.33946693	4.5010614	2.5223887	-2.6590042	0.00580804	6836.983857154846
373	0.39158472	0.0	0.39158472	0.39158472	25.0	9325	2.6803417	0.28720763	4.541832	2.5114057	-2.6542444	0.006976896	6855.268710613251
374	0.11826594	0.0	0.11826594	0.11826594	25.0	9350	2.6881762	0.31570524	4.6184645	2.4844086	-2.6563482	0.0069170515	6873.586546421051
375	0.642368	0.0	0.642368	0.642368	25.0	9375	2.692406	0.32062155	4.581091	2.426575	-2.6573353	0.0061232094	6891.905176639557
376	0.5511378	0.0	0.5511378	0.5511378	25.0	9400	2.6794372	0.3078326	4.5654807	2.3082998	-2.6475	0.005990197	6910.378451824188
377	0.16527812	0.0	0.16527812	0.16527812	25.0	9425	2.6851175	0.31153855	4.5716543	2.4678717	-2.6575732	0.006922648	6929.083012580872
378	0.6144512	0.0	0.6144512	0.6144512	25.0	9450	2.6755364	0.29816723	4.5442967	2.5239666	-2.6525464	0.005347307	6947.529930353165
379	0.059003945	0.0	0.059003945	0.059003945	25.0	9475	2.674823	0.27872935	4.5746245	2.5043538	-2.6510012	0.00712976	6965.815869808197
380	0.14421101	0.0	0.14421101	0.14421101	25.0	9500	2.7019508	0.34577805	4.5776405	2.4624324	-2.665513	0.007638608	6985.497095584869
381	0.57021	0.0	0.57021	0.57021	25.0	9525	2.6966255	0.33843467	4.555672	2.4520664	-2.6627111	0.006700094	7004.621874332428
382	0.27284586	0.0	0.27284586	0.27284586	25.0	9550	2.6780417	0.3021641	4.5595055	2.5222893	-2.6479938	0.0054256874	7022.866398572922
383	0.028168736	0.0	0.028168736	0.028168736	25.0	9575	2.6839933	0.32730603	4.641517	2.5059087	-2.6440506	0.0055425745	7041.130897283554
384	0.25315705	0.0	0.25315705	0.25315705	25.0	9600	2.6658235	0.27453405	4.605775	2.4835904	-2.6470685	0.007028274	7059.433757781982
385	0.1753428	0.0	0.1753428	0.1753428	25.0	9625	2.6764977	0.30233717	4.629238	2.399181	-2.6469178	0.0066776057	7077.68656873703
386	0.42713216	0.0	0.42713216	0.42713216	25.0	9650	2.6958704	0.34470218	4.5824256	2.4552495	-2.6581619	0.0073259543	7095.899482965469
387	0.0	0.0	0.0	0.0	25.0	9675	2.6816669	0.32526731	4.5940547	2.5064375	-2.651717	0.005329345	7114.286917209625
388	0.5753436	0.0	0.5753436	0.5753436	25.0	9700	2.6793528	0.29458082	4.569702	2.549839	-2.651922	0.0085238805	7132.573790073395
389	0.7151052	0.0	0.7151052	0.7151052	25.0	9725	2.6879663	0.3356981	4.5715685	2.5027876	-2.6450665	0.00510015	7150.847270965576
390	0.0	0.0	0.0	0.0	25.0	9750	2.6808703	0.3111703	4.572747	2.5204372	-2.6444247	0.0072152386	7169.871684551239
391	0.20100059	0.0	0.20100059	0.20100059	25.0	9775	2.6890967	0.3222657	4.5726295	2.164464	-2.6506708	0.009476407	7188.111081838608
392	0.0	0.0	0.0	0.0	25.0	9800	2.6814916	0.3170717	4.6132674	2.514947	-2.6428266	0.008733417	7206.340517044067
393	0.5830315	0.0	0.5830315	0.5830315	25.0	9825	2.6809936	0.32129315	4.5466404	2.5224833	-2.643615	0.005420655	7224.576224803925
394	0.0053355875	0.0	0.0053355875	0.0053355875	25.0	9850	2.6692157	0.29731488	4.49592	2.4911125	-2.6387413	0.005168664	7242.826602458954
395	0.93806064	0.0	0.93806064	0.93806064	25.0	9875	2.6863575	0.3419786	4.6720085	2.4707966	-2.6509802	0.006387629	7261.532212018967
396	0.11534456	0.0	0.11534456	0.11534456	25.0	9900	2.6674867	0.28657648	4.5717115	2.5105584	-2.6457586	0.0054787076	7279.828936100006
397	0.0	0.0	0.0	0.0	25.0	9925	2.669266	0.2921481	4.5567307	2.5106213	-2.6454623	0.0060324436	7298.018151044846
398	1.4944746	0.0	1.4944746	1.4944746	25.0	9950	2.6579337	0.2564499	4.587388	2.4599643	-2.6345778	0.006825511	7316.289453983307
399	0.45854655	0.0	0.45854655	0.45854655	25.0	9975	2.6747963	0.29368973	4.555286	2.4637904	-2.642113	0.007547101	7334.615487337112
400	0.18137953	0.0	0.18137953	0.18137953	25.0	10000	2.6730785	0.30899173	4.567108	2.454318	-2.6422772	0.0063207056	7353.798476934433
401	0.5013377	0.0	0.5013377	0.5013377	25.0	10025	2.6761036	0.3148105	4.576016	2.1462002	-2.6418	0.0060037393	7372.0820462703705
402	0.8311769	0.0	0.8311769	0.8311769	25.0	10050	2.6764672	0.3187977	4.5788417	2.483115	-2.6444395	0.0056554824	7390.338843822479
403	0.9627296	0.0	0.9627296	0.9627296	25.0	10075	2.6869373	0.31857732	4.643238	2.5275335	-2.6492062	0.0064653535	7408.592471122742
404	0.049564943	0.0	0.049564943	0.049564943	25.0	10100	2.683134	0.32925394	4.5774946	2.4381697	-2.6478922	0.0074502947	7426.902857303619
405	0.27988642	0.0	0.27988642	0.27988642	25.0	10125	2.6861866	0.33279112	4.6379447	2.298079	-2.6494834	0.007447652	7445.2109842300415
406	0.65993243	0.0	0.65993243	0.65993243	25.0	10150	2.6758814	0.30340812	4.575145	2.4625204	-2.6479712	0.007731985	7463.503957271576
407	0.9868253	0.0	0.9868253	0.9868253	25.0	10175	2.6688433	0.31132895	4.6975102	2.500964	-2.640671	0.0073968577	7481.810359477997
408	0.23457421	0.0	0.23457421	0.23457421	25.0	10200	2.6698248	0.30963528	4.604571	2.4748516	-2.6420553	0.0063322927	7500.099564313889
409	0.5307101	0.0	0.5307101	0.5307101	25.0	10225	2.6755183	0.31778398	4.6404214	2.5191014	-2.64641	0.007835698	7518.435756921768
410	0.17723837	0.0	0.17723837	0.17723837	25.0	10250	2.6690252	0.30229425	4.6102858	2.4843702	-2.6437004	0.0054635615	7537.609934568405
411	0.20961443	0.0	0.20961443	0.20961443	25.0	10275	2.6685424	0.29816428	4.63769	2.5086813	-2.6435819	0.007881835	7555.865175008774
412	0.23754235	0.0	0.23754235	0.23754235	25.0	10300	2.6710346	0.29517454	4.6399884	2.336349	-2.6381357	0.008261914	7574.081953525543
413	0.1024056	0.0	0.1024056	0.1024056	25.0	10325	2.6828375	0.32725444	4.6173496	2.484777	-2.6462486	0.00647914	7592.308958053589
414	0.6888387	0.0	0.6888387	0.6888387	25.0	10350	2.6655645	0.29741502	4.759753	2.4956315	-2.6368635	0.006907111	7610.529096603394
415	0.23233335	0.0	0.23233335	0.23233335	25.0	10375	2.6597888	0.27317226	4.6303744	2.492423	-2.6385958	0.006729378	7628.737010717392
416	0.84296864	0.0	0.84296864	0.84296864	25.0	10400	2.680433	0.32637426	4.658931	2.4967463	-2.6439435	0.0072167492	7646.952419757843
417	0.2068418	0.0	0.2068418	0.2068418	25.0	10425	2.6675403	0.30337173	4.630305	2.3571799	-2.6382928	0.0069126915	7665.1711893081665
418	0.47492844	0.0	0.47492844	0.47492844	25.0	10450	2.664003	0.2826462	4.701995	2.4874103	-2.6325157	0.0071238955	7683.392836093903
419	0.5326265	0.0	0.5326265	0.5326265	25.0	10475	2.6687653	0.30267605	4.592632	2.5018563	-2.633894	0.006810236	7701.638850688934
420	0.785155	0.0	0.785155	0.785155	25.0	10500	2.6728868	0.31151813	4.6302724	2.4786177	-2.6389682	0.007981463	7720.830800771713
421	0.8918008	0.0	0.8918008	0.8918008	25.0	10525	2.662592	0.28049758	4.599788	2.5172431	-2.6375024	0.006447156	7739.057374238968
422	0.40356588	0.0	0.40356588	0.40356588	25.0	10550	2.668999	0.3076106	4.6529646	2.5071278	-2.638589	0.0058585233	7757.253831624985
423	0.15831107	0.0	0.15831107	0.15831107	25.0	10575	2.6649213	0.30320638	4.640313	2.3182921	-2.6368368	0.0051935	7775.4317808151245
424	0.04398376	0.0	0.04398376	0.04398376	25.0	10600	2.663996	0.29825303	4.6565495	2.5238094	-2.6393619	0.0054903137	7793.609232664108
425	0.6745957	0.0	0.6745957	0.6745957	25.0	10625	2.6625776	0.3016295	4.6506925	2.337057	-2.632358	0.00632317	7811.835908651352
426	0.37936184	0.0	0.37936184	0.37936184	25.0	10650	2.6656897	0.305906	4.7316847	2.4581358	-2.6324172	0.007218495	7830.02906870842
427	0.20843267	0.0	0.20843267	0.20843267	25.0	10675	2.6744509	0.32529625	4.656655	2.4975677	-2.6363285	0.006840423	7848.2070145606995
428	0.21928367	0.0	0.21928367	0.21928367	25.0	10700	2.6536732	0.27574667	4.6345105	2.5075665	-2.6268582	0.007204509	7866.395725727081
429	0.5187305	0.0	0.5187305	0.5187305	25.0	10725	2.6711931	0.31770074	4.7132273	2.512844	-2.6387513	0.006607556	7884.6282687187195
430	0.16091526	0.0	0.16091526	0.16091526	25.0	10750	2.6658611	0.30715314	4.710314	2.4409845	-2.6386197	0.0067078765	7903.766315460205
431	0.2361521	0.0	0.2361521	0.2361521	25.0	10775	2.6785264	0.32195643	4.743311	2.4719448	-2.645402	0.0075896145	7921.979773283005
432	0.6400343	0.0	0.6400343	0.6400343	25.0	10800	2.6619935	0.28735104	4.6810293	2.4140103	-2.6339881	0.0052208956	7940.312477350235
433	0.4007594	0.0	0.4007594	0.4007594	25.0	10825	2.6766322	0.34719524	4.703004	2.486005	-2.6407566	0.005616926	7958.607199192047
434	0.41209114	0.0	0.41209114	0.41209114	25.0	10850	2.6671941	0.31139088	4.717679	2.4782214	-2.6408193	0.006591829	7976.8210434913635
435	0.0	0.0	0.0	0.0	25.0	10875	2.677606	0.326904	4.6933284	2.437786	-2.6436656	0.007609529	7995.060396671295
436	0.041760996	0.0	0.041760996	0.041760996	25.0	10900	2.670628	0.31118664	4.699188	2.515441	-2.6400485	0.0063674105	8013.30372428894
437	0.6797088	0.0	0.6797088	0.6797088	25.0	10925	2.6568036	0.2768546	4.6630297	2.5315297	-2.632132	0.005699919	8031.6478815078735
438	0.19124088	0.0	0.19124088	0.19124088	25.0	10950	2.6618543	0.29066002	4.71523	2.5189097	-2.6340253	0.0070447735	8049.848410844803
439	0.5681752	0.0	0.5681752	0.5681752	25.0	10975	2.6594393	0.29979667	4.6980085	2.4252648	-2.632644	0.0057317778	8068.162922859192
440	0.12701987	0.0	0.12701987	0.12701987	25.0	11000	2.6639357	0.3197324	4.7470207	2.41732	-2.6267786	0.0058819773	8087.838421821594
441	0.39577118	0.0	0.39577118	0.39577118	25.0	11025	2.6556394	0.28235254	4.687652	2.5332327	-2.627398	0.0070832493	8106.308498620987
442	0.56880414	0.0	0.56880414	0.56880414	25.0	11050	2.670679	0.32327136	4.7326655	2.529202	-2.6329708	0.0061305	8124.640627861023
443	0.84378344	0.0	0.84378344	0.84378344	25.0	11075	2.657146	0.2970557	4.750362	2.4982498	-2.6311512	0.007317064	8142.90616106987
444	0.7800563	0.0	0.7800563	0.7800563	25.0	11100	2.6460056	0.27835667	4.7864466	2.4847205	-2.6227016	0.006291222	8161.217341899872
445	0.2944579	0.0	0.2944579	0.2944579	25.0	11125	2.653699	0.2878873	4.6786466	2.4347417	-2.6287372	0.006644421	8179.6323454380035
446	1.2145942	0.0	1.2145942	1.2145942	25.0	11150	2.6535463	0.27680945	4.708627	2.529543	-2.631753	0.0064790566	8197.956271409988
447	0.21468544	0.0	0.21468544	0.21468544	25.0	11175	2.6553812	0.29678303	4.7542844	2.5018494	-2.6277092	0.005760671	8216.251009225845
448	0.44314218	0.0	0.44314218	0.44314218	25.0	11200	2.6514282	0.2773739	4.739112	2.4892251	-2.6238532	0.0067280214	8234.510182619095
449	1.0658389	0.0	1.0658389	1.0658389	25.0	11225	2.6684656	0.3217421	4.717636	2.4777772	-2.6401234	0.0066082324	8252.754429340363
450	0.22928946	0.0	0.22928946	0.22928946	25.0	11250	2.6581566	0.3000551	4.708002	2.5142546	-2.6257486	0.0071206256	8272.038973331451
451	0.24010852	0.0	0.24010852	0.24010852	25.0	11275	2.6541831	0.29427245	4.847498	2.47602	-2.6246643	0.0068273186	8290.296847343445
452	0.028281296	0.0	0.028281296	0.028281296	25.0	11300	2.65627	0.30068	4.77576	2.3620605	-2.631315	0.00611292	8308.555478572845
453	0.016090268	0.0	0.016090268	0.016090268	25.0	11325	2.6551244	0.29933363	4.740191	2.4591577	-2.6272168	0.0049796775	8326.784691810608
454	0.23550336	0.0	0.23550336	0.23550336	25.0	11350	2.6591294	0.307435	4.684976	2.454066	-2.6330295	0.005683348	8345.02701497078
455	0.0	0.0	0.0	0.0	25.0	11375	2.6497293	0.28387764	4.6622076	2.4878132	-2.6212826	0.005824787	8363.220463514328
456	0.19683287	0.0	0.19683287	0.19683287	25.0	11400	2.6430795	0.27192533	4.7173634	2.482221	-2.618808	0.0047214245	8381.492590427399
457	0.14871676	0.0	0.14871676	0.14871676	25.0	11425	2.6467927	0.2734346	4.71054	2.523172	-2.6188293	0.0053027365	8399.706133127213
458	0.9700393	0.0	0.9700393	0.9700393	25.0	11450	2.647963	0.28384024	4.696566	2.4869885	-2.620986	0.0055547105	8417.924490690231
459	0.0	0.0	0.0	0.0	25.0	11475	2.6562316	0.3052465	4.660876	2.4733133	-2.620525	0.005919739	8436.149820804596
460	0.4320792	0.0	0.4320792	0.4320792	25.0	11500	2.645924	0.28303885	4.6701794	2.4836771	-2.615197	0.0044213315	8455.321309804916
461	0.0	0.0	0.0	0.0	25.0	11525	2.6544561	0.29967928	4.6996546	2.5075903	-2.6241229	0.0058782734	8473.575362205505
462	0.47873205	0.0	0.47873205	0.47873205	25.0	11550	2.6485956	0.28041494	4.6619673	2.4769838	-2.6209686	0.0057763816	8491.889183044434
463	0.6280193	0.0	0.6280193	0.6280193	25.0	11575	2.644056	0.27004752	4.6637754	2.513243	-2.6183007	0.0063016783	8510.173297405243
464	0.17692742	0.0	0.17692742	0.17692742	25.0	11600	2.6471488	0.2784937	4.814902	2.4740698	-2.6234353	0.008057597	8528.40190577507
465	0.19015275	0.0	0.19015275	0.19015275	25.0	11625	2.654395	0.29762763	4.822151	2.4495883	-2.623997	0.007525989	8546.602145671844
466	0.6701632	0.0	0.6701632	0.6701632	25.0	11650	2.648247	0.27401522	4.6150165	2.4576042	-2.6231809	0.0056160325	8564.88074374199
467	0.2916373	0.0	0.2916373	0.2916373	25.0	11675	2.6523635	0.29412377	4.6562686	2.4439538	-2.626469	0.00554478	8583.103413581848
468	0.3825706	0.0	0.3825706	0.3825706	25.0	11700	2.6548443	0.30376747	4.660946	2.5070622	-2.6258361	0.0055375844	8601.382076978683
469	0.93753934	0.0	0.93753934	0.93753934	25.0	11725	2.6548731	0.29619434	4.6372733	2.4776459	-2.625369	0.0059994976	8619.595777273178
470	0.10156946	0.0	0.10156946	0.10156946	25.0	11750	2.6627612	0.30598992	4.7601056	2.4427586	-2.6295383	0.0064103184	8638.848230600357
471	0.012510322	0.0	0.012510322	0.012510322	25.0	11775	2.6585565	0.3057199	4.6609898	2.4699893	-2.629134	0.0054371427	8657.058635950089
472	0.45598534	0.0	0.45598534	0.45598534	25.0	11800	2.6459954	0.26095125	4.665938	2.400349	-2.6282098	0.0062320833	8675.835906505585
473	0.35304824	0.0	0.35304824	0.35304824	25.0	11825	2.657743	0.2907216	4.681595	2.4654143	-2.6282294	0.00753493	8695.92941737175
474	0.5306424	0.0	0.5306424	0.5306424	25.0	11850	2.64187	0.27513272	4.731298	1.9970222	-2.6203396	0.006387421	8714.324013233185
475	0.23791821	0.0	0.23791821	0.23791821	25.0	11875	2.6438148	0.2561857	4.6893735	2.5020692	-2.6268847	0.007114892	8732.723824977875
476	0.3333337	0.0	0.3333337	0.3333337	25.0	11900	2.6464016	0.28759181	4.7197647	2.5109859	-2.6299884	0.006291232	8754.22737956047
477	0.36070162	0.0	0.36070162	0.36070162	25.0	11925	2.6365905	0.25412184	4.7280955	2.138475	-2.6263409	0.005544469	8772.59066581726
478	0.14176194	0.0	0.14176194	0.14176194	25.0	11950	2.6452765	0.2644336	4.6892643	2.4421258	-2.6269367	0.00831579	8790.888725042343
479	0.1727381	0.0	0.1727381	0.1727381	25.0	11975	2.64329	0.2718632	4.654139	2.4964433	-2.6245604	0.0077997786	8809.18767786026
480	0.741246	0.0	0.741246	0.741246	25.0	12000	2.639724	0.28260306	4.755612	2.4774394	-2.6207798	0.0063436264	8828.533069133759
481	0.36775753	0.0	0.36775753	0.36775753	25.0	12025	2.6409273	0.2781329	4.765324	2.4359713	-2.617965	0.005404612	8846.82490181923
482	0.3787147	0.0	0.3787147	0.3787147	25.0	12050	2.648514	0.29371268	4.731823	2.4932656	-2.6235888	0.0072548096	8865.227880001068
483	0.3993885	0.0	0.3993885	0.3993885	25.0	12075	2.6401086	0.28675726	4.7812433	2.4539776	-2.612789	0.0059311436	8883.568276405334
484	0.08444489	0.0	0.08444489	0.08444489	25.0	12100	2.648476	0.28631952	4.8192387	2.4013371	-2.6190228	0.008815275	8901.830876350403
485	0.21304671	0.0	0.21304671	0.21304671	25.0	12125	2.6448095	0.29535022	4.740823	2.3032434	-2.6151705	0.0054987087	8920.14346909523
486	0.0	0.0	0.0	0.0	25.0	12150	2.640235	0.28365046	4.7744007	2.5193994	-2.6146047	0.0056070243	8938.386058092117
487	0.32796904	0.0	0.32796904	0.32796904	25.0	12175	2.6412542	0.27476662	4.616014	2.4640365	-2.6158412	0.0061890935	8956.673010587692
488	0.26913154	0.0	0.26913154	0.26913154	25.0	12200	2.6414874	0.2765961	4.725994	2.339642	-2.613171	0.006033832	8974.982534646988
489	0.0	0.0	0.0	0.0	25.0	12225	2.6295874	0.2497785	4.6391954	2.5153062	-2.6120572	0.0055224854	8993.237034797668
490	0.3803898	0.0	0.3803898	0.3803898	25.0	12250	2.6361544	0.27084577	4.6887507	2.4478023	-2.6134	0.005725066	9012.498019218445
491	0.34784994	0.0	0.34784994	0.34784994	25.0	12275	2.642447	0.2715537	4.7040763	2.485612	-2.613245	0.0069599324	9030.860184431076
492	1.4248028	0.0	1.4248028	1.4248028	25.0	12300	2.6318133	0.2652509	4.7332025	2.4650962	-2.6104493	0.006918123	9049.351108551025
493	0.0	0.0	0.0	0.0	25.0	12325	2.6339123	0.27755448	4.671738	2.429112	-2.608171	0.0071285176	9067.76502919197
494	0.09464619	0.0	0.09464619	0.09464619	25.0	12350	2.6314666	0.2592034	4.708317	2.4400244	-2.6033387	0.0059108287	9086.087168931961
495	0.5350375	0.0	0.5350375	0.5350375	25.0	12375	2.621924	0.25182208	4.68828	2.4732778	-2.6000345	0.0062309476	9104.399682283401
496	0.12090135	0.0	0.12090135	0.12090135	25.0	12400	2.6361706	0.29454488	4.6890836	2.4926267	-2.60973	0.006281882	9122.638100624084
497	0.58271736	0.0	0.58271736	0.58271736	25.0	12425	2.6353729	0.2878596	4.690876	2.3830912	-2.6123235	0.006197798	9140.972996473312
498	0.45593837	0.0	0.45593837	0.45593837	25.0	12450	2.6266732	0.26328638	4.6161547	2.4681385	-2.607977	0.005909664	9159.322000980377
499	0.40262255	0.0	0.40262255	0.40262255	25.0	12475	2.6251333	0.28241542	4.661468	2.492199	-2.6071253	0.0056398236	9177.716507196426
500	0.06253906	0.0	0.06253906	0.06253906	25.0	12500	2.632444	0.28780872	4.643862	2.467197	-2.6125293	0.0060297973	9197.064426660538
501	0.0	0.0	0.0	0.0	25.0	12525	2.6354094	0.28741175	4.5992017	2.4801054	-2.6103654	0.0075127953	9215.38679099083
502	0.46108532	0.0	0.46108532	0.46108532	25.0	12550	2.646054	0.32249877	4.693128	2.254405	-2.6123571	0.0055021765	9233.712619304657
503	0.0	0.0	0.0	0.0	25.0	12575	2.6229966	0.26949978	4.654181	2.4804256	-2.6022897	0.005506115	9251.956386089325
504	0.86412674	0.0	0.86412674	0.86412674	25.0	12600	2.6447573	0.3094794	4.6874423	2.5016973	-2.6149967	0.0065746726	9270.826398849487
505	0.20282984	0.0	0.20282984	0.20282984	25.0	12625	2.633694	0.29766217	4.6472945	2.4100723	-2.6104293	0.005669883	9289.067454576492
506	1.18479	0.0	1.18479	1.18479	25.0	12650	2.624286	0.26668772	4.6851854	2.4583213	-2.6086407	0.0067344434	9307.382957220078
507	0.0	0.0	0.0	0.0	25.0	12675	2.6409826	0.29093283	4.6417894	2.491432	-2.6139047	0.006487533	9325.925661563873
508	0.6194402	0.0	0.6194402	0.6194402	25.0	12700	2.6336682	0.293776	4.692267	2.4389422	-2.610308	0.004900189	9344.153559446335
509	0.53776854	0.0	0.53776854	0.53776854	25.0	12725	2.6296282	0.2648927	4.6513605	2.4025698	-2.612207	0.0065624933	9362.423936843872
510	1.219133	0.0	1.219133	1.219133	25.0	12750	2.639959	0.29523012	4.636823	2.4871314	-2.6166506	0.0066299336	9381.817932367325
511	0.14547777	0.0	0.14547777	0.14547777	25.0	12775	2.640236	0.30044875	4.6008124	2.4783757	-2.6140249	0.004616608	9400.93286895752
512	0.18486224	0.0	0.18486224	0.18486224	25.0	12800	2.6332214	0.29533547	4.634741	2.457689	-2.6106238	0.0051013525	9419.182703018188
513	0.20764163	0.0	0.20764163	0.20764163	25.0	12825	2.6352265	0.2860802	4.67053	2.4868827	-2.612063	0.0059328745	9437.451441764832
514	0.29256013	0.0	0.29256013	0.29256013	25.0	12850	2.6189833	0.25356656	4.705245	2.4651022	-2.603698	0.005129157	9455.677671670914
515	0.097697735	0.0	0.097697735	0.097697735	25.0	12875	2.6269648	0.2551949	4.621063	2.4594798	-2.6033318	0.0062007834	9473.922606945038
516	0.3116658	0.0	0.3116658	0.3116658	25.0	12900	2.6292853	0.27592757	4.586218	2.3634562	-2.6077888	0.005286092	9492.112589120865
517	0.20971161	0.0	0.20971161	0.20971161	25.0	12925	2.6384308	0.30404538	4.637306	2.3968778	-2.6109893	0.0058549363	9510.338853597641
518	0.060676668	0.0	0.060676668	0.060676668	25.0	12950	2.6365564	0.285738	4.5659814	2.4004	-2.6077054	0.0058788895	9528.568132638931
519	0.0694954	0.0	0.0694954	0.0694954	25.0	12975	2.6284983	0.26509038	4.6870337	2.4917479	-2.6045322	0.0059611555	9546.735548257828
520	0.0052117663	0.0	0.0052117663	0.0052117663	25.0	13000	2.6259377	0.2705767	4.622878	2.3903675	-2.6035426	0.0054947827	9566.454490661621
521	0.25933403	0.0	0.25933403	0.25933403	25.0	13025	2.636319	0.28717223	4.6324663	2.2962458	-2.611226	0.005308819	9584.698514461517
522	0.75785476	0.0	0.75785476	0.75785476	25.0	13050	2.6310642	0.27751577	4.6310697	2.3937325	-2.6030385	0.0062998156	9602.972172737122
523	0.0	0.0	0.0	0.0	25.0	13075	2.6402087	0.31209573	4.79649	2.4218988	-2.6107092	0.0066792066	9621.199827432632
524	0.0	0.0	0.0	0.0	25.0	13100	2.626958	0.28014633	4.6739573	2.3207216	-2.5971658	0.0049374304	9639.359646558762
525	0.6726173	0.0	0.6726173	0.6726173	25.0	13125	2.6279876	0.27578443	4.634042	2.479945	-2.6037464	0.00627443	9657.587812662125
526	0.5434966	0.0	0.5434966	0.5434966	25.0	13150	2.6339025	0.28782716	4.6625094	2.36465	-2.6034422	0.0061237155	9675.826391935349
527	0.028392673	0.0	0.028392673	0.028392673	25.0	13175	2.6142902	0.23003092	4.6535335	2.4363637	-2.5920258	0.0055555804	9694.010434627533
528	0.4116978	0.0	0.4116978	0.4116978	25.0	13200	2.615411	0.24477078	4.677513	2.434937	-2.5931213	0.0059355483	9712.219114542007
529	0.73982555	0.0	0.73982555	0.73982555	25.0	13225	2.6281617	0.27756733	4.7034693	2.4570758	-2.6004694	0.005878167	9730.456008195877
530	1.7240918	0.0	1.7240918	1.7240918	25.0	13250	2.6194892	0.26188147	4.680775	2.4190567	-2.5949008	0.0057816277	9749.791461467743
531	0.0	0.0	0.0	0.0	25.0	13275	2.627727	0.28136605	4.723488	2.363973	-2.5946124	0.0061589237	9768.030527114868
532	0.57229406	0.0	0.57229406	0.57229406	25.0	13300	2.6105366	0.23871952	4.6846595	2.482329	-2.5916157	0.0073122047	9786.34757900238
533	0.0	0.0	0.0	0.0	25.0	13325	2.6159046	0.2538409	4.691726	2.4485717	-2.5957127	0.007049942	9804.555295467377
534	0.45090398	0.0	0.45090398	0.45090398	25.0	13350	2.6188886	0.27156284	4.629153	2.4007845	-2.5933764	0.004827634	9822.884839057922
535	0.13622506	0.0	0.13622506	0.13622506	25.0	13375	2.622791	0.27806342	4.673298	2.463555	-2.598282	0.005940543	9841.17226433754
536	0.20852633	0.0	0.20852633	0.20852633	25.0	13400	2.620248	0.26864454	4.6505804	2.3744445	-2.594575	0.005762161	9859.681744337082
537	0.14502126	0.0	0.14502126	0.14502126	25.0	13425	2.6079066	0.23912352	4.6138153	2.4456837	-2.5940378	0.007012239	9878.17256450653
538	0.29521388	0.0	0.29521388	0.29521388	25.0	13450	2.610924	0.25439808	4.6790376	2.4810123	-2.5948126	0.005954611	9896.604820013046
539	0.2327543	0.0	0.2327543	0.2327543	25.0	13475	2.6132307	0.24734236	4.701185	2.5021656	-2.5935748	0.0069446154	9915.655258178711
540	0.62118226	0.0	0.62118226	0.62118226	25.0	13500	2.6129565	0.24947134	4.6386156	2.3821933	-2.5936935	0.0075336676	9935.772869110107
541	0.0	0.0	0.0	0.0	25.0	13525	2.6164453	0.24883625	4.6773314	2.505039	-2.5943022	0.005675505	9954.763857603073
542	0.6177387	0.0	0.6177387	0.6177387	25.0	13550	2.628754	0.30218259	4.641559	2.3975825	-2.596574	0.0048258738	9973.56408071518
543	1.0687503	0.0	1.0687503	1.0687503	25.0	13575	2.6155958	0.27566597	4.6685877	2.4860754	-2.596837	0.0051424	9991.982232809067
544	0.30759743	0.0	0.30759743	0.30759743	25.0	13600	2.6144495	0.26333496	4.627158	2.4972181	-2.5952148	0.005157796	10010.245388507843
545	0.18028013	0.0	0.18028013	0.18028013	25.0	13625	2.608105	0.23878855	4.6829205	2.5098398	-2.594922	0.0054437583	10028.526063680649
546	0.47831875	0.0	0.47831875	0.47831875	25.0	13650	2.6252143	0.283424	4.6618857	2.4378898	-2.593334	0.0063458616	10046.862562656403
547	1.2775375	0.0	1.2775375	1.2775375	25.0	13675	2.611983	0.25530452	4.6721253	2.0482366	-2.587301	0.0062508755	10065.217116594315
548	0.38154188	0.0	0.38154188	0.38154188	25.0	13700	2.6134121	0.25156444	4.6270394	2.4878204	-2.5889513	0.006566061	10083.551321744919
549	1.0251824	0.0	1.0251824	1.0251824	25.0	13725	2.6124144	0.25933442	4.699767	2.412945	-2.589835	0.0054172482	10101.844900131226
550	0.0	0.0	0.0	0.0	25.0	13750	2.6111774	0.2521461	4.627282	2.4608057	-2.5801513	0.0041956827	10121.382289648056
551	1.0452073	0.0	1.0452073	1.0452073	25.0	13775	2.6139004	0.26544777	4.5923576	2.3349285	-2.5895135	0.005794516	10139.930448055267
552	0.2771528	0.0	0.2771528	0.2771528	25.0	13800	2.6087654	0.25523874	4.658545	2.3991537	-2.585497	0.005104704	10158.354076385498
553	0.11351226	0.0	0.11351226	0.11351226	25.0	13825	2.601633	0.2353555	4.6122284	2.4280505	-2.5862381	0.0057581705	10176.722681999207
554	0.6379959	0.0	0.6379959	0.6379959	25.0	13850	2.6086335	0.24615891	4.577167	2.4676764	-2.5870767	0.0069001927	10195.141964673996
555	0.0	0.0	0.0	0.0	25.0	13875	2.5988665	0.22039765	4.6044316	2.3972578	-2.579042	0.0049903993	10213.41654086113
556	0.26796323	0.0	0.26796323	0.26796323	25.0	13900	2.6029503	0.22783773	4.5535483	2.4710798	-2.584684	0.005158942	10231.67480301857
557	0.32809263	0.0	0.32809263	0.32809263	25.0	13925	2.6021783	0.24172607	4.6215887	2.4529817	-2.5833611	0.0049361927	10250.201849937439
558	0.21409164	0.0	0.21409164	0.21409164	25.0	13950	2.6001787	0.23071894	4.5644	2.5000029	-2.5823011	0.005920332	10268.571860313416
559	0.40052322	0.0	0.40052322	0.40052322	25.0	13975	2.6015973	0.23154278	4.5188766	2.4063575	-2.584465	0.00520856	10286.847669363022
560	0.0	0.0	0.0	0.0	25.0	14000	2.6035144	0.25468248	4.586552	2.4882045	-2.5792646	0.0043913852	10306.233808994293
561	0.42571342	0.0	0.42571342	0.42571342	25.0	14025	2.6077485	0.24205403	4.6030555	2.4662957	-2.5869586	0.005975713	10324.546141386032
562	0.22622988	0.0	0.22622988	0.22622988	25.0	14050	2.6146522	0.25896445	4.5261345	2.5004969	-2.5863233	0.0054415143	10342.841364860535
563	0.02479557	0.0	0.02479557	0.02479557	25.0	14075	2.6153228	0.26532552	4.494538	2.4338558	-2.588561	0.0059613334	10361.108710765839
564	0.6773163	0.0	0.6773163	0.6773163	25.0	14100	2.6046662	0.24560297	4.5837274	2.47092	-2.5792344	0.0049521783	10379.42144703865
565	0.33638054	0.0	0.33638054	0.33638054	25.0	14125	2.6126757	0.26510057	4.5000443	2.275574	-2.5823777	0.006461573	10397.761013746262
566	0.36490145	0.0	0.36490145	0.36490145	25.0	14150	2.6017053	0.24990124	4.570626	2.443843	-2.5782568	0.0048450287	10416.037151575089
567	0.6507427	0.0	0.6507427	0.6507427	25.0	14175	2.6055024	0.25850007	4.5441756	2.4300027	-2.580176	0.0053698383	10434.276020765305
568	0.5526093	0.0	0.5526093	0.5526093	25.0	14200	2.5964653	0.22440378	4.540449	2.4365053	-2.5798593	0.0067306077	10452.533190011978
569	0.7440515	0.0	0.7440515	0.7440515	25.0	14225	2.609126	0.26499507	4.577937	2.4903836	-2.5850794	0.0054133623	10470.874392747879
570	0.6013567	0.0	0.6013567	0.6013567	25.0	14250	2.608673	0.26672783	4.5387926	2.4344816	-2.585896	0.0049440777	10490.2858440876
571	0.37370396	0.0	0.37370396	0.37370396	25.0	14275	2.6064672	0.23787026	4.465939	2.4619644	-2.5818026	0.006656529	10508.540693044662
572	0.661899	0.0	0.661899	0.661899	25.0	14300	2.6073043	0.276653	4.531848	2.4406579	-2.5837257	0.0070102946	10526.907191753387
573	0.29282102	0.0	0.29282102	0.29282102	25.0	14325	2.6044695	0.2521587	4.458079	2.423229	-2.5803287	0.005091468	10545.100951433182
574	0.083325535	0.0	0.083325535	0.083325535	25.0	14350	2.604464	0.25941244	4.534696	2.4307795	-2.581252	0.005842101	10563.304875850677
575	0.31679657	0.0	0.31679657	0.31679657	25.0	14375	2.5988097	0.22601575	4.5704784	2.4603417	-2.5822666	0.0066992943	10581.5654733181
576	0.10134143	0.0	0.10134143	0.10134143	25.0	14400	2.607976	0.2639332	4.683652	2.4598217	-2.5793312	0.005638104	10599.776514530182
577	0.20398328	0.0	0.20398328	0.20398328	25.0	14425	2.5999494	0.21917967	4.518051	2.4624531	-2.58097	0.006215991	10618.041646003723
578	0.44903857	0.0	0.44903857	0.44903857	25.0	14450	2.5974724	0.23137183	4.5254374	2.4782097	-2.5795412	0.006711264	10636.324604511261
579	0.80814564	0.0	0.80814564	0.80814564	25.0	14475	2.5972233	0.23302163	4.513882	2.4534233	-2.5771923	0.0052887886	10654.673746347427
580	0.91040915	0.0	0.91040915	0.91040915	25.0	14500	2.6024323	0.24740157	4.5576024	2.4533086	-2.5825117	0.0054645	10674.171103715897
581	0.29943255	0.0	0.29943255	0.29943255	25.0	14525	2.5994444	0.23494482	4.5453715	2.473368	-2.5798676	0.0052406583	10692.522434949875
582	0.17094964	0.0	0.17094964	0.17094964	25.0	14550	2.5998735	0.24192615	4.4866858	2.404471	-2.5835528	0.0050134147	10710.853340387344
583	0.0	0.0	0.0	0.0	25.0	14575	2.5913782	0.21788396	4.533602	2.4652288	-2.5813642	0.006398897	10729.078266143799
584	0.38500315	0.0	0.38500315	0.38500315	25.0	14600	2.5999868	0.24261187	4.531502	2.4596665	-2.5831223	0.00645167	10747.360816001892
585	0.2822811	0.0	0.2822811	0.2822811	25.0	14625	2.5996802	0.23236735	4.5639772	2.4683166	-2.5790207	0.006041089	10765.583867073059
586	0.50943	0.0	0.50943	0.50943	25.0	14650	2.602602	0.24237527	4.52296	2.4852133	-2.5827932	0.0066463845	10783.837384939194
587	0.5528067	0.0	0.5528067	0.5528067	25.0	14675	2.614198	0.27314803	4.495036	2.4381902	-2.5899072	0.0058755362	10802.161045074463
588	0.253866	0.0	0.253866	0.253866	25.0	14700	2.599629	0.22548887	4.5247965	2.508364	-2.5753765	0.0056934846	10820.545064926147
589	0.68945163	0.0	0.68945163	0.68945163	25.0	14725	2.6033027	0.25967193	4.4784503	2.4593518	-2.5742166	0.0047758333	10838.800812005997
590	0.5571039	0.0	0.5571039	0.5571039	25.0	14750	2.591955	0.22254938	4.5095663	2.4502165	-2.5717144	0.005696169	10858.246652126312
591	0.061704256	0.0	0.061704256	0.061704256	25.0	14775	2.5989575	0.24704629	4.5495343	2.475222	-2.5744956	0.007253934	10876.591017961502
592	1.3464564	0.0	1.3464564	1.3464564	25.0	14800	2.5977566	0.24347667	4.519383	2.444815	-2.5751736	0.00602825	10894.924381494522
593	0.06252441	0.0	0.06252441	0.06252441	25.0	14825	2.5935621	0.21422602	4.538571	2.4916592	-2.5760574	0.0076203	10913.190879106522
594	0.7689456	0.0	0.7689456	0.7689456	25.0	14850	2.5919952	0.231856	4.6137695	2.397646	-2.5735257	0.004938901	10931.469285726547
595	0.078976065	0.0	0.078976065	0.078976065	25.0	14875	2.5889926	0.21239112	4.5674105	2.4298394	-2.5792468	0.007371491	10949.675321340561
596	0.1400951	0.0	0.1400951	0.1400951	25.0	14900	2.591314	0.23595479	4.4896526	2.4319391	-2.573342	0.0052960436	10967.893344163895
597	0.44373223	0.0	0.44373223	0.44373223	25.0	14925	2.596695	0.23084009	4.570522	2.4722607	-2.5804899	0.006140551	10986.18131184578
598	0.11349853	0.0	0.11349853	0.11349853	25.0	14950	2.5806642	0.19924137	4.5782366	2.4648855	-2.575676	0.0063105943	11004.403055906296
599	0.28392658	0.0	0.28392658	0.28392658	25.0	14975	2.5963972	0.2476121	4.5939407	2.4894443	-2.5754461	0.005439849	11022.644082307816
600	0.0	0.0	0.0	0.0	25.0	15000	2.6065066	0.26942515	4.5520277	2.4600632	-2.579608	0.0056380476	11042.004496335983
601	0.033869836	0.0	0.033869836	0.033869836	25.0	15025	2.594517	0.2425225	4.5121174	2.4979243	-2.5755591	0.005521892	11060.221967697144
602	0.4294209	0.0	0.4294209	0.4294209	25.0	15050	2.5893083	0.23294564	4.552504	2.4402347	-2.5727584	0.007129244	11078.470756053925
603	0.24567182	0.0	0.24567182	0.24567182	25.0	15075	2.586723	0.2269378	4.6989665	2.4367766	-2.5674393	0.0079049	11096.719416379929
604	0.15220296	0.0	0.15220296	0.15220296	25.0	15100	2.5854833	0.23831888	4.5948	2.4582047	-2.5647542	0.003906123	11114.920779705048
605	0.35981694	0.0	0.35981694	0.35981694	25.0	15125	2.5984378	0.2573115	4.499785	2.2410283	-2.5701118	0.0052140164	11133.102457523346
606	0.22754952	0.0	0.22754952	0.22754952	25.0	15150	2.5868268	0.23076479	4.489418	2.412513	-2.5709643	0.0064515998	11151.294352769852
607	0.5328428	0.0	0.5328428	0.5328428	25.0	15175	2.5890865	0.23619919	4.5444775	2.4811625	-2.5691364	0.0058564274	11169.511983394623
608	0.22553515	0.0	0.22553515	0.22553515	25.0	15200	2.59665	0.24990886	4.554364	2.4983327	-2.5726326	0.0068953717	11187.83878493309
609	0.5900906	0.0	0.5900906	0.5900906	25.0	15225	2.5881982	0.24539568	4.538399	2.3688002	-2.5637805	0.0054439413	11206.189384937286
610	0.76395136	0.0	0.76395136	0.76395136	25.0	15250	2.5837018	0.21298005	4.44343	2.4415593	-2.5667584	0.0044441586	11225.721650838852
611	0.15008084	0.0	0.15008084	0.15008084	25.0	15275	2.5887287	0.23545815	4.5051146	2.4255173	-2.5688422	0.0046042083	11244.039944648743
612	0.21334843	0.0	0.21334843	0.21334843	25.0	15300	2.583604	0.22818287	4.5253005	2.4571362	-2.5677044	0.0056536747	11262.242186069489
613	0.0	0.0	0.0	0.0	25.0	15325	2.5802271	0.21128348	4.5387974	2.4555817	-2.5641007	0.0058651413	11280.512471914291
614	0.73771393	0.0	0.73771393	0.73771393	25.0	15350	2.5907147	0.24912694	4.5399756	2.4652197	-2.564613	0.0051663057	11298.946942806244
615	0.19152932	0.0	0.19152932	0.19152932	25.0	15375	2.5809345	0.22469948	4.5594783	2.4835126	-2.5619442	0.004361262	11317.26086807251
616	0.6331721	0.0	0.6331721	0.6331721	25.0	15400	2.5816436	0.22576645	4.441351	2.4285998	-2.5622277	0.004537867	11335.546059131622
617	0.19637235	0.0	0.19637235	0.19637235	25.0	15425	2.5759833	0.21875764	4.546546	2.409427	-2.5614676	0.005166652	11353.775831460953
618	0.19976264	0.0	0.19976264	0.19976264	25.0	15450	2.5896344	0.2573555	4.591036	2.486162	-2.5647204	0.005197712	11371.957083463669
619	0.27098593	0.0	0.27098593	0.27098593	25.0	15475	2.5871542	0.23136595	4.6544156	2.4403782	-2.5671914	0.007259362	11390.203032493591
620	0.44619977	0.0	0.44619977	0.44619977	25.0	15500	2.5702863	0.19549942	4.4760017	2.4572356	-2.5613244	0.0054052896	11409.697371721268
621	0.53566784	0.0	0.53566784	0.53566784	25.0	15525	2.5929003	0.26441705	4.602373	2.4427593	-2.5654984	0.0049592974	11427.969106674194
622	0.42241237	0.0	0.42241237	0.42241237	25.0	15550	2.587437	0.23791677	4.4954715	2.483902	-2.562485	0.0058251605	11446.15015244484
623	0.09873509	0.0	0.09873509	0.09873509	25.0	15575	2.5688403	0.2067495	4.5231028	2.4110458	-2.5559683	0.00444123	11464.389589309692
624	0.41484353	0.0	0.41484353	0.41484353	25.0	15600	2.574411	0.2228098	4.5134697	2.4316301	-2.5617285	0.005562898	11482.58617401123
625	0.43456694	0.0	0.43456694	0.43456694	25.0	15625	2.581135	0.24304773	4.5613384	2.4664304	-2.5642092	0.0052600335	11500.845825195312
626	0.7278958	0.0	0.7278958	0.7278958	25.0	15650	2.5619674	0.16588543	4.453043	2.4612038	-2.5551026	0.0056253336	11519.025887966156
627	0.22458185	0.0	0.22458185	0.22458185	25.0	15675	2.5815103	0.24704777	4.6516085	2.058392	-2.559428	0.006797394	11537.269681692123
628	0.4276463	0.0	0.4276463	0.4276463	25.0	15700	2.5749743	0.21735908	4.5180583	2.4684396	-2.5588865	0.005644523	11555.612920045853
629	0.28754714	0.0	0.28754714	0.28754714	25.0	15725	2.585686	0.2553911	4.520471	2.324266	-2.562149	0.0044515813	11573.808201313019
630	0.5143363	0.0	0.5143363	0.5143363	25.0	15750	2.5696344	0.21195821	4.5130982	2.4100683	-2.5548882	0.005208618	11593.307572841644
631	0.11957839	0.0	0.11957839	0.11957839	25.0	15775	2.5740795	0.21418653	4.5211825	2.3701203	-2.553079	0.007416327	11611.558378696442
632	0.3382458	0.0	0.3382458	0.3382458	25.0	15800	2.5876112	0.2551862	4.4916954	2.3842747	-2.5670044	0.0058213216	11629.778144836426
633	0.3625317	0.0	0.3625317	0.3625317	25.0	15825	2.5714777	0.21305214	4.5942163	2.4146314	-2.5595717	0.005958423	11647.97064948082
634	0.3855941	0.0	0.3855941	0.3855941	25.0	15850	2.584515	0.25853646	4.5397964	2.402632	-2.5659907	0.0051338617	11666.172913074493
635	0.06332091	0.0	0.06332091	0.06332091	25.0	15875	2.5660956	0.19780935	4.479579	2.439208	-2.5586398	0.004363631	11684.360721826553
636	0.38985732	0.0	0.38985732	0.38985732	25.0	15900	2.5642915	0.18292855	4.4913707	2.4264896	-2.553144	0.0043998016	11702.66479229927
637	0.52917826	0.0	0.52917826	0.52917826	25.0	15925	2.5786943	0.2325708	4.5525875	2.458001	-2.5575035	0.0060869097	11720.898626327515
638	0.07075083	0.0	0.07075083	0.07075083	25.0	15950	2.569713	0.21711007	4.56075	2.4648304	-2.557699	0.005120393	11739.090209960938
639	0.0	0.0	0.0	0.0	25.0	15975	2.5655463	0.19502172	4.5979276	2.4177577	-2.5531793	0.00457064	11757.276356697083
640	0.65856075	0.0	0.65856075	0.65856075	25.0	16000	2.5774293	0.22519478	4.5262575	2.372292	-2.559824	0.0049855076	11776.74810051918
641	0.52092254	0.0	0.52092254	0.52092254	25.0	16025	2.5845456	0.24811184	4.5174227	2.502277	-2.5663617	0.0054081767	11794.991886377335
642	0.32100877	0.0	0.32100877	0.32100877	25.0	16050	2.581278	0.23080714	4.4835896	2.4562488	-2.5625641	0.0053362744	11813.15861749649
643	0.1300462	0.0	0.1300462	0.1300462	25.0	16075	2.5712476	0.2262849	4.4841094	2.3058228	-2.5555897	0.004414395	11831.335280179977
644	0.7512944	0.0	0.7512944	0.7512944	25.0	16100	2.5843952	0.26347673	4.511502	2.438205	-2.5611684	0.0047824457	11849.548594713211
645	0.0	0.0	0.0	0.0	25.0	16125	2.5807142	0.23461854	4.5011067	2.4546776	-2.5628967	0.0052864687	11867.749251365662
646	0.0	0.0	0.0	0.0	25.0	16150	2.5766265	0.22529821	4.4922233	2.3718321	-2.5596178	0.0048697903	11885.955603837967
647	0.14120273	0.0	0.14120273	0.14120273	25.0	16175	2.5756574	0.22170797	4.510541	2.4442828	-2.5593703	0.005480457	11904.292266368866
648	0.17727984	0.0	0.17727984	0.17727984	25.0	16200	2.581823	0.25319463	4.545858	2.352514	-2.564379	0.004506958	11922.766034126282
649	0.98357767	0.0	0.98357767	0.98357767	25.0	16225	2.5683258	0.21221049	4.5902257	2.333788	-2.5550299	0.0055590705	11941.275115966797
650	0.7569923	0.0	0.7569923	0.7569923	25.0	16250	2.579385	0.24945518	4.6429644	2.3994596	-2.561346	0.005812881	11960.917752504349
651	0.035664055	0.0	0.035664055	0.035664055	25.0	16275	2.5769007	0.24083082	4.5328393	2.4661627	-2.5596688	0.0049313162	11979.164992570877
652	0.15488337	0.0	0.15488337	0.15488337	25.0	16300	2.5690753	0.23195246	4.6167827	2.4248133	-2.5576692	0.0049326336	11997.387594938278
653	0.6964574	0.0	0.6964574	0.6964574	25.0	16325	2.5768654	0.24562074	4.600994	2.4886847	-2.561567	0.004764432	12015.616172075272
654	0.25557557	0.0	0.25557557	0.25557557	25.0	16350	2.570484	0.23056698	4.6126204	2.2247474	-2.5578477	0.00602736	12033.890142917633
655	0.35901323	0.0	0.35901323	0.35901323	25.0	16375	2.5720246	0.24037486	4.6132994	2.4445453	-2.5552077	0.00444155	12052.210314273834
656	0.11079471	0.0	0.11079471	0.11079471	25.0	16400	2.5673907	0.2196865	4.6012754	2.234166	-2.5514998	0.0046280934	12070.476255655289
657	0.32146642	0.0	0.32146642	0.32146642	25.0	16425	2.572113	0.22988497	4.4931965	2.4164443	-2.5573776	0.0060034795	12088.757977247238
658	0.07657652	0.0	0.07657652	0.07657652	25.0	16450	2.5693963	0.22976685	4.5434804	2.4145324	-2.5545511	0.0059444476	12106.990730524063
659	0.56025636	0.0	0.56025636	0.56025636	25.0	16475	2.576722	0.24466713	4.556725	2.4738395	-2.55534	0.005207386	12125.234389066696
660	0.24511226	0.0	0.24511226	0.24511226	25.0	16500	2.5732858	0.2293497	4.54924	2.4738598	-2.555114	0.0057450146	12144.785227775574
661	0.49546367	0.0	0.49546367	0.49546367	25.0	16525	2.5713112	0.22770196	4.571853	2.4304137	-2.5516415	0.006081669	12162.990179538727
