Epoch	AverageEpRet	StdEpRet	MaxEpRet	MinEpRet	EpLen	TotalEnvInteracts	AverageQVals	StdQVals	MaxQVals	MinQVals	LossPi	LossQ	Time
1	0.3249744	0.0	0.3249744	0.3249744	25.0	25	0.012837898	0.046379562	0.14792715	-0.17383727	-0.03458538	0.001186896	19.998459815979004
2	0.23519689	0.0	0.23519689	0.23519689	25.0	50	0.01831861	0.0444	0.20286909	-0.11353166	-0.08662291	0.0014400791	38.53776979446411
3	0.30636123	0.0	0.30636123	0.30636123	25.0	75	0.025127139	0.040247906	0.18837164	-0.10062748	-0.22730392	0.0010028925	56.953346252441406
4	0.58263534	0.0	0.58263534	0.58263534	25.0	100	0.04623154	0.035075005	0.20797761	-0.06199713	-0.31314215	0.0007870765	75.33698606491089
5	0.6917433	0.0	0.6917433	0.6917433	25.0	125	0.078047685	0.058162604	0.3463541	-0.053421073	-0.10471841	0.00303054	93.63408827781677
6	1.6342181	0.0	1.6342181	1.6342181	25.0	150	0.10922389	0.038457926	0.31398028	0.019704571	-0.2136379	0.0024450563	111.91021728515625
7	2.065579	0.0	2.065579	2.065579	25.0	175	0.14620322	0.04704608	0.37280372	0.068359196	-0.26490024	0.004223958	130.21187376976013
8	0.7915097	0.0	0.7915097	0.7915097	25.0	200	0.16433498	0.04551795	0.38372657	0.06281884	-0.23523925	0.004674045	148.63511490821838
9	2.6925564	0.0	2.6925564	2.6925564	25.0	225	0.18559982	0.045909047	0.40633896	0.11294712	-0.2999379	0.005764418	167.07632780075073
10	3.081987	0.0	3.081987	3.081987	25.0	250	0.19985378	0.057011086	0.40036157	0.108897954	-0.38240674	0.0071598585	185.8091402053833
11	0.9684291	0.0	0.9684291	0.9684291	25.0	275	0.21323046	0.050840374	0.39156887	0.10235138	-0.23158818	0.0063522845	204.36491918563843
12	1.171203	0.0	1.171203	1.171203	25.0	300	0.23112503	0.049067043	0.42246637	0.12747736	-0.31241372	0.0063367086	222.78676891326904
13	0.55088955	0.0	0.55088955	0.55088955	25.0	325	0.24363777	0.05578422	0.44675496	0.11519097	-0.25749633	0.006897608	240.9958438873291
14	0.69353676	0.0	0.69353676	0.69353676	25.0	350	0.24967957	0.05048121	0.43407297	0.14289849	-0.30750415	0.006626191	259.5015218257904
15	4.721063	0.0	4.721063	4.721063	25.0	375	0.28272223	0.061720856	0.59030557	0.16912512	-0.4476788	0.009772272	277.85393953323364
16	4.2744865	0.0	4.2744865	4.2744865	25.0	400	0.2936747	0.07300207	0.5832022	0.17293663	-0.5114448	0.01132155	296.8944182395935
17	4.638068	0.0	4.638068	4.638068	25.0	425	0.30065316	0.080306806	0.63919425	0.17039296	-0.50389624	0.012174288	316.21328496932983
18	1.1773385	0.0	1.1773385	1.1773385	25.0	450	0.3134273	0.072558805	0.60238683	0.15108827	-0.37181118	0.0132617345	335.1807510852814
19	0.42533898	0.0	0.42533898	0.42533898	25.0	475	0.34316653	0.08027057	0.6919961	0.13852136	-0.51733816	0.0121232895	354.32879757881165
20	1.1564604	0.0	1.1564604	1.1564604	25.0	500	0.391117	0.08269496	0.82516116	0.23437504	-0.4676172	0.013595659	373.5869576931
21	0.24128954	0.0	0.24128954	0.24128954	25.0	525	0.44385636	0.09054688	1.0025693	0.2590934	-0.5032325	0.012178548	392.66127490997314
22	0.58332336	0.0	0.58332336	0.58332336	25.0	550	0.49172115	0.08343285	0.95780194	0.2877007	-0.5444608	0.010940842	411.5924937725067
23	1.7832286	0.0	1.7832286	1.7832286	25.0	575	0.51718503	0.07725902	1.0038426	0.35196465	-0.5434773	0.010315273	430.54781317710876
24	2.657758	0.0	2.657758	2.657758	25.0	600	0.54208916	0.082926445	1.051486	0.38354278	-0.66534716	0.011073592	449.85653257369995
25	0.47074014	0.0	0.47074014	0.47074014	25.0	625	0.54647547	0.07922409	1.0427505	0.4023573	-0.5886038	0.011014639	468.9963262081146
26	1.0043209	0.0	1.0043209	1.0043209	25.0	650	0.58487886	0.086378254	1.1048105	0.41825065	-0.56853414	0.0128390035	488.71311950683594
27	0.13194811	0.0	0.13194811	0.13194811	25.0	675	0.61722547	0.08191925	1.1521623	0.45868203	-0.5976236	0.012582583	508.02585554122925
28	2.7389796	0.0	2.7389796	2.7389796	25.0	700	0.6442563	0.084306575	1.1932209	0.48272675	-0.6470917	0.013224266	527.0701930522919
29	1.0942811	0.0	1.0942811	1.0942811	25.0	725	0.66616994	0.084500864	1.210844	0.50146097	-0.6635101	0.015374506	545.4065058231354
30	0.49126533	0.0	0.49126533	0.49126533	25.0	750	0.6801934	0.08703766	1.2335304	0.5284359	-0.80135024	0.012931248	563.9383928775787
31	2.248263	0.0	2.248263	2.248263	25.0	775	0.7061667	0.09322778	1.2997077	0.54749817	-0.8239962	0.016312443	582.0592370033264
32	0.66866565	0.0	0.66866565	0.66866565	25.0	800	0.7253217	0.09074164	1.3175435	0.540368	-0.752079	0.01497918	600.2548460960388
33	0.0	0.0	0.0	0.0	25.0	825	0.76208603	0.08538447	1.3005505	0.36398506	-0.7659726	0.012025803	618.608404636383
34	0.38665077	0.0	0.38665077	0.38665077	25.0	850	0.8095349	0.10041862	1.4713582	0.60136163	-0.79312736	0.014131772	636.8269505500793
35	1.8017437	0.0	1.8017437	1.8017437	25.0	875	0.84454095	0.09931177	1.5441154	0.6561545	-0.87241167	0.012750869	654.9689040184021
36	2.8678389	0.0	2.8678389	2.8678389	25.0	900	0.8518467	0.09411453	1.4502904	0.6607007	-0.9556601	0.0125458725	673.1354467868805
37	2.3192377	0.0	2.3192377	2.3192377	25.0	925	0.85930943	0.09519528	1.4167686	0.6632014	-0.9258586	0.015315056	691.5006861686707
38	0.97488606	0.0	0.97488606	0.97488606	25.0	950	0.85112077	0.08948435	1.4334941	0.68738645	-0.8859424	0.0145164775	709.7023828029633
39	1.9670534	0.0	1.9670534	1.9670534	25.0	975	0.85714686	0.08313108	1.400333	0.67364097	-0.8831221	0.012011597	728.3352601528168
40	0.14460446	0.0	0.14460446	0.14460446	25.0	1000	0.8701065	0.092793204	1.4335777	0.6913197	-0.89013594	0.01518085	748.1699147224426
41	1.1168363	0.0	1.1168363	1.1168363	25.0	1025	0.8862463	0.0910341	1.5040958	0.7057281	-0.9328134	0.015523821	766.5791900157928
42	1.898823	0.0	1.898823	1.898823	25.0	1050	0.9014837	0.09352681	1.5185497	0.7138631	-0.96274614	0.016703773	785.1217188835144
43	0.18952332	0.0	0.18952332	0.18952332	25.0	1075	0.90886873	0.08153754	1.5378166	0.75257194	-0.97100013	0.014777431	803.6543760299683
44	0.0	0.0	0.0	0.0	25.0	1100	0.9133627	0.08453595	1.574957	0.76376367	-0.9451672	0.012420798	821.9351453781128
45	0.28182644	0.0	0.28182644	0.28182644	25.0	1125	0.93095565	0.09786211	1.5500969	0.74931496	-0.9493401	0.014146731	840.2220361232758
46	0.5901652	0.0	0.5901652	0.5901652	25.0	1150	0.9353499	0.09571816	1.5852728	0.70586693	-0.9483353	0.016748494	858.4175763130188
47	0.42484546	0.0	0.42484546	0.42484546	25.0	1175	0.9401559	0.089046754	1.5757582	0.7801052	-0.9697644	0.013873471	876.5808584690094
48	0.9474679	0.0	0.9474679	0.9474679	25.0	1200	0.94718856	0.100208394	1.5767783	0.79220736	-1.0622624	0.014537729	894.7683963775635
49	2.1115675	0.0	2.1115675	2.1115675	25.0	1225	0.9447987	0.08546731	1.5505272	0.64887965	-0.98516685	0.0150161525	913.1455011367798
50	2.2498837	0.0	2.2498837	2.2498837	25.0	1250	0.93322724	0.08934878	1.5846391	0.79226696	-0.94789785	0.013292933	931.8192052841187
51	2.0459023	0.0	2.0459023	2.0459023	25.0	1275	0.9376359	0.08715043	1.5304431	0.7974547	-0.9919479	0.016026778	950.1194186210632
52	2.306156	0.0	2.306156	2.306156	25.0	1300	0.9593215	0.1010646	1.6081433	0.7978659	-1.043889	0.016244745	968.552976846695
53	1.896223	0.0	1.896223	1.896223	25.0	1325	0.9813295	0.09435621	1.6608565	0.78317297	-1.0196489	0.014519727	987.2944176197052
54	0.85459757	0.0	0.85459757	0.85459757	25.0	1350	1.0336826	0.100735635	1.6952133	0.8531456	-1.0722729	0.014086869	1006.4410293102264
55	0.78229815	0.0	0.78229815	0.78229815	25.0	1375	1.0468876	0.09155356	1.6868689	0.8856939	-1.0784615	0.012361815	1025.5025210380554
56	0.5686494	0.0	0.5686494	0.5686494	25.0	1400	1.0536282	0.079769716	1.6868509	0.88416344	-1.0905713	0.010804141	1044.4817826747894
57	1.7766227	0.0	1.7766227	1.7766227	25.0	1425	1.0726982	0.080534704	1.6940378	0.9063294	-1.1026762	0.013599847	1063.7253341674805
58	0.81188893	0.0	0.81188893	0.81188893	25.0	1450	1.0747845	0.08072401	1.6992317	0.91659594	-1.1075222	0.010933029	1083.088453054428
59	1.1113526	0.0	1.1113526	1.1113526	25.0	1475	1.0816365	0.08426748	1.7307959	0.8237521	-1.1046089	0.010878771	1102.5464510917664
60	1.3252455	0.0	1.3252455	1.3252455	25.0	1500	1.0863603	0.08252444	1.7094784	0.9189093	-1.1000135	0.011447051	1122.1427476406097
61	2.5496485	0.0	2.5496485	2.5496485	25.0	1525	1.0994549	0.08923063	1.7815697	0.9397981	-1.1119636	0.013580412	1141.1746661663055
62	0.4490813	0.0	0.4490813	0.4490813	25.0	1550	1.10926	0.08871861	1.8020754	0.9459535	-1.1294093	0.013082143	1160.394033908844
63	0.58707315	0.0	0.58707315	0.58707315	25.0	1575	1.1047194	0.09295396	1.8765143	0.8587117	-1.1135931	0.013346732	1179.497106552124
64	1.0002484	0.0	1.0002484	1.0002484	25.0	1600	1.1135269	0.09531288	1.9071563	0.9249042	-1.139187	0.016662695	1198.7064697742462
65	1.130139	0.0	1.130139	1.130139	25.0	1625	1.1215374	0.09770353	2.1218898	0.8928462	-1.1455302	0.016192384	1217.805289030075
66	1.648222	0.0	1.648222	1.648222	25.0	1650	1.118749	0.094931304	1.9138608	0.9324561	-1.1331431	0.013901282	1237.0660552978516
67	0.9110741	0.0	0.9110741	0.9110741	25.0	1675	1.1337287	0.10043929	2.1836104	0.9583771	-1.1483836	0.016168736	1256.0648350715637
68	0.58789194	0.0	0.58789194	0.58789194	25.0	1700	1.1243764	0.08441538	1.8118018	0.9570582	-1.1381273	0.014619999	1275.1280148029327
69	1.6380216	0.0	1.6380216	1.6380216	25.0	1725	1.1392653	0.104889214	2.0414026	0.9178097	-1.1552725	0.017333986	1294.4934422969818
70	1.4051152	0.0	1.4051152	1.4051152	25.0	1750	1.1513597	0.093632266	1.9011695	0.9607717	-1.175633	0.016072866	1314.1340854167938
71	0.7547365	0.0	0.7547365	0.7547365	25.0	1775	1.1514587	0.1098608	2.1169448	0.9105195	-1.157786	0.018777417	1333.156628370285
72	0.16501354	0.0	0.16501354	0.16501354	25.0	1800	1.1559149	0.11031398	2.1452322	0.99866414	-1.1573387	0.016477011	1352.4992673397064
73	3.706515	0.0	3.706515	3.706515	25.0	1825	1.1556563	0.09369689	2.0354648	0.9714877	-1.1706561	0.01769355	1371.0471849441528
74	0.5599141	0.0	0.5599141	0.5599141	25.0	1850	1.1622517	0.1005789	1.9526298	0.26032484	-1.17637	0.017576886	1389.4871587753296
75	3.324844	0.0	3.324844	3.324844	25.0	1875	1.165597	0.09885772	2.1373272	0.9866154	-1.1896132	0.017153047	1407.9059743881226
76	1.8751245	0.0	1.8751245	1.8751245	25.0	1900	1.1807503	0.09300986	1.9896857	1.0133414	-1.2023456	0.0182425	1426.2520577907562
77	0.50028527	0.0	0.50028527	0.50028527	25.0	1925	1.1847233	0.101423725	2.0186534	1.0196798	-1.1970533	0.019702775	1444.7101941108704
78	0.1807577	0.0	0.1807577	0.1807577	25.0	1950	1.1944255	0.10145357	1.9481114	0.9680014	-1.203879	0.021246415	1462.9851078987122
79	2.4226453	0.0	2.4226453	2.4226453	25.0	1975	1.1940559	0.09890982	1.9710865	1.0201104	-1.2031655	0.02134806	1481.87251496315
80	4.232959	0.0	4.232959	4.232959	25.0	2000	1.2021153	0.10932119	2.2603204	1.0295976	-1.2250257	0.019605737	1500.915385723114
81	1.2846359	0.0	1.2846359	1.2846359	25.0	2025	1.2124472	0.10206125	2.186807	0.9971187	-1.236601	0.021892255	1519.7862339019775
82	1.0445659	0.0	1.0445659	1.0445659	25.0	2050	1.2058376	0.0933749	1.9080625	1.0265694	-1.2283275	0.019855924	1538.6193025112152
83	2.755005	0.0	2.755005	2.755005	25.0	2075	1.2152385	0.101469666	2.2653642	0.87229383	-1.2363116	0.021129837	1557.5389976501465
84	1.3188194	0.0	1.3188194	1.3188194	25.0	2100	1.225315	0.1184908	2.370142	0.70868504	-1.2370224	0.022586772	1576.2610294818878
85	0.75714576	0.0	0.75714576	0.75714576	25.0	2125	1.2329144	0.113080606	2.3734903	0.9972094	-1.248212	0.020566184	1594.969599723816
86	2.4850357	0.0	2.4850357	2.4850357	25.0	2150	1.2457486	0.118295394	2.147884	1.0083953	-1.2702668	0.02653059	1613.7876217365265
87	0.7147124	0.0	0.7147124	0.7147124	25.0	2175	1.237255	0.11076793	2.1265168	1.0291607	-1.2673626	0.021361157	1632.6269927024841
88	0.5182364	0.0	0.5182364	0.5182364	25.0	2200	1.2483116	0.11863061	2.2620873	1.0458086	-1.2614837	0.024194341	1651.525028705597
89	2.0249646	0.0	2.0249646	2.0249646	25.0	2225	1.2482234	0.10353409	2.341017	0.9609739	-1.2732815	0.023311896	1670.7091562747955
90	2.1323	0.0	2.1323	2.1323	25.0	2250	1.2664317	0.124869324	2.621802	1.0751185	-1.2773623	0.028931394	1689.911772966385
91	0.36225224	0.0	0.36225224	0.36225224	25.0	2275	1.2617264	0.10721817	2.036495	1.035916	-1.2877629	0.025587177	1709.3632140159607
92	0.24209082	0.0	0.24209082	0.24209082	25.0	2300	1.278397	0.117134914	2.5989406	0.9928494	-1.3078362	0.028396573	1727.638182401657
93	0.138752	0.0	0.138752	0.138752	25.0	2325	1.2879721	0.116204895	2.3258915	1.0808682	-1.3063694	0.031587247	1745.8987708091736
94	0.5278496	0.0	0.5278496	0.5278496	25.0	2350	1.2883704	0.119814284	2.5943754	1.0618173	-1.3010215	0.023573834	1764.5703372955322
95	5.4547396	0.0	5.4547396	5.4547396	25.0	2375	1.2956796	0.11942177	2.4890301	1.0967861	-1.3083813	0.029752167	1782.9938926696777
96	3.125899	0.0	3.125899	3.125899	25.0	2400	1.3012147	0.12684882	2.496232	1.1165006	-1.3314934	0.027945219	1801.3023796081543
97	1.4450895	0.0	1.4450895	1.4450895	25.0	2425	1.3177661	0.13849187	2.6289499	1.1103868	-1.3287647	0.031110851	1819.5597972869873
98	0.5204345	0.0	0.5204345	0.5204345	25.0	2450	1.3176535	0.14426406	2.6787813	1.1109642	-1.3322829	0.031688888	1838.3637549877167
99	0.41695482	0.0	0.41695482	0.41695482	25.0	2475	1.3237573	0.13987711	2.5935109	1.0921007	-1.3348951	0.030285204	1856.9801483154297
100	0.22292542	0.0	0.22292542	0.22292542	25.0	2500	1.3249894	0.13834426	2.6008859	1.1103419	-1.3348494	0.031348664	1875.7586109638214
101	0.22063255	0.0	0.22063255	0.22063255	25.0	2525	1.3227338	0.11448668	2.3933127	1.1220902	-1.3374417	0.028426996	1893.8935861587524
102	0.120965295	0.0	0.120965295	0.120965295	25.0	2550	1.327208	0.12484435	2.499591	1.0351857	-1.3397171	0.024823317	1911.9994654655457
103	1.0465773	0.0	1.0465773	1.0465773	25.0	2575	1.3396548	0.14294446	2.4842808	1.1056267	-1.3501276	0.029140577	1930.1382546424866
104	0.43419144	0.0	0.43419144	0.43419144	25.0	2600	1.3265458	0.12736939	2.6973004	1.1326847	-1.3312654	0.025007945	1948.3211579322815
105	0.12088235	0.0	0.12088235	0.12088235	25.0	2625	1.3285931	0.11679524	2.4434488	1.112656	-1.3436948	0.027451532	1966.5425810813904
106	4.0279865	0.0	4.0279865	4.0279865	25.0	2650	1.3491937	0.1282183	2.5528333	1.1298006	-1.3639197	0.029813876	1984.8060235977173
107	1.15109	0.0	1.15109	1.15109	25.0	2675	1.3495945	0.14304201	2.854769	1.0993698	-1.3671756	0.02732762	2003.0605354309082
108	1.1057607	0.0	1.1057607	1.1057607	25.0	2700	1.3568716	0.15641929	3.0103896	1.1117446	-1.3558995	0.03408431	2021.2982034683228
109	1.162753	0.0	1.162753	1.162753	25.0	2725	1.3626373	0.14595237	3.012794	1.1365762	-1.3832561	0.03565907	2039.495643377304
110	1.4327468	0.0	1.4327468	1.4327468	25.0	2750	1.3642509	0.14764577	2.9242728	1.1404887	-1.3796875	0.026846066	2058.133257627487
111	0.81240034	0.0	0.81240034	0.81240034	25.0	2775	1.3738463	0.14130013	3.252286	1.159898	-1.3915069	0.03237626	2076.364131450653
112	0.0	0.0	0.0	0.0	25.0	2800	1.3743709	0.14198323	2.8390117	1.1653589	-1.3872502	0.029513765	2094.5412821769714
113	2.543961	0.0	2.543961	2.543961	25.0	2825	1.3864889	0.14727151	3.1692626	1.0813566	-1.407479	0.03345294	2113.3815698623657
114	0.76459956	0.0	0.76459956	0.76459956	25.0	2850	1.3762208	0.13884671	2.5540807	1.1556743	-1.3905851	0.02843788	2132.2538998126984
115	1.1699171	0.0	1.1699171	1.1699171	25.0	2875	1.3900452	0.1455942	2.839119	1.1672472	-1.4101785	0.034931604	2151.166893720627
116	1.3347536	0.0	1.3347536	1.3347536	25.0	2900	1.4041677	0.15482469	3.2069104	1.183415	-1.4158978	0.037087187	2170.3823115825653
117	0.8758794	0.0	0.8758794	0.8758794	25.0	2925	1.407699	0.17290816	3.2267985	1.1216576	-1.4211948	0.034795195	2189.3976407051086
118	2.5011292	0.0	2.5011292	2.5011292	25.0	2950	1.4208683	0.15259196	2.8772705	1.0951716	-1.4382548	0.037085384	2208.7678384780884
119	3.3440676	0.0	3.3440676	3.3440676	25.0	2975	1.416018	0.14464581	3.2354162	1.2182887	-1.4246765	0.03102614	2228.1639449596405
120	0.5399785	0.0	0.5399785	0.5399785	25.0	3000	1.4341599	0.14941543	3.0098612	1.1769843	-1.4552442	0.036999546	2247.827365398407
121	0.42542574	0.0	0.42542574	0.42542574	25.0	3025	1.4309844	0.17493445	3.2049804	1.1944282	-1.446361	0.03493066	2267.0826210975647
122	2.5695815	0.0	2.5695815	2.5695815	25.0	3050	1.4364047	0.1668465	3.6477647	1.1375282	-1.4611317	0.03968608	2286.4093079566956
123	1.0097811	0.0	1.0097811	1.0097811	25.0	3075	1.4583141	0.16331935	3.5408187	1.2325798	-1.4688376	0.04159887	2305.663236141205
124	1.2459457	0.0	1.2459457	1.2459457	25.0	3100	1.4525745	0.16561759	3.85103	1.2184083	-1.4738569	0.043176174	2324.8723978996277
125	0.99162513	0.0	0.99162513	0.99162513	25.0	3125	1.4543027	0.17680682	3.7500896	1.2322873	-1.474896	0.031613693	2343.7287480831146
126	0.44859985	0.0	0.44859985	0.44859985	25.0	3150	1.4556651	0.17304206	3.5768285	1.2051493	-1.478741	0.036917485	2361.9354150295258
127	0.28361917	0.0	0.28361917	0.28361917	25.0	3175	1.4575243	0.15743735	3.6576142	1.2189183	-1.4733455	0.041852437	2380.1548867225647
128	0.30951902	0.0	0.30951902	0.30951902	25.0	3200	1.4697812	0.16862522	3.6446946	1.232992	-1.4907515	0.04003445	2398.4945063591003
129	0.84804875	0.0	0.84804875	0.84804875	25.0	3225	1.4840301	0.13190952	2.4914064	1.1553488	-1.5045215	0.036520317	2416.7997496128082
130	0.75629807	0.0	0.75629807	0.75629807	25.0	3250	1.4854507	0.19122648	3.544718	1.2188882	-1.5069307	0.040380932	2435.4933388233185
131	0.0	0.0	0.0	0.0	25.0	3275	1.4924506	0.14951886	3.3651714	1.2484276	-1.5168729	0.03653428	2453.7062685489655
132	1.1358318	0.0	1.1358318	1.1358318	25.0	3300	1.5085531	0.16268961	3.433033	1.1938385	-1.5287296	0.044044055	2472.0009331703186
133	2.0031784	0.0	2.0031784	2.0031784	25.0	3325	1.5217613	0.18192288	3.4207783	1.2162021	-1.5314727	0.04912572	2490.1975548267365
134	1.045922	0.0	1.045922	1.045922	25.0	3350	1.508513	0.17823403	3.5741122	1.2306856	-1.5314231	0.039970156	2508.363079071045
135	1.9057134	0.0	1.9057134	1.9057134	25.0	3375	1.5144005	0.14664833	2.771107	1.2037244	-1.5388687	0.037839092	2526.7016072273254
136	0.5219273	0.0	0.5219273	0.5219273	25.0	3400	1.5168109	0.18114054	3.3944056	1.265621	-1.545281	0.031267755	2544.9479887485504
137	0.0	0.0	0.0	0.0	25.0	3425	1.5382749	0.17156446	3.6252723	1.3122597	-1.552404	0.041709438	2563.290468931198
138	0.17565255	0.0	0.17565255	0.17565255	25.0	3450	1.5337021	0.19286583	3.8670232	1.243244	-1.5542389	0.040596746	2581.6625459194183
139	0.6797109	0.0	0.6797109	0.6797109	25.0	3475	1.5511595	0.16685465	3.5767531	1.1252322	-1.5740448	0.032448247	2600.4040653705597
140	5.4913926	0.0	5.4913926	5.4913926	25.0	3500	1.5524433	0.16536433	3.562605	1.2486764	-1.5697467	0.040299617	2619.542443037033
141	5.4560785	0.0	5.4560785	5.4560785	25.0	3525	1.5454383	0.1717309	3.4894564	1.324464	-1.5572214	0.030244313	2637.9379251003265
142	0.51659596	0.0	0.51659596	0.51659596	25.0	3550	1.5531452	0.13230084	3.2382498	1.3626	-1.5836394	0.034726247	2656.248246908188
143	0.21306816	0.0	0.21306816	0.21306816	25.0	3575	1.5641621	0.15735456	3.2470963	1.3135781	-1.5881705	0.03129953	2674.573026895523
144	1.7906834	0.0	1.7906834	1.7906834	25.0	3600	1.5690033	0.15658227	3.5241244	1.2491653	-1.5904423	0.034954444	2693.1449739933014
145	2.1643486	0.0	2.1643486	2.1643486	25.0	3625	1.5784034	0.18283847	3.6896148	1.2966373	-1.5998002	0.033026207	2711.5760645866394
146	0.0	0.0	0.0	0.0	25.0	3650	1.5867299	0.15761569	3.9157543	1.3775138	-1.6032332	0.03354286	2730.426215171814
147	0.5413306	0.0	0.5413306	0.5413306	25.0	3675	1.5858603	0.15217964	3.7260149	1.3875709	-1.6104392	0.03432597	2748.758814096451
148	0.59972954	0.0	0.59972954	0.59972954	25.0	3700	1.600506	0.17176704	4.06682	1.2386255	-1.6175902	0.041061092	2767.479795217514
149	0.3877953	0.0	0.3877953	0.3877953	25.0	3725	1.6012883	0.18394956	3.8241854	1.349119	-1.6171993	0.042862937	2785.8280680179596
150	2.1620886	0.0	2.1620886	2.1620886	25.0	3750	1.6128027	0.18609855	3.8449554	1.3971516	-1.6397696	0.043715123	2805.154587984085
151	1.508453	0.0	1.508453	1.508453	25.0	3775	1.609285	0.16708732	4.0407596	1.3631548	-1.6275892	0.04144945	2823.6596155166626
152	1.8830394	0.0	1.8830394	1.8830394	25.0	3800	1.6054617	0.16685383	3.7249842	1.3346028	-1.6262528	0.039566234	2842.470347881317
153	0.47102293	0.0	0.47102293	0.47102293	25.0	3825	1.6167847	0.15381221	3.3945048	1.3871582	-1.6487049	0.036543902	2861.0565972328186
154	0.16107728	0.0	0.16107728	0.16107728	25.0	3850	1.6101352	0.13774592	3.1266375	1.4226595	-1.6310943	0.035620555	2883.6470634937286
155	0.3066504	0.0	0.3066504	0.3066504	25.0	3875	1.6399384	0.1671228	3.455719	1.388805	-1.6736809	0.03933054	2902.8709061145782
156	0.6627707	0.0	0.6627707	0.6627707	25.0	3900	1.6510922	0.1601246	3.5847483	1.4412493	-1.6697699	0.042317726	2922.241025686264
157	2.1735308	0.0	2.1735308	2.1735308	25.0	3925	1.6305511	0.13556412	2.843633	1.4369409	-1.6524576	0.03378196	2941.631783723831
158	1.3113086	0.0	1.3113086	1.3113086	25.0	3950	1.6721681	0.1865745	3.9812024	1.4522356	-1.6980585	0.045495715	2961.0162303447723
159	0.46471393	0.0	0.46471393	0.46471393	25.0	3975	1.6477044	0.17545801	4.002143	1.461428	-1.6687789	0.036400646	2981.0433282852173
160	0.7298559	0.0	0.7298559	0.7298559	25.0	4000	1.6641366	0.1581615	3.8852093	1.4232227	-1.6962118	0.03559488	3001.629692554474
161	0.122238785	0.0	0.122238785	0.122238785	25.0	4025	1.67905	0.1639133	4.0161595	1.3794478	-1.7034392	0.04063273	3021.3490405082703
162	0.6912215	0.0	0.6912215	0.6912215	25.0	4050	1.673842	0.14955932	4.0311613	1.4676135	-1.6893364	0.040789235	3040.943109035492
163	1.2757262	0.0	1.2757262	1.2757262	25.0	4075	1.6759683	0.16602814	4.0701747	1.43717	-1.7001759	0.041403398	3060.756433725357
164	2.0953305	0.0	2.0953305	2.0953305	25.0	4100	1.6898984	0.15380436	3.087121	1.4588518	-1.7065213	0.041210953	3080.5735273361206
165	1.1272209	0.0	1.1272209	1.1272209	25.0	4125	1.6947067	0.14575066	3.9302025	1.4360572	-1.7159257	0.03555143	3100.3544533252716
166	1.8403311	0.0	1.8403311	1.8403311	25.0	4150	1.6856732	0.14308347	3.820207	1.3881539	-1.7085979	0.033807505	3120.0522968769073
167	0.12852353	0.0	0.12852353	0.12852353	25.0	4175	1.7081668	0.17092708	4.1263494	1.4419756	-1.7241365	0.04519914	3139.8493745326996
168	0.9827786	0.0	0.9827786	0.9827786	25.0	4200	1.7098188	0.18067646	3.7412791	1.3796128	-1.7409288	0.038905855	3159.8027749061584
169	0.0	0.0	0.0	0.0	25.0	4225	1.7147082	0.16830213	3.9793131	1.49132	-1.7327554	0.038603242	3179.6906282901764
170	2.995466	0.0	2.995466	2.995466	25.0	4250	1.7280531	0.1560979	3.8696012	1.4283625	-1.7486708	0.04293171	3200.0599558353424
171	2.8244042	0.0	2.8244042	2.8244042	25.0	4275	1.7203974	0.14953834	4.043915	1.5086927	-1.7452817	0.042178273	3219.742900133133
172	0.97447824	0.0	0.97447824	0.97447824	25.0	4300	1.7382678	0.20819587	4.031386	1.4567938	-1.7641225	0.039725557	3239.315027952194
173	1.4211897	0.0	1.4211897	1.4211897	25.0	4325	1.7516824	0.17649807	4.299501	1.50262	-1.7765237	0.041289743	3258.587016582489
174	2.7751987	0.0	2.7751987	2.7751987	25.0	4350	1.7413528	0.16099657	3.5254827	1.3371964	-1.762077	0.034228615	3277.2857711315155
175	1.4600573	0.0	1.4600573	1.4600573	25.0	4375	1.7485361	0.16830462	4.6018014	1.4812304	-1.7720379	0.033734843	3296.061628818512
176	0.66228706	0.0	0.66228706	0.66228706	25.0	4400	1.7555356	0.16747199	4.273737	1.4716566	-1.7747799	0.053174134	3314.9009420871735
177	0.6304031	0.0	0.6304031	0.6304031	25.0	4425	1.7714221	0.18849856	4.3178186	1.5484102	-1.794214	0.050492592	3333.728643655777
178	1.0759766	0.0	1.0759766	1.0759766	25.0	4450	1.7495356	0.16913669	4.3141723	1.4463784	-1.765429	0.038447537	3352.562067747116
179	1.5484056	0.0	1.5484056	1.5484056	25.0	4475	1.7706022	0.1924525	4.230297	1.4124739	-1.8014476	0.039177507	3371.3962745666504
180	1.0890553	0.0	1.0890553	1.0890553	25.0	4500	1.7634152	0.15769713	4.438241	1.4974273	-1.7885932	0.035305113	3390.747782230377
181	3.1448195	0.0	3.1448195	3.1448195	25.0	4525	1.7848871	0.1932562	4.7328453	1.4895843	-1.8074179	0.048182063	3409.557450771332
182	0.09081411	0.0	0.09081411	0.09081411	25.0	4550	1.7822976	0.15653184	4.0598974	1.5546161	-1.797853	0.04730072	3428.3876507282257
183	2.0899115	0.0	2.0899115	2.0899115	25.0	4575	1.7940363	0.1646207	4.123468	1.5489106	-1.8142625	0.050797906	3447.204931974411
184	1.9542067	0.0	1.9542067	1.9542067	25.0	4600	1.7873883	0.14250506	2.8529582	0.9843458	-1.8122139	0.044472896	3466.07298207283
185	1.1177124	0.0	1.1177124	1.1177124	25.0	4625	1.8064151	0.17607605	3.9921994	1.5902654	-1.8330737	0.041079808	3484.9768011569977
186	1.1150867	0.0	1.1150867	1.1150867	25.0	4650	1.807221	0.16033562	3.9940095	1.5719385	-1.8423984	0.04578214	3503.8158020973206
187	2.6063006	0.0	2.6063006	2.6063006	25.0	4675	1.8128973	0.16338462	4.4004345	1.4008391	-1.8299092	0.0410162	3522.791915178299
188	1.9467107	0.0	1.9467107	1.9467107	25.0	4700	1.8214517	0.19453435	4.402771	1.571186	-1.8452877	0.04760459	3541.7595183849335
189	0.14737794	0.0	0.14737794	0.14737794	25.0	4725	1.8160046	0.14809962	4.0922775	1.614956	-1.8442547	0.03458651	3560.638990879059
190	1.0919653	0.0	1.0919653	1.0919653	25.0	4750	1.8375213	0.17409733	4.011636	1.5981473	-1.8581264	0.04706315	3579.980107307434
191	0.25899968	0.0	0.25899968	0.25899968	25.0	4775	1.8429195	0.14571106	3.0254583	1.4635957	-1.8689156	0.04539549	3598.7508993148804
192	1.1722744	0.0	1.1722744	1.1722744	25.0	4800	1.8451262	0.14601338	2.984312	1.601903	-1.8670174	0.053917702	3617.583251476288
193	6.010696	0.0	6.010696	6.010696	25.0	4825	1.8536813	0.16698822	3.9932573	1.636278	-1.8725461	0.04464652	3636.512793779373
194	0.35817972	0.0	0.35817972	0.35817972	25.0	4850	1.8499566	0.13567804	3.5382605	1.6081402	-1.8710763	0.040697526	3655.3330779075623
195	0.6748476	0.0	0.6748476	0.6748476	25.0	4875	1.8520443	0.14364924	3.669826	1.6249183	-1.880296	0.037821442	3674.0861670970917
196	3.3124866	0.0	3.3124866	3.3124866	25.0	4900	1.869818	0.16008303	3.8001173	1.5996282	-1.8961354	0.043182608	3692.957927465439
197	0.4875381	0.0	0.4875381	0.4875381	25.0	4925	1.8680065	0.15067483	3.7282016	1.4531028	-1.8867829	0.03997375	3711.6439986228943
198	0.6981907	0.0	0.6981907	0.6981907	25.0	4950	1.8840526	0.1683271	3.9465706	1.6028099	-1.9014266	0.05093462	3730.056991815567
199	2.811951	0.0	2.811951	2.811951	25.0	4975	1.882663	0.15594302	3.7655396	1.6182177	-1.9012679	0.04754833	3749.2098767757416
200	0.44226497	0.0	0.44226497	0.44226497	25.0	5000	1.8897717	0.19013065	3.9466588	1.6247157	-1.9134983	0.043437112	3768.687279701233
201	2.7198842	0.0	2.7198842	2.7198842	25.0	5025	1.9062302	0.18742289	3.9900215	1.6414709	-1.9242184	0.03942262	3787.4689354896545
202	2.8359885	0.0	2.8359885	2.8359885	25.0	5050	1.892521	0.18646479	4.322911	1.6651899	-1.9178051	0.04218071	3806.038239002228
203	0.3343169	0.0	0.3343169	0.3343169	25.0	5075	1.9185998	0.15804186	3.9114687	1.6691829	-1.9435067	0.049816858	3824.8059203624725
204	1.415605	0.0	1.415605	1.415605	25.0	5100	1.910347	0.16556375	4.174219	1.6236379	-1.9361877	0.037439134	3843.4645528793335
205	1.6852474	0.0	1.6852474	1.6852474	25.0	5125	1.9253153	0.20085289	3.8999162	1.6453727	-1.9447958	0.053249445	3861.662817955017
206	2.1793158	0.0	2.1793158	2.1793158	25.0	5150	1.9298356	0.17854095	4.1238947	1.6188511	-1.9632349	0.047252156	3879.925810813904
207	0.76342344	0.0	0.76342344	0.76342344	25.0	5175	1.9352411	0.1790301	4.25368	1.703688	-1.9528295	0.046482135	3898.058245897293
208	0.60900396	0.0	0.60900396	0.60900396	25.0	5200	1.9442846	0.1721528	4.263612	1.5672197	-1.9659255	0.046175547	3916.411005973816
209	1.1267668	0.0	1.1267668	1.1267668	25.0	5225	1.9328485	0.14981303	3.3788671	1.6798588	-1.9692125	0.041188415	3934.6764850616455
210	2.0230913	0.0	2.0230913	2.0230913	25.0	5250	1.9495653	0.1574491	3.574596	1.6615591	-1.9665784	0.048628245	3953.452853679657
211	0.10070597	0.0	0.10070597	0.10070597	25.0	5275	1.9555148	0.19236016	4.390136	1.5878003	-1.9795934	0.04489795	3971.6174771785736
212	1.910135	0.0	1.910135	1.910135	25.0	5300	1.9608679	0.18202467	4.4895377	1.6664186	-1.9909755	0.03598269	3989.9834020137787
213	1.9685215	0.0	1.9685215	1.9685215	25.0	5325	1.9781134	0.2006431	4.286718	1.7199508	-2.0073767	0.04762282	4008.809871673584
214	0.12820518	0.0	0.12820518	0.12820518	25.0	5350	1.9753705	0.17365746	3.9082358	1.6988416	-2.0077808	0.043583393	4027.6433165073395
215	1.7192432	0.0	1.7192432	1.7192432	25.0	5375	1.980102	0.16198753	4.281261	1.6267998	-2.0022418	0.047458768	4046.5855967998505
216	0.62654144	0.0	0.62654144	0.62654144	25.0	5400	1.983514	0.12936781	3.2246122	1.6878285	-2.0085168	0.03648711	4065.480781555176
217	2.4574437	0.0	2.4574437	2.4574437	25.0	5425	1.9889863	0.1590202	4.2571063	1.6591896	-2.0102172	0.04024908	4084.4344255924225
218	0.8553425	0.0	0.8553425	0.8553425	25.0	5450	1.9964291	0.17303677	4.147282	1.7598238	-2.016901	0.035859827	4103.384770870209
219	3.293039	0.0	3.293039	3.293039	25.0	5475	1.9989465	0.14660046	3.814261	1.6711923	-2.0314536	0.038542673	4122.102712631226
220	1.018837	0.0	1.018837	1.018837	25.0	5500	2.001103	0.14628787	3.7877784	1.3728131	-2.0287175	0.04198159	4141.641920804977
221	3.8368278	0.0	3.8368278	3.8368278	25.0	5525	2.0190053	0.15750152	3.9198701	1.7128623	-2.0452538	0.042181306	4160.530387639999
222	2.430799	0.0	2.430799	2.430799	25.0	5550	2.0358524	0.17354248	3.882933	1.7902881	-2.0666275	0.049164608	4179.480095148087
223	0.82706815	0.0	0.82706815	0.82706815	25.0	5575	2.034895	0.17011172	3.7993968	1.7761172	-2.055563	0.04941162	4198.3618495464325
224	2.6261842	0.0	2.6261842	2.6261842	25.0	5600	2.0335157	0.15960914	3.8358436	1.7825534	-2.061475	0.037538275	4217.170102596283
225	0.1980829	0.0	0.1980829	0.1980829	25.0	5625	2.0589824	0.16200136	3.8021908	1.8158762	-2.0847125	0.055220805	4235.926964044571
226	0.9527898	0.0	0.9527898	0.9527898	25.0	5650	2.0483868	0.15577751	3.8646781	1.7984415	-2.0765474	0.054113697	4254.071486711502
227	2.7743251	0.0	2.7743251	2.7743251	25.0	5675	2.055649	0.12893668	3.6175938	1.7713281	-2.0832996	0.040699504	4272.262290239334
228	1.8641902	0.0	1.8641902	1.8641902	25.0	5700	2.0741925	0.13141294	3.5605068	1.3454646	-2.1070118	0.04295919	4290.3832042217255
229	1.0238131	0.0	1.0238131	1.0238131	25.0	5725	2.0703485	0.15554257	3.8591418	1.8614902	-2.0924046	0.0461431	4308.506203651428
230	2.1216629	0.0	2.1216629	2.1216629	25.0	5750	2.080076	0.15616493	3.4788225	1.8020962	-2.1047342	0.042476922	4327.342578411102
231	0.8352721	0.0	0.8352721	0.8352721	25.0	5775	2.073177	0.14251804	4.268063	1.763351	-2.0990908	0.0395085	4345.500631093979
232	0.24568169	0.0	0.24568169	0.24568169	25.0	5800	2.0760882	0.14828831	3.7498171	1.7996955	-2.0994248	0.04001831	4363.61616563797
233	1.1137692	0.0	1.1137692	1.1137692	25.0	5825	2.1006145	0.1393406	3.993502	1.6291658	-2.1285262	0.043747053	4381.745768070221
234	2.296369	0.0	2.296369	2.296369	25.0	5850	2.1074226	0.17123927	4.0755825	1.7809914	-2.133139	0.043635227	4399.895141124725
235	3.1565435	0.0	3.1565435	3.1565435	25.0	5875	2.1006773	0.15782301	4.319986	1.5562545	-2.1334488	0.03845608	4418.115667819977
236	0.2418719	0.0	0.2418719	0.2418719	25.0	5900	2.122294	0.17757027	4.070888	1.8229598	-2.1387494	0.047075644	4436.330676078796
237	0.7568601	0.0	0.7568601	0.7568601	25.0	5925	2.123336	0.17303176	4.0106854	1.8666027	-2.1608853	0.044842742	4455.22452378273
238	0.65553576	0.0	0.65553576	0.65553576	25.0	5950	2.1213095	0.14135584	3.875289	1.8963857	-2.1496172	0.046279315	4473.660276174545
239	0.72042996	0.0	0.72042996	0.72042996	25.0	5975	2.123969	0.13002585	4.0610623	1.8223416	-2.1530564	0.045195304	4491.776776790619
240	1.4411062	0.0	1.4411062	1.4411062	25.0	6000	2.1453502	0.1732024	3.8571022	1.9060738	-2.17319	0.041095022	4510.566242933273
241	1.1614014	0.0	1.1614014	1.1614014	25.0	6025	2.1455343	0.16479927	4.291044	1.84118	-2.1782115	0.050137803	4528.814159393311
242	0.0	0.0	0.0	0.0	25.0	6050	2.1481571	0.14947602	3.8119755	1.8332362	-2.1764355	0.0452604	4547.020310163498
243	0.0	0.0	0.0	0.0	25.0	6075	2.152167	0.1324349	3.345859	1.9064056	-2.183163	0.03388947	4565.134396314621
244	4.292407	0.0	4.292407	4.292407	25.0	6100	2.1547706	0.13682953	4.129435	1.8138137	-2.1838632	0.040477637	4583.306127309799
245	0.12023822	0.0	0.12023822	0.12023822	25.0	6125	2.1624634	0.1538793	4.091925	1.9035134	-2.1848507	0.03878064	4601.461128234863
246	1.4205842	0.0	1.4205842	1.4205842	25.0	6150	2.1789758	0.16660962	4.5968738	1.8341889	-2.206837	0.046066448	4619.661091566086
247	4.323926	0.0	4.323926	4.323926	25.0	6175	2.1864176	0.14999558	3.617882	1.900171	-2.2206872	0.049326774	4637.890508413315
248	1.1006861	0.0	1.1006861	1.1006861	25.0	6200	2.191623	0.16333336	4.273904	1.8891557	-2.2175858	0.04609961	4655.955144882202
249	0.91082436	0.0	0.91082436	0.91082436	25.0	6225	2.2053895	0.17426093	4.40138	1.8942146	-2.224306	0.049798068	4674.045760393143
250	0.22872595	0.0	0.22872595	0.22872595	25.0	6250	2.1943665	0.1496618	4.5121555	1.9151266	-2.222038	0.04272468	4692.8502633571625
251	1.3226591	0.0	1.3226591	1.3226591	25.0	6275	2.2176812	0.16499342	3.9885824	1.9561743	-2.243506	0.04696589	4711.176823139191
252	0.9866406	0.0	0.9866406	0.9866406	25.0	6300	2.2231202	0.16899802	4.78311	1.9528035	-2.2449894	0.043608192	4729.659986495972
253	0.93306583	0.0	0.93306583	0.93306583	25.0	6325	2.215716	0.18261342	4.458185	1.9135686	-2.2418427	0.044531997	4748.88804769516
254	0.96319765	0.0	0.96319765	0.96319765	25.0	6350	2.2137673	0.13912117	4.2397547	1.975572	-2.2423093	0.040816933	4767.379695653915
255	0.24755977	0.0	0.24755977	0.24755977	25.0	6375	2.2246428	0.16629706	4.1794	1.9577059	-2.2462478	0.03858764	4785.738251924515
256	0.7989719	0.0	0.7989719	0.7989719	25.0	6400	2.2288628	0.14747612	3.3350704	1.9495841	-2.250956	0.040707882	4804.049609661102
257	0.16529307	0.0	0.16529307	0.16529307	25.0	6425	2.2347689	0.15639615	4.339439	1.9863054	-2.2607112	0.038854618	4822.86314368248
258	2.6738245	0.0	2.6738245	2.6738245	25.0	6450	2.2486746	0.1628544	4.4437695	1.9958372	-2.2787144	0.05333574	4842.099117040634
259	0.59913045	0.0	0.59913045	0.59913045	25.0	6475	2.246738	0.16060948	4.3341446	2.0174308	-2.2814395	0.043607637	4861.434781551361
260	0.78816193	0.0	0.78816193	0.78816193	25.0	6500	2.2640846	0.17227532	4.551264	2.0336838	-2.2960687	0.051482476	4881.463728189468
261	1.2931418	0.0	1.2931418	1.2931418	25.0	6525	2.2591636	0.15728688	4.488165	1.9692029	-2.293846	0.045359984	4900.562294483185
262	0.10888299	0.0	0.10888299	0.10888299	25.0	6550	2.2748892	0.1633583	4.053055	2.0348477	-2.3013604	0.0481442	4919.7396030426025
263	1.8689821	0.0	1.8689821	1.8689821	25.0	6575	2.2808912	0.19670913	4.789907	1.9740907	-2.3067122	0.04512623	4938.9656546115875
264	0.0	0.0	0.0	0.0	25.0	6600	2.2717936	0.15705357	4.6831527	2.0233524	-2.2975154	0.040219698	4958.104566574097
265	4.540666	0.0	4.540666	4.540666	25.0	6625	2.2816215	0.14418902	3.6794786	1.9757247	-2.2979817	0.043841057	4977.3659381866455
266	0.7476863	0.0	0.7476863	0.7476863	25.0	6650	2.2883608	0.17478396	4.4578238	2.0443435	-2.3160405	0.045842238	4996.613810062408
267	2.9113855	0.0	2.9113855	2.9113855	25.0	6675	2.3004024	0.1611688	4.574832	1.9027008	-2.3294182	0.045363475	5015.771070241928
268	0.19515614	0.0	0.19515614	0.19515614	25.0	6700	2.287283	0.15196152	4.4960194	2.0475764	-2.3050616	0.039959606	5034.874231815338
269	1.015552	0.0	1.015552	1.015552	25.0	6725	2.3106759	0.17546879	4.33345	2.0209832	-2.33236	0.045265645	5053.9390001297
270	0.31422406	0.0	0.31422406	0.31422406	25.0	6750	2.3031476	0.15276767	4.2289543	2.0079188	-2.3378432	0.044796284	5073.934505939484
271	1.2529966	0.0	1.2529966	1.2529966	25.0	6775	2.3156652	0.13837403	3.7475407	2.014555	-2.3400404	0.03993016	5092.6446714401245
272	0.44594723	0.0	0.44594723	0.44594723	25.0	6800	2.3397453	0.167582	4.5813026	2.0068035	-2.3641	0.051703624	5111.622502088547
273	0.1784634	0.0	0.1784634	0.1784634	25.0	6825	2.335941	0.17817941	4.7305384	2.0925536	-2.358043	0.04431956	5130.6224591732025
274	0.20361997	0.0	0.20361997	0.20361997	25.0	6850	2.3383276	0.17697255	4.386853	2.071301	-2.3702838	0.04722413	5149.671331644058
275	0.66427064	0.0	0.66427064	0.66427064	25.0	6875	2.3370364	0.18741278	4.806435	2.0469546	-2.3592293	0.040914364	5168.82756114006
276	0.06893865	0.0	0.06893865	0.06893865	25.0	6900	2.3530805	0.14633127	3.7918286	2.1122782	-2.3828948	0.04627279	5187.755507707596
277	0.56128347	0.0	0.56128347	0.56128347	25.0	6925	2.3427057	0.1465881	3.737905	2.11908	-2.3627775	0.03320667	5206.794519662857
278	1.2017577	0.0	1.2017577	1.2017577	25.0	6950	2.3612638	0.16079763	4.2027736	2.0420606	-2.3828573	0.042370852	5225.470882892609
279	1.5112125	0.0	1.5112125	1.5112125	25.0	6975	2.3662639	0.17166243	4.2714844	2.1355407	-2.3882055	0.04762551	5244.051740646362
280	0.44996256	0.0	0.44996256	0.44996256	25.0	7000	2.3721886	0.15263395	4.5026097	2.0651286	-2.3992867	0.048471726	5263.625148296356
281	0.23162048	0.0	0.23162048	0.23162048	25.0	7025	2.374868	0.15469433	4.0996337	2.1018674	-2.4074593	0.046265446	5282.377213001251
282	1.4834464	0.0	1.4834464	1.4834464	25.0	7050	2.3766067	0.14752121	3.7253249	1.9715652	-2.4046683	0.048117634	5301.099018335342
283	1.0312389	0.0	1.0312389	1.0312389	25.0	7075	2.378948	0.15064651	3.813522	2.0565324	-2.403977	0.033904318	5319.723938941956
284	0.8950213	0.0	0.8950213	0.8950213	25.0	7100	2.3930569	0.13366567	3.678449	2.1022425	-2.4225059	0.043353852	5338.490397930145
285	2.4779866	0.0	2.4779866	2.4779866	25.0	7125	2.3993566	0.13894157	3.951175	2.1562405	-2.4295936	0.04607685	5357.585522413254
286	1.3561927	0.0	1.3561927	1.3561927	25.0	7150	2.3941808	0.13575035	3.8688712	2.1687763	-2.4237497	0.039177965	5376.339428186417
287	0.7241687	0.0	0.7241687	0.7241687	25.0	7175	2.4003081	0.13135982	4.2232223	2.1916287	-2.425765	0.03356435	5395.280698299408
288	1.766269	0.0	1.766269	1.766269	25.0	7200	2.411851	0.12852831	3.8210368	2.1098	-2.440624	0.043587655	5414.136367559433
289	2.0812554	0.0	2.0812554	2.0812554	25.0	7225	2.4251828	0.15337726	4.0211773	2.2202868	-2.4529688	0.039255325	5433.013156652451
290	0.38105872	0.0	0.38105872	0.38105872	25.0	7250	2.4264016	0.15259276	4.170076	2.1106877	-2.4538171	0.048015907	5452.370769500732
291	1.2347424	0.0	1.2347424	1.2347424	25.0	7275	2.436144	0.18206045	4.321129	2.189349	-2.4716744	0.043465015	5470.968637704849
292	0.9754916	0.0	0.9754916	0.9754916	25.0	7300	2.4458005	0.15107176	4.113696	2.2186244	-2.475251	0.04625773	5489.5170068740845
293	1.7954967	0.0	1.7954967	1.7954967	25.0	7325	2.446546	0.16479802	4.566096	2.2345672	-2.4711733	0.042583466	5508.145292043686
294	0.32528543	0.0	0.32528543	0.32528543	25.0	7350	2.456395	0.16492675	4.6523027	2.201623	-2.4857595	0.049024332	5526.565824508667
295	0.31570315	0.0	0.31570315	0.31570315	25.0	7375	2.454516	0.15474477	4.305733	2.1409686	-2.4827824	0.042196475	5545.067381858826
296	1.3183659	0.0	1.3183659	1.3183659	25.0	7400	2.4767144	0.16374171	4.3432827	2.1645398	-2.5081544	0.05042463	5563.645391464233
297	0.3772263	0.0	0.3772263	0.3772263	25.0	7425	2.471631	0.1472893	4.313899	2.2432396	-2.5028493	0.042791583	5582.564796209335
298	1.1958692	0.0	1.1958692	1.1958692	25.0	7450	2.4750838	0.1573734	4.200847	1.9864471	-2.5041113	0.04166979	5601.306275606155
299	0.032580253	0.0	0.032580253	0.032580253	25.0	7475	2.477777	0.14319502	3.8183963	2.1369913	-2.5064466	0.044648048	5620.0247094631195
300	2.8802187	0.0	2.8802187	2.8802187	25.0	7500	2.497869	0.18535087	4.3813686	1.6848683	-2.5179393	0.049016107	5639.528366327286
301	1.4263189	0.0	1.4263189	1.4263189	25.0	7525	2.491832	0.17626972	4.680727	2.1973367	-2.5268872	0.041126627	5658.179918766022
302	1.3613033	0.0	1.3613033	1.3613033	25.0	7550	2.4871798	0.13525446	3.8246965	2.2054286	-2.5146933	0.039300166	5676.975032567978
303	1.3716075	0.0	1.3716075	1.3716075	25.0	7575	2.502587	0.15300125	4.129743	2.2879965	-2.5298083	0.03905369	5696.074650526047
304	0.62164474	0.0	0.62164474	0.62164474	25.0	7600	2.4943087	0.14024428	3.9297428	2.2201152	-2.522211	0.039823588	5715.793051242828
305	2.3832037	0.0	2.3832037	2.3832037	25.0	7625	2.515416	0.1467092	4.617098	2.2302558	-2.5367322	0.041859563	5735.057787895203
306	0.3784689	0.0	0.3784689	0.3784689	25.0	7650	2.507795	0.15050873	3.9629166	1.9437203	-2.5370893	0.043750882	5753.6960344314575
307	0.54684156	0.0	0.54684156	0.54684156	25.0	7675	2.5206902	0.16035068	4.8325644	2.2851925	-2.5570712	0.03827752	5772.334926128387
308	1.4172052	0.0	1.4172052	1.4172052	25.0	7700	2.5209548	0.13513662	4.124159	2.2008927	-2.5566032	0.04277612	5790.839216470718
309	0.2506751	0.0	0.2506751	0.2506751	25.0	7725	2.5399077	0.15440094	4.009532	2.2634418	-2.5646124	0.043510474	5809.318240642548
310	0.590811	0.0	0.590811	0.590811	25.0	7750	2.5508502	0.164812	4.0872016	2.2387338	-2.5798435	0.044436574	5828.541244268417
311	0.58203924	0.0	0.58203924	0.58203924	25.0	7775	2.5471609	0.14170478	4.077656	2.2629309	-2.5746043	0.04394175	5846.929032325745
312	0.58741534	0.0	0.58741534	0.58741534	25.0	7800	2.5554078	0.15222995	3.8312738	2.263299	-2.5842936	0.045910377	5865.356006860733
313	1.9505993	0.0	1.9505993	1.9505993	25.0	7825	2.561663	0.1441606	3.73239	2.3577838	-2.5905616	0.045297705	5883.797690868378
314	1.6395102	0.0	1.6395102	1.6395102	25.0	7850	2.5655167	0.13478161	3.5563006	2.31852	-2.593047	0.04740117	5902.624219417572
315	2.6251433	0.0	2.6251433	2.6251433	25.0	7875	2.5708258	0.14463419	4.161419	2.295696	-2.5976489	0.046023093	5921.199073076248
316	1.3552388	0.0	1.3552388	1.3552388	25.0	7900	2.5674317	0.15010321	3.9140346	2.283044	-2.5946677	0.039161835	5939.84161067009
317	2.1885033	0.0	2.1885033	2.1885033	25.0	7925	2.5785956	0.15150279	4.3162885	2.2375205	-2.5991316	0.047124058	5959.150661468506
318	1.8529938	0.0	1.8529938	1.8529938	25.0	7950	2.5871494	0.16197878	4.416626	2.3225272	-2.613295	0.04605769	5978.472385883331
319	0.80432963	0.0	0.80432963	0.80432963	25.0	7975	2.5900602	0.16024488	4.061405	2.223595	-2.617338	0.043903448	5997.867357492447
320	2.0018878	0.0	2.0018878	2.0018878	25.0	8000	2.6003788	0.13627118	3.6128507	2.3438194	-2.626285	0.043908782	6018.11815237999
321	2.7719474	0.0	2.7719474	2.7719474	25.0	8025	2.598006	0.13022302	3.4538949	2.233066	-2.62832	0.04082918	6037.421562671661
322	0.56072164	0.0	0.56072164	0.56072164	25.0	8050	2.6056278	0.16553426	4.318758	2.3544376	-2.6335816	0.038560975	6056.587383270264
323	1.7517781	0.0	1.7517781	1.7517781	25.0	8075	2.6138897	0.13470949	4.6080885	2.1897328	-2.6407864	0.03857425	6075.838349580765
324	0.43657294	0.0	0.43657294	0.43657294	25.0	8100	2.62575	0.1551315	4.8967996	2.3562338	-2.6510885	0.049165245	6094.88215470314
325	1.9250156	0.0	1.9250156	1.9250156	25.0	8125	2.6169293	0.155318	3.8310468	2.2957582	-2.645788	0.039711233	6113.978286743164
326	1.88263	0.0	1.88263	1.88263	25.0	8150	2.6231337	0.14082989	4.8425694	2.2918446	-2.6539505	0.0435698	6134.160765647888
327	0.18915972	0.0	0.18915972	0.18915972	25.0	8175	2.6351109	0.17891656	4.7794266	2.2638876	-2.665877	0.04551699	6153.5708203315735
328	0.56280243	0.0	0.56280243	0.56280243	25.0	8200	2.636159	0.14771938	4.789967	2.2203467	-2.6701498	0.042183686	6172.649612903595
329	0.28059354	0.0	0.28059354	0.28059354	25.0	8225	2.6451828	0.15391073	4.155051	2.2860155	-2.6719568	0.04945139	6191.423841714859
330	1.2387259	0.0	1.2387259	1.2387259	25.0	8250	2.6561697	0.15737976	4.6177087	2.3327253	-2.6877615	0.048639894	6210.522975683212
331	1.5960968	0.0	1.5960968	1.5960968	25.0	8275	2.6630926	0.1549578	4.566062	2.3365986	-2.6877012	0.05031988	6228.792512893677
332	0.112698615	0.0	0.112698615	0.112698615	25.0	8300	2.645512	0.12645052	3.586466	2.369328	-2.6804645	0.04004342	6248.079377651215
333	1.3577578	0.0	1.3577578	1.3577578	25.0	8325	2.6618054	0.13769285	4.365703	2.2394185	-2.6938407	0.044362813	6266.280842065811
334	1.8599602	0.0	1.8599602	1.8599602	25.0	8350	2.6760874	0.1516139	4.5074234	2.447772	-2.7021737	0.046189956	6284.636760234833
335	0.42585	0.0	0.42585	0.42585	25.0	8375	2.6843963	0.14776857	4.402452	2.4139693	-2.7160013	0.044910207	6303.284261703491
336	0.49232203	0.0	0.49232203	0.49232203	25.0	8400	2.688584	0.16192685	4.4544835	2.4168067	-2.7209363	0.043387793	6321.704584360123
337	3.2821178	0.0	3.2821178	3.2821178	25.0	8425	2.6803515	0.15790805	4.296713	2.4066849	-2.7024946	0.03764502	6340.092178344727
338	0.49817017	0.0	0.49817017	0.49817017	25.0	8450	2.6935546	0.17073536	4.6206083	2.4683356	-2.7248013	0.04479338	6358.453988075256
339	2.0202954	0.0	2.0202954	2.0202954	25.0	8475	2.703176	0.16873829	4.6378045	2.445627	-2.7349882	0.04584565	6376.872286558151
340	0.0129482495	0.0	0.0129482495	0.0129482495	25.0	8500	2.6907706	0.14062871	3.7578769	2.355475	-2.721337	0.04235791	6395.907813549042
341	1.8533955	0.0	1.8533955	1.8533955	25.0	8525	2.70737	0.15940377	4.1344132	2.3631341	-2.7413816	0.044828683	6414.143337965012
342	0.937958	0.0	0.937958	0.937958	25.0	8550	2.7029486	0.14811815	4.832331	2.476268	-2.7372587	0.039937846	6432.440363407135
343	0.56088746	0.0	0.56088746	0.56088746	25.0	8575	2.7075183	0.13469349	4.035988	2.4130113	-2.7416592	0.040338147	6450.663412570953
344	2.0795789	0.0	2.0795789	2.0795789	25.0	8600	2.7280304	0.15408899	4.3004336	2.3589923	-2.7547793	0.047853187	6468.917516469955
345	1.0516846	0.0	1.0516846	1.0516846	25.0	8625	2.7312534	0.1469689	4.121059	1.9959099	-2.756678	0.050769743	6487.4368188381195
346	0.53468007	0.0	0.53468007	0.53468007	25.0	8650	2.7298827	0.16505235	4.774511	2.386176	-2.7601295	0.044638783	6505.79131770134
347	1.7693219	0.0	1.7693219	1.7693219	25.0	8675	2.7427473	0.15408918	3.909272	2.491743	-2.771651	0.05350464	6524.428145170212
348	0.0	0.0	0.0	0.0	25.0	8700	2.743603	0.16087723	4.671024	2.4583158	-2.7751951	0.040415827	6542.87545466423
349	0.91533595	0.0	0.91533595	0.91533595	25.0	8725	2.7447522	0.16116825	4.2804875	2.4577029	-2.7759163	0.049692567	6561.232341051102
350	0.837095	0.0	0.837095	0.837095	25.0	8750	2.7603302	0.17188625	4.8128037	2.442766	-2.7885165	0.047701832	6580.158191680908
351	0.0	0.0	0.0	0.0	25.0	8775	2.7608893	0.1518608	4.0919566	1.6589671	-2.7814934	0.04596036	6598.318427562714
352	1.5612767	0.0	1.5612767	1.5612767	25.0	8800	2.754098	0.14845315	4.357183	2.443409	-2.775053	0.04122405	6617.536805391312
353	1.019884	0.0	1.019884	1.019884	25.0	8825	2.7545843	0.13469478	4.0550795	2.3770678	-2.7855816	0.03868094	6635.891709566116
354	1.7889347	0.0	1.7889347	1.7889347	25.0	8850	2.7849102	0.16352735	4.2463684	2.4898286	-2.8050044	0.051150408	6654.093344211578
355	0.5559948	0.0	0.5559948	0.5559948	25.0	8875	2.7736566	0.15629275	4.172515	2.431662	-2.8069174	0.047055572	6673.180359363556
356	0.55048585	0.0	0.55048585	0.55048585	25.0	8900	2.7958362	0.174335	4.69199	2.526812	-2.8200378	0.051689673	6691.376539707184
357	0.46568015	0.0	0.46568015	0.46568015	25.0	8925	2.7912285	0.16841747	4.8430805	2.5341485	-2.8261	0.048303843	6709.57626581192
358	1.7316693	0.0	1.7316693	1.7316693	25.0	8950	2.8011093	0.1513649	4.275812	2.4701293	-2.8380978	0.054028288	6728.8927137851715
359	0.053346265	0.0	0.053346265	0.053346265	25.0	8975	2.7917273	0.16008236	4.704063	2.4515193	-2.8242478	0.04131923	6747.056217670441
360	1.4853226	0.0	1.4853226	1.4853226	25.0	9000	2.7896235	0.15170506	4.6030393	2.5479841	-2.8194125	0.044766817	6766.296870231628
361	0.512684	0.0	0.512684	0.512684	25.0	9025	2.7986035	0.15388681	4.193128	2.4597254	-2.821047	0.044595066	6784.915895462036
362	0.26316178	0.0	0.26316178	0.26316178	25.0	9050	2.806777	0.13680078	3.9329522	2.5292912	-2.8403025	0.048343983	6803.03297328949
363	0.19905074	0.0	0.19905074	0.19905074	25.0	9075	2.808223	0.15627658	4.8339562	2.5210686	-2.8377805	0.044343397	6821.7861087322235
364	0.43986127	0.0	0.43986127	0.43986127	25.0	9100	2.816983	0.14841025	3.9577167	2.5072618	-2.843834	0.042563647	6840.660969018936
365	0.9692405	0.0	0.9692405	0.9692405	25.0	9125	2.8215628	0.15371573	5.2961392	2.4579792	-2.8478534	0.046365496	6859.181680440903
366	0.2588283	0.0	0.2588283	0.2588283	25.0	9150	2.8145535	0.15008192	4.4101505	2.509614	-2.8465753	0.04633136	6877.832620859146
367	0.7750161	0.0	0.7750161	0.7750161	25.0	9175	2.829989	0.14568514	3.9105523	2.552	-2.8635142	0.043230314	6896.719230890274
368	0.2501885	0.0	0.2501885	0.2501885	25.0	9200	2.8239627	0.16738018	5.0188003	2.5146363	-2.8543215	0.04572735	6915.415772199631
369	0.22564861	0.0	0.22564861	0.22564861	25.0	9225	2.8340368	0.1381281	3.9718366	2.5399444	-2.863391	0.048247628	6934.077844381332
370	1.1190251	0.0	1.1190251	1.1190251	25.0	9250	2.8393726	0.13961928	3.8886254	2.4846263	-2.8703845	0.046302494	6953.693074703217
371	1.3682203	0.0	1.3682203	1.3682203	25.0	9275	2.86211	0.1749685	5.3667555	2.5510755	-2.8895524	0.046228085	6972.772069454193
372	0.13996205	0.0	0.13996205	0.13996205	25.0	9300	2.8463306	0.16266325	5.0829787	2.5371299	-2.8739138	0.045863736	6991.695113420486
373	0.294254	0.0	0.294254	0.294254	25.0	9325	2.8646948	0.15663527	5.1703877	2.6168857	-2.891021	0.05106778	7010.757473230362
374	4.4184794	0.0	4.4184794	4.4184794	25.0	9350	2.8522613	0.16243073	4.22825	2.625003	-2.86678	0.042225722	7029.720730543137
375	0.3864198	0.0	0.3864198	0.3864198	25.0	9375	2.8631797	0.16928771	4.987622	2.4998631	-2.8902214	0.048515603	7048.764516592026
376	2.331336	0.0	2.331336	2.331336	25.0	9400	2.8669522	0.15489222	4.4502654	2.614146	-2.8964658	0.045719434	7067.804949045181
377	3.9223866	0.0	3.9223866	3.9223866	25.0	9425	2.8686883	0.17463422	4.7728524	2.5979235	-2.8966932	0.038828913	7086.582141876221
378	0.35989174	0.0	0.35989174	0.35989174	25.0	9450	2.8771384	0.169039	5.1239576	2.620829	-2.9001563	0.042078834	7105.506421327591
379	0.46998096	0.0	0.46998096	0.46998096	25.0	9475	2.8849087	0.1711317	4.8599215	2.666156	-2.9133558	0.05135144	7124.396036624908
380	0.540306	0.0	0.540306	0.540306	25.0	9500	2.8961248	0.18059094	4.8895354	2.6590602	-2.9250534	0.049909387	7144.074489355087
381	1.1997013	0.0	1.1997013	1.1997013	25.0	9525	2.8863935	0.15977673	4.443852	2.6746328	-2.9045806	0.04320112	7162.791747093201
382	1.2486657	0.0	1.2486657	1.2486657	25.0	9550	2.9037268	0.15435368	4.8999853	2.621831	-2.9339848	0.05038628	7181.775062084198
383	0.7852247	0.0	0.7852247	0.7852247	25.0	9575	2.8923862	0.14813977	4.623044	2.5556016	-2.9199924	0.051368896	7200.551035404205
384	0.4044563	0.0	0.4044563	0.4044563	25.0	9600	2.9013245	0.14223148	4.082081	2.6411257	-2.930733	0.048481468	7219.023003816605
385	0.41203755	0.0	0.41203755	0.41203755	25.0	9625	2.9143722	0.17957914	5.378406	2.5540419	-2.9392416	0.045473766	7237.648015499115
386	1.4151299	0.0	1.4151299	1.4151299	25.0	9650	2.9161441	0.15452506	4.913453	2.6211805	-2.94926	0.047717623	7257.038391828537
387	3.2372873	0.0	3.2372873	3.2372873	25.0	9675	2.9310584	0.19525582	5.6211257	2.6837218	-2.956664	0.048375405	7275.62414932251
388	0.940393	0.0	0.940393	0.940393	25.0	9700	2.928263	0.17657673	5.254057	2.668564	-2.9585037	0.049581345	7294.2232892513275
389	2.1533425	0.0	2.1533425	2.1533425	25.0	9725	2.947611	0.19081485	5.332958	2.6258023	-2.976219	0.059264135	7312.708040237427
390	0.4450674	0.0	0.4450674	0.4450674	25.0	9750	2.9392784	0.15851651	4.21323	2.576155	-2.9703882	0.04706036	7332.085512876511
391	0.020191634	0.0	0.020191634	0.020191634	25.0	9775	2.9393084	0.13669711	3.9771056	2.6186428	-2.9724765	0.049298257	7350.44898724556
392	3.3265827	0.0	3.3265827	3.3265827	25.0	9800	2.9583144	0.16380195	4.584402	2.7075543	-2.9840734	0.051359836	7368.835519552231
393	0.19149305	0.0	0.19149305	0.19149305	25.0	9825	2.9404025	0.15809332	5.0987835	2.6364658	-2.9809132	0.04495547	7387.239578485489
394	2.6080787	0.0	2.6080787	2.6080787	25.0	9850	2.9669874	0.14602801	4.2062507	2.3056269	-3.0067077	0.05350799	7405.689784526825
395	0.7651923	0.0	0.7651923	0.7651923	25.0	9875	2.967003	0.17541048	5.243017	2.718796	-2.9964902	0.047293402	7424.1092031002045
396	0.54267937	0.0	0.54267937	0.54267937	25.0	9900	2.970269	0.1447773	4.265206	2.7340314	-2.9988828	0.049095124	7442.465195178986
397	0.7535979	0.0	0.7535979	0.7535979	25.0	9925	2.9630334	0.1329274	4.374915	2.7587528	-2.988773	0.03833303	7460.870660543442
398	0.56454045	0.0	0.56454045	0.56454045	25.0	9950	2.96601	0.13576481	4.154913	2.6584575	-2.9999583	0.044525605	7479.408669471741
399	0.3217562	0.0	0.3217562	0.3217562	25.0	9975	2.9678574	0.14250593	4.1507154	2.713671	-2.9978988	0.03956554	7497.796903371811
400	3.6122084	0.0	3.6122084	3.6122084	25.0	10000	2.9857745	0.1433924	4.5296965	2.7351708	-3.0120761	0.040030207	7517.14946603775
401	2.4352462	0.0	2.4352462	2.4352462	25.0	10025	2.9948478	0.13621792	4.2031064	2.6531663	-3.0285494	0.047575597	7535.539556264877
402	1.7429823	0.0	1.7429823	1.7429823	25.0	10050	2.9974859	0.14137833	4.426658	2.7278004	-3.0332177	0.042048648	7553.9581842422485
403	0.43358758	0.0	0.43358758	0.43358758	25.0	10075	2.993667	0.1439148	4.402268	2.7916522	-3.0200777	0.03915188	7572.321250677109
404	0.5292757	0.0	0.5292757	0.5292757	25.0	10100	3.009804	0.14555252	4.5975223	2.7462249	-3.0328689	0.04174234	7590.752069473267
405	0.34545025	0.0	0.34545025	0.34545025	25.0	10125	3.012005	0.1375887	4.5908647	2.7291489	-3.042618	0.039637424	7609.373247861862
406	0.15539372	0.0	0.15539372	0.15539372	25.0	10150	3.0282545	0.14734162	4.658723	2.7278998	-3.05987	0.04794656	7627.736117362976
407	1.0845696	0.0	1.0845696	1.0845696	25.0	10175	3.019762	0.14984173	4.592646	2.1265895	-3.0431228	0.03906462	7646.157457351685
408	1.2178148	0.0	1.2178148	1.2178148	25.0	10200	3.0089703	0.14290318	4.226027	2.6690485	-3.0391824	0.035370253	7664.510323524475
409	0.025092559	0.0	0.025092559	0.025092559	25.0	10225	3.0336914	0.14817661	4.4725733	2.288404	-3.0672793	0.04475815	7683.489099025726
410	0.22197855	0.0	0.22197855	0.22197855	25.0	10250	3.0445619	0.16195226	4.6912675	2.7840505	-3.0679157	0.04251053	7703.194593906403
411	1.0865475	0.0	1.0865475	1.0865475	25.0	10275	3.0294385	0.1399268	4.259341	2.759691	-3.0581634	0.035841227	7721.611960887909
412	2.1530433	0.0	2.1530433	2.1530433	25.0	10300	3.0518486	0.15709825	5.265049	2.732906	-3.075349	0.039541923	7739.867343664169
413	0.0	0.0	0.0	0.0	25.0	10325	3.046502	0.13858096	5.2966814	2.6715915	-3.0748081	0.042386305	7758.078528165817
414	2.594537	0.0	2.594537	2.594537	25.0	10350	3.0500958	0.13203888	3.9780173	2.6571095	-3.0761228	0.040263925	7776.3068969249725
415	2.009205	0.0	2.009205	2.009205	25.0	10375	3.0606866	0.15570377	4.9181666	2.7884974	-3.0859509	0.044991802	7794.537215232849
416	2.2383573	0.0	2.2383573	2.2383573	25.0	10400	3.0607302	0.1643124	4.9165273	2.7696395	-3.0937564	0.038645983	7812.80544257164
417	0.76116866	0.0	0.76116866	0.76116866	25.0	10425	3.0858412	0.1522448	4.346297	2.8158436	-3.113908	0.050725274	7831.11625790596
418	1.6843477	0.0	1.6843477	1.6843477	25.0	10450	3.0715313	0.17097367	5.0092573	2.7848842	-3.0913851	0.043719865	7849.4153463840485
419	1.1798285	0.0	1.1798285	1.1798285	25.0	10475	3.069729	0.1810212	5.499322	2.774409	-3.093364	0.04224445	7867.747141122818
420	0.6943234	0.0	0.6943234	0.6943234	25.0	10500	3.0861742	0.14375919	4.391924	2.7476945	-3.116437	0.04437602	7886.907447338104
421	0.9899944	0.0	0.9899944	0.9899944	25.0	10525	3.0869465	0.16003004	5.1930532	2.8273203	-3.1206763	0.04317514	7905.198253393173
422	0.5298194	0.0	0.5298194	0.5298194	25.0	10550	3.0928073	0.17128927	5.2711797	2.7653618	-3.1272466	0.049354367	7923.659670114517
423	1.3817922	0.0	1.3817922	1.3817922	25.0	10575	3.0911372	0.14669788	4.929378	2.7540348	-3.1261184	0.041518502	7942.57222032547
424	0.2287749	0.0	0.2287749	0.2287749	25.0	10600	3.1124525	0.19079033	5.581511	2.7263815	-3.13933	0.04664459	7961.479802370071
425	0.69237083	0.0	0.69237083	0.69237083	25.0	10625	3.111464	0.16099882	4.8141837	2.753965	-3.1460528	0.0470954	7980.345913171768
426	0.0	0.0	0.0	0.0	25.0	10650	3.1027682	0.13869543	4.3049593	2.7674665	-3.1303256	0.042360652	7999.242797613144
427	1.442165	0.0	1.442165	1.442165	25.0	10675	3.1132355	0.14043297	4.3601484	2.7787502	-3.1387916	0.0436425	8018.149584054947
428	0.9108559	0.0	0.9108559	0.9108559	25.0	10700	3.1218097	0.1500162	5.235442	2.784664	-3.1474621	0.042932343	8037.105872392654
429	0.7136418	0.0	0.7136418	0.7136418	25.0	10725	3.127153	0.17201346	5.294581	2.8349204	-3.152431	0.04510842	8056.25337600708
430	0.1898451	0.0	0.1898451	0.1898451	25.0	10750	3.1249654	0.14688283	4.8792863	2.580882	-3.1554642	0.04686184	8076.7139980793
431	1.3204684	0.0	1.3204684	1.3204684	25.0	10775	3.1272364	0.16520663	5.4983063	2.6371162	-3.1604886	0.04330644	8095.570932626724
432	0.9236278	0.0	0.9236278	0.9236278	25.0	10800	3.1529455	0.15514612	5.018267	2.919309	-3.1896315	0.05084248	8114.512198209763
433	1.953167	0.0	1.953167	1.953167	25.0	10825	3.1388671	0.14075878	4.4958405	2.9142761	-3.1726928	0.040058512	8133.479149341583
434	1.5924183	0.0	1.5924183	1.5924183	25.0	10850	3.1641748	0.1504449	4.9701567	2.8106754	-3.1981652	0.05138464	8152.394203662872
435	2.0812147	0.0	2.0812147	2.0812147	25.0	10875	3.156344	0.14640452	4.943902	2.8829577	-3.1887429	0.04380315	8170.857909917831
436	0.9888807	0.0	0.9888807	0.9888807	25.0	10900	3.16459	0.15057008	4.317906	2.8694415	-3.1949363	0.046389937	8188.993280887604
437	0.45143595	0.0	0.45143595	0.45143595	25.0	10925	3.1626084	0.14825653	5.188963	2.815694	-3.200582	0.043857265	8207.172078371048
438	1.5341612	0.0	1.5341612	1.5341612	25.0	10950	3.1683025	0.14078231	5.4522552	2.8847084	-3.202342	0.04255993	8225.370502233505
439	0.81191534	0.0	0.81191534	0.81191534	25.0	10975	3.1815765	0.15390888	4.39466	2.9304457	-3.2118363	0.04711066	8243.488712310791
440	1.4391589	0.0	1.4391589	1.4391589	25.0	11000	3.189211	0.1424376	4.292774	2.8791604	-3.2288368	0.04445524	8262.687244415283
441	1.5306602	0.0	1.5306602	1.5306602	25.0	11025	3.1976013	0.15400659	4.209034	2.8555865	-3.2363293	0.046350986	8280.883678674698
442	1.5991058	0.0	1.5991058	1.5991058	25.0	11050	3.1897194	0.16936274	5.3581476	2.6890385	-3.226057	0.03905775	8299.037930250168
443	0.89106905	0.0	0.89106905	0.89106905	25.0	11075	3.1853957	0.122671984	4.4502554	2.976086	-3.2216098	0.0370791	8317.202362775803
444	0.40244254	0.0	0.40244254	0.40244254	25.0	11100	3.1961787	0.13272151	4.5369725	2.9801261	-3.2296176	0.039029907	8335.327298402786
445	0.143399	0.0	0.143399	0.143399	25.0	11125	3.2077527	0.14957999	5.432569	2.9434478	-3.2474256	0.043478865	8353.572172403336
446	1.9150076	0.0	1.9150076	1.9150076	25.0	11150	3.2044783	0.14944498	4.7916613	2.9330587	-3.241426	0.041744124	8371.73493719101
447	0.11581178	0.0	0.11581178	0.11581178	25.0	11175	3.2156415	0.15153724	4.790469	2.9504871	-3.253759	0.046257425	8389.882446527481
448	2.0654461	0.0	2.0654461	2.0654461	25.0	11200	3.2191648	0.13593842	4.952688	2.9504569	-3.257947	0.04254414	8408.04121184349
449	3.2258797	0.0	3.2258797	3.2258797	25.0	11225	3.2303252	0.13461185	4.7240524	2.959235	-3.2664566	0.0446662	8426.26238656044
450	0.65435606	0.0	0.65435606	0.65435606	25.0	11250	3.2508001	0.15514375	5.311491	2.9554076	-3.2831006	0.04899744	8445.479612827301
451	2.51184	0.0	2.51184	2.51184	25.0	11275	3.238316	0.15383868	4.443673	2.895092	-3.265666	0.041652147	8463.809744358063
452	2.9836142	0.0	2.9836142	2.9836142	25.0	11300	3.2318604	0.124205396	4.868082	2.9026818	-3.264341	0.03753087	8482.107565641403
453	1.1733505	0.0	1.1733505	1.1733505	25.0	11325	3.2539108	0.15289149	5.38012	2.9473636	-3.281699	0.04512203	8500.331868648529
454	0.8196092	0.0	0.8196092	0.8196092	25.0	11350	3.2502778	0.16092215	4.509503	2.964114	-3.2832098	0.04030604	8518.782486200333
455	1.3587992	0.0	1.3587992	1.3587992	25.0	11375	3.2673426	0.16261108	5.084082	2.9110866	-3.303094	0.051360417	8537.210080623627
456	1.6735753	0.0	1.6735753	1.6735753	25.0	11400	3.2639778	0.1525412	5.067639	2.9222913	-3.3058712	0.047152758	8555.549112558365
457	1.2245686	0.0	1.2245686	1.2245686	25.0	11425	3.265835	0.15418567	5.222953	2.9769664	-3.299507	0.037742354	8573.826816082
458	0.2782119	0.0	0.2782119	0.2782119	25.0	11450	3.2730372	0.14441834	4.423256	2.8587475	-3.30862	0.048015766	8592.046506881714
459	2.7420263	0.0	2.7420263	2.7420263	25.0	11475	3.293214	0.16830647	4.839104	3.0202599	-3.3268714	0.05072485	8610.327122688293
460	2.281642	0.0	2.281642	2.281642	25.0	11500	3.2881117	0.15727381	5.2936697	3.0369515	-3.3121908	0.04272587	8629.564269304276
461	1.0060457	0.0	1.0060457	1.0060457	25.0	11525	3.2877038	0.158564	5.2231197	3.0149882	-3.3192587	0.0412363	8648.185832738876
462	0.91002023	0.0	0.91002023	0.91002023	25.0	11550	3.2921534	0.15684482	4.574171	2.979431	-3.322075	0.040624753	8666.730375289917
463	0.22116269	0.0	0.22116269	0.22116269	25.0	11575	3.3092585	0.14787167	4.421069	2.972925	-3.3356566	0.047302634	8685.604061603546
464	0.56059957	0.0	0.56059957	0.56059957	25.0	11600	3.303847	0.15497802	5.1977344	2.71484	-3.3379188	0.048311893	8704.62216091156
465	1.0094569	0.0	1.0094569	1.0094569	25.0	11625	3.3024387	0.15390469	5.0123286	3.0084748	-3.33202	0.041779343	8723.606960773468
466	3.914216	0.0	3.914216	3.914216	25.0	11650	3.3253791	0.15605311	4.6873875	3.0697467	-3.3575106	0.04719984	8742.55956029892
467	0.80200493	0.0	0.80200493	0.80200493	25.0	11675	3.313131	0.14622547	4.498621	3.059671	-3.348551	0.04491401	8761.536643981934
468	1.7571087	0.0	1.7571087	1.7571087	25.0	11700	3.317254	0.13048641	4.4479184	3.0156825	-3.357632	0.041337434	8780.648643493652
469	1.2579976	0.0	1.2579976	1.2579976	25.0	11725	3.3427222	0.1448234	4.782324	2.9669995	-3.3788908	0.04914737	8799.623388767242
470	1.308761	0.0	1.308761	1.308761	25.0	11750	3.339748	0.14094247	4.4508715	3.063685	-3.3723047	0.04894216	8819.62205338478
471	0.0	0.0	0.0	0.0	25.0	11775	3.3478632	0.14663246	4.994709	3.0423336	-3.3846025	0.04442915	8838.54752111435
472	0.33874622	0.0	0.33874622	0.33874622	25.0	11800	3.3613403	0.16304575	5.283293	3.106049	-3.398154	0.04487283	8857.490787267685
473	1.0291551	0.0	1.0291551	1.0291551	25.0	11825	3.3713636	0.15648903	5.620436	3.124488	-3.4067452	0.049442183	8876.403208255768
474	0.39749283	0.0	0.39749283	0.39749283	25.0	11850	3.3593383	0.13833202	5.421066	3.0561981	-3.389051	0.03921567	8895.333321332932
475	0.0	0.0	0.0	0.0	25.0	11875	3.3552008	0.14569338	5.435712	3.1047175	-3.3857946	0.035279013	8914.201288938522
476	0.42306915	0.0	0.42306915	0.42306915	25.0	11900	3.37121	0.14617476	5.186484	3.1089916	-3.4057598	0.041598853	8933.012802362442
477	1.6829861	0.0	1.6829861	1.6829861	25.0	11925	3.3766327	0.162228	5.597678	3.0992308	-3.4040375	0.044466767	8951.86139702797
478	0.9081898	0.0	0.9081898	0.9081898	25.0	11950	3.3841038	0.15553164	4.752108	3.0847235	-3.4208386	0.047197413	8970.766979455948
479	2.0415335	0.0	2.0415335	2.0415335	25.0	11975	3.368659	0.12081074	4.481277	3.0335839	-3.4015484	0.038391553	8989.703693389893
480	0.5077829	0.0	0.5077829	0.5077829	25.0	12000	3.3855796	0.13893588	5.414632	3.135773	-3.4211307	0.043120995	9009.69714140892
481	0.3346553	0.0	0.3346553	0.3346553	25.0	12025	3.3922596	0.14291517	4.717824	3.140563	-3.424422	0.046837922	9028.643140554428
482	1.0643096	0.0	1.0643096	1.0643096	25.0	12050	3.3988135	0.17158268	5.7192764	3.0508976	-3.430636	0.04740839	9047.466844081879
483	1.169256	0.0	1.169256	1.169256	25.0	12075	3.400894	0.14212999	5.004674	3.1340458	-3.4294157	0.04402598	9065.78159403801
484	0.23960897	0.0	0.23960897	0.23960897	25.0	12100	3.4090924	0.14693226	4.9576783	3.1613324	-3.4371269	0.044343997	9084.123317956924
485	1.8303078	0.0	1.8303078	1.8303078	25.0	12125	3.4003623	0.15035214	4.797494	3.028987	-3.4275641	0.04733627	9105.60928940773
486	0.24365923	0.0	0.24365923	0.24365923	25.0	12150	3.4167993	0.15106495	4.781801	3.0935059	-3.4381814	0.048864774	9123.853768110275
487	1.1814396	0.0	1.1814396	1.1814396	25.0	12175	3.422782	0.15836523	4.696396	3.094499	-3.4495046	0.044101167	9142.323196649551
488	2.6308486	0.0	2.6308486	2.6308486	25.0	12200	3.4242144	0.15109462	4.6100254	3.0987353	-3.4624712	0.047872715	9160.689522981644
489	0.56145895	0.0	0.56145895	0.56145895	25.0	12225	3.4392157	0.17610735	4.7577915	2.123937	-3.470549	0.050356384	9179.093493700027
490	2.2573228	0.0	2.2573228	2.2573228	25.0	12250	3.4315557	0.16407458	4.767979	3.0617204	-3.4667804	0.038094934	9198.582912921906
491	0.28543615	0.0	0.28543615	0.28543615	25.0	12275	3.4348626	0.15131114	4.8534684	3.161712	-3.4642332	0.05044695	9217.009036064148
492	3.650704	0.0	3.650704	3.650704	25.0	12300	3.4408064	0.14835174	4.5490174	3.1392155	-3.4735086	0.04707132	9235.420495510101
493	1.516711	0.0	1.516711	1.516711	25.0	12325	3.4390879	0.15330517	4.96751	3.127126	-3.4725766	0.041769926	9253.858789205551
494	3.6732562	0.0	3.6732562	3.6732562	25.0	12350	3.443263	0.17277789	5.441262	2.7117407	-3.4695594	0.04198907	9272.23012137413
495	0.47831157	0.0	0.47831157	0.47831157	25.0	12375	3.4523432	0.15227136	5.3001432	3.0535107	-3.4891272	0.049590707	9290.559772968292
496	0.22348076	0.0	0.22348076	0.22348076	25.0	12400	3.447971	0.14770593	5.083898	3.2290196	-3.4793646	0.040778276	9308.812359571457
497	1.5798861	0.0	1.5798861	1.5798861	25.0	12425	3.4555402	0.16164237	5.1231074	3.1590123	-3.4858477	0.04884527	9327.229674816132
498	2.3687935	0.0	2.3687935	2.3687935	25.0	12450	3.4632854	0.17403877	5.6896825	3.2146325	-3.497352	0.046009623	9345.655238389969
499	0.2587249	0.0	0.2587249	0.2587249	25.0	12475	3.472461	0.16635768	5.1360493	3.1894374	-3.504022	0.047658868	9364.287988901138
500	0.8618646	0.0	0.8618646	0.8618646	25.0	12500	3.4761713	0.13085772	4.494888	3.1795774	-3.5101244	0.046909776	9383.626616239548
501	0.1275606	0.0	0.1275606	0.1275606	25.0	12525	3.4830124	0.16679719	5.3272076	3.152161	-3.5150476	0.04688523	9401.838485956192
502	1.0846248	0.0	1.0846248	1.0846248	25.0	12550	3.481439	0.1695044	5.3292403	3.123008	-3.5119584	0.04538645	9420.234336614609
503	1.0095853	0.0	1.0095853	1.0095853	25.0	12575	3.502591	0.1446653	4.7143407	3.2233233	-3.5385046	0.050024386	9438.598174095154
504	1.6271775	0.0	1.6271775	1.6271775	25.0	12600	3.5029743	0.16033868	4.808893	3.1066535	-3.536618	0.04748053	9456.899602890015
505	1.646078	0.0	1.646078	1.646078	25.0	12625	3.5031598	0.14100693	4.379059	3.139977	-3.537589	0.03942359	9475.197220802307
506	0.4247997	0.0	0.4247997	0.4247997	25.0	12650	3.5125918	0.15290552	5.503361	3.3045406	-3.5348597	0.0493238	9493.409242391586
507	2.5967257	0.0	2.5967257	2.5967257	25.0	12675	3.4957762	0.14557642	4.9123154	3.0871463	-3.5234098	0.041608226	9511.81682395935
508	0.78927594	0.0	0.78927594	0.78927594	25.0	12700	3.522061	0.14955716	4.952233	3.2110765	-3.5611773	0.05685359	9530.775116205215
509	4.4351163	0.0	4.4351163	4.4351163	25.0	12725	3.512511	0.1326042	4.535328	3.2118711	-3.5435386	0.04059359	9549.384368896484
510	0.10204369	0.0	0.10204369	0.10204369	25.0	12750	3.5168717	0.14322953	5.133885	3.1722858	-3.5438273	0.04348026	9568.694710969925
511	0.28146154	0.0	0.28146154	0.28146154	25.0	12775	3.5266967	0.1631263	5.226057	3.1497715	-3.5588813	0.048610352	9586.88086771965
512	1.3139617	0.0	1.3139617	1.3139617	25.0	12800	3.5306678	0.16613716	5.5478525	3.194152	-3.5570977	0.043279257	9605.345259904861
513	2.6536958	0.0	2.6536958	2.6536958	25.0	12825	3.5362225	0.1617986	5.56987	3.2390966	-3.5585876	0.052829083	9624.038711309433
514	0.44683993	0.0	0.44683993	0.44683993	25.0	12850	3.5360932	0.16764893	4.9191847	3.2046654	-3.5587173	0.053787936	9642.290365695953
515	1.5423614	0.0	1.5423614	1.5423614	25.0	12875	3.552426	0.184597	6.002708	3.2421234	-3.589139	0.055041045	9660.622892141342
516	5.700593	0.0	5.700593	5.700593	25.0	12900	3.5509524	0.17474382	5.968739	3.3212063	-3.5842874	0.05390947	9678.814431905746
517	1.2801191	0.0	1.2801191	1.2801191	25.0	12925	3.5541859	0.17047097	5.451208	3.2080657	-3.5807922	0.049006972	9697.250475168228
518	0.90853035	0.0	0.90853035	0.90853035	25.0	12950	3.5523107	0.14508761	4.8778	3.297552	-3.585232	0.056349944	9715.514897346497
519	1.1470335	0.0	1.1470335	1.1470335	25.0	12975	3.5646732	0.14799018	4.7079487	3.215323	-3.6053715	0.05287054	9733.80626797676
520	0.37923175	0.0	0.37923175	0.37923175	25.0	13000	3.5661106	0.15527047	5.349676	3.210071	-3.5974467	0.04451454	9754.709465026855
521	1.3208395	0.0	1.3208395	1.3208395	25.0	13025	3.5534463	0.12601262	4.7893867	3.2844436	-3.5777586	0.04440006	9773.691578149796
522	3.1328545	0.0	3.1328545	3.1328545	25.0	13050	3.5737646	0.15161107	5.857543	3.2793798	-3.612218	0.042448424	9792.648496389389
523	0.7015102	0.0	0.7015102	0.7015102	25.0	13075	3.5759754	0.13615488	4.688087	3.334945	-3.6127682	0.04155235	9811.797246217728
524	1.5668435	0.0	1.5668435	1.5668435	25.0	13100	3.5831633	0.154177	5.545722	3.1320834	-3.618477	0.04325787	9830.698928833008
525	0.19066264	0.0	0.19066264	0.19066264	25.0	13125	3.5754614	0.13688138	5.0294228	3.2141564	-3.6067715	0.04276459	9849.702755212784
526	0.096467555	0.0	0.096467555	0.096467555	25.0	13150	3.600766	0.16365704	4.9506016	3.3988895	-3.6357691	0.044985753	9868.615902662277
527	1.60356	0.0	1.60356	1.60356	25.0	13175	3.5731635	0.15469334	4.879373	3.230739	-3.5966167	0.046343412	9887.573249816895
528	0.0	0.0	0.0	0.0	25.0	13200	3.618392	0.16244121	5.865597	3.3400855	-3.6540377	0.055572234	9906.35488820076
529	0.5975191	0.0	0.5975191	0.5975191	25.0	13225	3.6068661	0.15415777	5.1377935	3.2212243	-3.6417208	0.049122993	9925.832105398178
530	2.188421	0.0	2.188421	2.188421	25.0	13250	3.6156695	0.17717391	5.470926	3.3287313	-3.6420248	0.052543033	9945.978774785995
531	2.6516583	0.0	2.6516583	2.6516583	25.0	13275	3.6131353	0.13268307	4.712253	3.338439	-3.653302	0.04432782	9964.734362125397
532	0.18518819	0.0	0.18518819	0.18518819	25.0	13300	3.6294534	0.15799758	4.8566937	3.2919497	-3.671012	0.05133337	9983.344418287277
533	0.9620838	0.0	0.9620838	0.9620838	25.0	13325	3.627351	0.17284715	5.2588468	3.3600843	-3.657742	0.047023177	10001.497292280197
534	0.41795632	0.0	0.41795632	0.41795632	25.0	13350	3.6187043	0.13150062	5.029573	3.2660422	-3.6508133	0.0407182	10019.670994758606
535	0.02390329	0.0	0.02390329	0.02390329	25.0	13375	3.651125	0.1532213	5.1951694	3.3302743	-3.6857913	0.055012777	10037.844840288162
536	0.0	0.0	0.0	0.0	25.0	13400	3.6410553	0.18209893	6.1951294	3.3586876	-3.6727712	0.03847533	10055.959538459778
537	2.7913365	0.0	2.7913365	2.7913365	25.0	13425	3.6392462	0.16506724	5.3345504	3.3631444	-3.674534	0.041548178	10074.142240285873
538	0.66319615	0.0	0.66319615	0.66319615	25.0	13450	3.6589603	0.15861201	6.158411	3.4171107	-3.689327	0.047532663	10092.315358638763
539	0.97650915	0.0	0.97650915	0.97650915	25.0	13475	3.6580157	0.16351601	5.0709987	3.3314824	-3.69155	0.04712558	10110.48700594902
540	3.0818872	0.0	3.0818872	3.0818872	25.0	13500	3.659863	0.16977534	5.6577654	3.3448768	-3.6968856	0.05070437	10129.764666318893
541	4.1999755	0.0	4.1999755	4.1999755	25.0	13525	3.6625986	0.13493359	4.7253795	3.4566445	-3.6979017	0.043795846	10147.959888458252
542	0.0	0.0	0.0	0.0	25.0	13550	3.6700764	0.16577715	5.2840366	3.3173623	-3.6899884	0.0476331	10166.103579998016
543	1.394176	0.0	1.394176	1.394176	25.0	13575	3.6743307	0.15944028	5.4385176	3.376203	-3.7076907	0.049051233	10184.261615991592
544	0.60439223	0.0	0.60439223	0.60439223	25.0	13600	3.6923127	0.17460641	5.5259132	3.45476	-3.7315743	0.05119376	10202.516982078552
545	1.366757	0.0	1.366757	1.366757	25.0	13625	3.685237	0.14511023	5.3339815	3.4293048	-3.7187815	0.059124287	10221.569850206375
546	1.4282374	0.0	1.4282374	1.4282374	25.0	13650	3.6882458	0.16670819	6.1284337	3.3434927	-3.7147605	0.04484894	10241.496166706085
547	2.3026311	0.0	2.3026311	2.3026311	25.0	13675	3.6962447	0.16380352	6.2223864	3.4313884	-3.7340875	0.054188184	10260.417895317078
548	0.56835824	0.0	0.56835824	0.56835824	25.0	13700	3.7035127	0.15156578	5.2458267	3.4682844	-3.741512	0.04638454	10278.752416849136
549	0.9905009	0.0	0.9905009	0.9905009	25.0	13725	3.7041857	0.15375496	4.9086185	3.4850676	-3.7435086	0.05065213	10297.13059091568
550	0.785513	0.0	0.785513	0.785513	25.0	13750	3.6980395	0.15228568	5.9468746	3.4103594	-3.7302837	0.038983554	10316.781347513199
551	0.3286244	0.0	0.3286244	0.3286244	25.0	13775	3.712542	0.13739857	4.6318684	3.4862814	-3.751055	0.050304826	10335.087197303772
552	1.0637747	0.0	1.0637747	1.0637747	25.0	13800	3.7265937	0.14730036	4.86712	3.3705592	-3.7720606	0.046655368	10353.897281646729
553	0.44313264	0.0	0.44313264	0.44313264	25.0	13825	3.727086	0.1500722	5.7432275	3.4127717	-3.7763202	0.0491073	10372.257566213608
554	1.9825912	0.0	1.9825912	1.9825912	25.0	13850	3.7299683	0.15479104	5.3324056	3.4828405	-3.774912	0.05176858	10390.477732181549
555	2.8432765	0.0	2.8432765	2.8432765	25.0	13875	3.7410724	0.14915146	5.225079	3.503205	-3.783422	0.04275919	10409.244974136353
556	2.230002	0.0	2.230002	2.230002	25.0	13900	3.7382996	0.13856074	4.9274883	3.322832	-3.7767603	0.041753825	10427.654274702072
557	0.9789748	0.0	0.9789748	0.9789748	25.0	13925	3.7388456	0.13686793	5.545174	3.491407	-3.7755125	0.042034402	10446.402450323105
558	1.571974	0.0	1.571974	1.571974	25.0	13950	3.7422395	0.13704488	5.2841578	3.5283983	-3.777164	0.039735287	10464.820613384247
559	3.2595625	0.0	3.2595625	3.2595625	25.0	13975	3.7538373	0.14574596	5.2714787	3.4741902	-3.8018012	0.044680074	10483.585114240646
560	1.8589003	0.0	1.8589003	1.8589003	25.0	14000	3.7557955	0.12682182	5.5115533	3.5258508	-3.7951288	0.04184541	10503.173941373825
561	1.7728136	0.0	1.7728136	1.7728136	25.0	14025	3.7640815	0.15353906	5.7726693	3.4813437	-3.8056216	0.0367701	10522.560842752457
562	0.5339473	0.0	0.5339473	0.5339473	25.0	14050	3.779394	0.14728482	5.3960967	3.4211588	-3.8195624	0.05132787	10541.87064409256
563	2.919556	0.0	2.919556	2.919556	25.0	14075	3.786101	0.15054621	5.5520377	3.489481	-3.8287792	0.048237666	10560.867294311523
564	0.21695186	0.0	0.21695186	0.21695186	25.0	14100	3.7923963	0.14735682	5.4402585	3.5113888	-3.833976	0.040200952	10579.858005285263
565	0.34153482	0.0	0.34153482	0.34153482	25.0	14125	3.8056595	0.16138063	5.237951	3.4837399	-3.8383474	0.049108505	10598.860286474228
566	1.1157967	0.0	1.1157967	1.1157967	25.0	14150	3.8044465	0.17574762	5.591113	3.4936857	-3.8460538	0.04126656	10618.098328351974
567	0.7572137	0.0	0.7572137	0.7572137	25.0	14175	3.8150141	0.15238377	5.357697	3.5288534	-3.8484204	0.047335126	10637.014812231064
568	1.2464086	0.0	1.2464086	1.2464086	25.0	14200	3.815518	0.15121143	5.323522	3.5120234	-3.86131	0.050796606	10655.882861614227
569	3.0151718	0.0	3.0151718	3.0151718	25.0	14225	3.827837	0.15569167	5.3356304	3.557294	-3.8713915	0.045940507	10674.788268089294
570	0.14543958	0.0	0.14543958	0.14543958	25.0	14250	3.8247688	0.14374128	5.5732627	3.5675683	-3.8658402	0.04799684	10694.85302233696
571	0.86049944	0.0	0.86049944	0.86049944	25.0	14275	3.8279274	0.15574032	5.5705037	3.5206532	-3.8672857	0.04261077	10713.73629951477
572	1.1142699	0.0	1.1142699	1.1142699	25.0	14300	3.8265274	0.15474755	5.0563655	3.5440068	-3.859195	0.040620957	10732.6440513134
573	3.4796064	0.0	3.4796064	3.4796064	25.0	14325	3.8365612	0.14591196	5.7055273	3.2365055	-3.8749535	0.040900763	10751.570082426071
574	1.9965487	0.0	1.9965487	1.9965487	25.0	14350	3.8303843	0.13174787	4.9810157	3.4842236	-3.8695774	0.04336148	10770.404617071152
575	0.2527938	0.0	0.2527938	0.2527938	25.0	14375	3.845517	0.13210948	4.8779974	3.6025867	-3.885896	0.04067434	10789.165449619293
576	0.5650821	0.0	0.5650821	0.5650821	25.0	14400	3.8610733	0.15046376	5.709859	3.3472219	-3.90264	0.04952857	10807.935339927673
577	0.74906427	0.0	0.74906427	0.74906427	25.0	14425	3.8573656	0.13295965	4.8509827	3.5676067	-3.8925266	0.04195317	10827.058960199356
578	1.7656901	0.0	1.7656901	1.7656901	25.0	14450	3.8561249	0.15902217	5.468031	3.5392406	-3.8937066	0.03789527	10846.005013942719
579	3.1749616	0.0	3.1749616	3.1749616	25.0	14475	3.8636444	0.13629626	4.8218937	3.5468454	-3.9138675	0.044856753	10864.705396175385
580	0.53690326	0.0	0.53690326	0.53690326	25.0	14500	3.87295	0.14927334	5.226124	3.61279	-3.9062312	0.046170555	10884.753673315048
581	0.60043716	0.0	0.60043716	0.60043716	25.0	14525	3.8699567	0.15548891	5.3415184	3.4674516	-3.9028473	0.047025524	10903.275567531586
582	0.6293299	0.0	0.6293299	0.6293299	25.0	14550	3.8776538	0.14461923	4.9990525	3.5145876	-3.917619	0.044316985	10921.484531402588
583	1.852974	0.0	1.852974	1.852974	25.0	14575	3.8783898	0.13146639	4.9935484	3.6267643	-3.9138033	0.037313774	10940.222353935242
584	0.31487894	0.0	0.31487894	0.31487894	25.0	14600	3.8947718	0.1551621	5.0223384	2.4367342	-3.9205444	0.04589456	10958.832486152649
585	1.2062	0.0	1.2062	1.2062	25.0	14625	3.896018	0.16650009	5.5074515	3.518801	-3.9358022	0.051240593	10977.241838693619
586	0.8709836	0.0	0.8709836	0.8709836	25.0	14650	3.9020047	0.15676521	5.561108	3.6141129	-3.935214	0.043430496	10995.816810846329
587	2.04204	0.0	2.04204	2.04204	25.0	14675	3.906604	0.16188861	5.502684	3.3959615	-3.9479904	0.050536714	11014.213820457458
588	1.3916489	0.0	1.3916489	1.3916489	25.0	14700	3.912225	0.16792436	5.788986	3.628928	-3.9424953	0.048579793	11032.494724750519
589	2.2417865	0.0	2.2417865	2.2417865	25.0	14725	3.9118824	0.15771653	5.1356907	3.60719	-3.9503925	0.055483546	11050.940464258194
590	0.0	0.0	0.0	0.0	25.0	14750	3.919187	0.18022326	5.9993668	3.3491216	-3.9488947	0.053361434	11070.445534467697
591	1.3062115	0.0	1.3062115	1.3062115	25.0	14775	3.925908	0.15696315	5.6875076	3.5844953	-3.9716926	0.056015868	11088.780830144882
592	2.2261786	0.0	2.2261786	2.2261786	25.0	14800	3.9247468	0.1640287	5.6060634	3.6861653	-3.9632022	0.048115287	11107.14342546463
593	0.36051324	0.0	0.36051324	0.36051324	25.0	14825	3.9336987	0.16050239	5.7471647	3.6778386	-3.966765	0.04747536	11125.46205830574
594	0.8067975	0.0	0.8067975	0.8067975	25.0	14850	3.9363909	0.18438517	5.5415063	3.5717323	-3.9643214	0.0433282	11143.777162075043
595	2.023059	0.0	2.023059	2.023059	25.0	14875	3.9408617	0.17777902	6.1348147	3.6708267	-3.982712	0.055960048	11162.236837625504
596	1.9333898	0.0	1.9333898	1.9333898	25.0	14900	3.9537275	0.18105727	5.9177494	3.6831527	-3.9843855	0.046494257	11180.698967218399
597	2.1735742	0.0	2.1735742	2.1735742	25.0	14925	3.9638996	0.15931799	5.603672	3.7093763	-4.0038166	0.054904167	11199.054160833359
598	0.3279484	0.0	0.3279484	0.3279484	25.0	14950	3.9534857	0.15363553	5.724594	3.674828	-3.9938319	0.05011319	11217.533906936646
599	0.9129634	0.0	0.9129634	0.9129634	25.0	14975	3.966373	0.16381368	5.610404	3.6325643	-4.0076704	0.05542999	11235.944847345352
600	0.0	0.0	0.0	0.0	25.0	15000	3.9728441	0.17590362	6.3227596	3.708596	-4.0057073	0.044179283	11255.508008480072
601	0.0	0.0	0.0	0.0	25.0	15025	3.9619958	0.1609109	5.241553	3.654826	-4.0003624	0.039795205	11273.829242229462
602	1.5279217	0.0	1.5279217	1.5279217	25.0	15050	3.971729	0.15085597	5.830521	3.6779351	-4.0193825	0.04957208	11292.261552810669
603	1.3460623	0.0	1.3460623	1.3460623	25.0	15075	3.9879785	0.1725608	6.22034	3.660171	-4.021691	0.052271456	11310.642358541489
604	0.7162594	0.0	0.7162594	0.7162594	25.0	15100	3.9847949	0.18007983	6.2748613	3.7159886	-4.0138545	0.040975675	11328.924375295639
605	0.16595556	0.0	0.16595556	0.16595556	25.0	15125	3.9842713	0.1499427	5.834424	3.704349	-4.0304403	0.04866532	11347.189567565918
606	0.490614	0.0	0.490614	0.490614	25.0	15150	4.00066	0.16812003	6.007555	3.683048	-4.0405374	0.05280037	11365.62232542038
607	0.77741885	0.0	0.77741885	0.77741885	25.0	15175	3.9953218	0.16684993	5.866324	3.6628475	-4.036281	0.04457973	11384.708001852036
608	0.6453374	0.0	0.6453374	0.6453374	25.0	15200	4.0080137	0.14312205	5.412415	3.5491893	-4.049093	0.05503402	11403.245025157928
609	2.846505	0.0	2.846505	2.846505	25.0	15225	4.0098586	0.14944273	5.7406626	3.6247606	-4.0403523	0.049257547	11421.5345184803
610	1.4428054	0.0	1.4428054	1.4428054	25.0	15250	4.0063953	0.13696869	5.140072	3.684372	-4.040577	0.04919424	11441.380482435226
611	0.303071	0.0	0.303071	0.303071	25.0	15275	4.0126886	0.15943564	5.7204046	3.8240473	-4.051476	0.056389228	11459.667538881302
612	0.045568034	0.0	0.045568034	0.045568034	25.0	15300	4.0151887	0.16431303	5.5783143	3.689682	-4.0631595	0.051332206	11477.944686412811
613	0.15750909	0.0	0.15750909	0.15750909	25.0	15325	4.03132	0.15740637	5.835901	3.7357092	-4.065062	0.048065357	11496.172566652298
614	0.6982117	0.0	0.6982117	0.6982117	25.0	15350	4.0328455	0.16885582	6.2996335	3.7811306	-4.0692706	0.05315924	11514.295372009277
615	0.82299674	0.0	0.82299674	0.82299674	25.0	15375	4.0223494	0.14246324	5.066645	3.7608023	-4.0683694	0.047090873	11532.510396242142
616	0.11723371	0.0	0.11723371	0.11723371	25.0	15400	4.043814	0.15566078	5.3758636	3.706804	-4.07922	0.05073888	11550.744907617569
617	2.874395	0.0	2.874395	2.874395	25.0	15425	4.0393214	0.14882128	5.851383	3.8045416	-4.079198	0.04493631	11568.930584430695
618	5.201824	0.0	5.201824	5.201824	25.0	15450	4.0486903	0.15890151	6.180349	3.8257241	-4.09117	0.046655923	11587.327806472778
619	3.5402935	0.0	3.5402935	3.5402935	25.0	15475	4.046325	0.1454507	6.1346064	3.7345753	-4.077381	0.04707912	11606.086228132248
620	3.7104418	0.0	3.7104418	3.7104418	25.0	15500	4.064214	0.16602625	5.6557717	3.641913	-4.105528	0.042910248	11626.261058568954
621	2.774805	0.0	2.774805	2.774805	25.0	15525	4.0609345	0.14856212	6.2206535	3.748937	-4.1085334	0.05332327	11645.076304674149
622	0.913525	0.0	0.913525	0.913525	25.0	15550	4.067379	0.136883	5.457526	3.755347	-4.101335	0.04703736	11663.923540830612
623	0.12285543	0.0	0.12285543	0.12285543	25.0	15575	4.0738053	0.1721295	5.8606124	3.80399	-4.121014	0.04704189	11682.663735866547
624	0.8715433	0.0	0.8715433	0.8715433	25.0	15600	4.080144	0.14801118	5.424174	3.7845461	-4.117525	0.045359258	11701.541830539703
625	1.0416749	0.0	1.0416749	1.0416749	25.0	15625	4.08727	0.15307763	5.4457865	3.641201	-4.124223	0.044619475	11720.414464950562
626	0.9402227	0.0	0.9402227	0.9402227	25.0	15650	4.0928493	0.14602426	5.513025	3.7636876	-4.1346755	0.04808583	11739.211588382721
627	0.10815329	0.0	0.10815329	0.10815329	25.0	15675	4.091717	0.15318258	5.590185	3.7909327	-4.1277633	0.0451107	11757.951017856598
628	0.35185182	0.0	0.35185182	0.35185182	25.0	15700	4.097903	0.13387173	5.5295053	3.8244467	-4.1305265	0.039798692	11776.943286657333
629	0.5453129	0.0	0.5453129	0.5453129	25.0	15725	4.0989504	0.1374137	5.3427467	3.8012311	-4.129155	0.04298464	11795.700432777405
630	1.887999	0.0	1.887999	1.887999	25.0	15750	4.1164436	0.15595828	5.777664	3.734794	-4.147414	0.048061334	11815.847090482712
631	0.548921	0.0	0.548921	0.548921	25.0	15775	4.110712	0.16286881	5.610558	3.8471918	-4.1497393	0.041813035	11834.474210500717
632	3.2032726	0.0	3.2032726	3.2032726	25.0	15800	4.113285	0.12985422	5.148749	3.820325	-4.151094	0.041682806	11852.646509885788
633	0.72128665	0.0	0.72128665	0.72128665	25.0	15825	4.1227818	0.14533418	5.462336	3.8647544	-4.1551833	0.046096746	11870.763774871826
634	1.8890498	0.0	1.8890498	1.8890498	25.0	15850	4.1295185	0.15622263	6.3676367	3.8601472	-4.1722403	0.042787027	11888.853321790695
635	0.5138962	0.0	0.5138962	0.5138962	25.0	15875	4.121391	0.14896145	5.4728518	3.8651423	-4.1647396	0.04097509	11906.911125898361
636	0.49525887	0.0	0.49525887	0.49525887	25.0	15900	4.132782	0.14350544	5.7316294	3.9169428	-4.174066	0.0448182	11925.034019470215
637	0.57571846	0.0	0.57571846	0.57571846	25.0	15925	4.1509275	0.16389304	5.6559105	3.808927	-4.1844325	0.050736237	11943.18391251564
638	1.8337797	0.0	1.8337797	1.8337797	25.0	15950	4.1388745	0.17254527	5.608913	3.8315587	-4.176112	0.047653124	11961.336430311203
639	2.2018645	0.0	2.2018645	2.2018645	25.0	15975	4.1601906	0.16395539	6.225396	3.9194324	-4.199666	0.048215345	11979.541471719742
640	2.9234843	0.0	2.9234843	2.9234843	25.0	16000	4.1597176	0.14444084	5.643663	3.8987012	-4.2000804	0.046348497	11998.897923231125
641	1.6586896	0.0	1.6586896	1.6586896	25.0	16025	4.169008	0.16653681	5.747493	3.9045184	-4.20188	0.048613127	12017.133848905563
642	0.040317442	0.0	0.040317442	0.040317442	25.0	16050	4.156525	0.15685621	6.7813406	3.8877268	-4.1883235	0.04138495	12035.233519792557
643	0.4131871	0.0	0.4131871	0.4131871	25.0	16075	4.1702337	0.1332683	5.682932	3.797741	-4.2116237	0.046383053	12053.439582824707
644	1.972083	0.0	1.972083	1.972083	25.0	16100	4.172847	0.15129401	5.6776114	3.880589	-4.210822	0.045929894	12071.643748521805
645	0.2704203	0.0	0.2704203	0.2704203	25.0	16125	4.1813574	0.15617034	5.601614	3.985548	-4.2187653	0.047740653	12089.908179044724
646	1.2927405	0.0	1.2927405	1.2927405	25.0	16150	4.1960473	0.15507255	5.9804096	3.8637426	-4.239901	0.054090947	12108.084240436554
647	1.0119945	0.0	1.0119945	1.0119945	25.0	16175	4.181168	0.1399844	6.2352343	3.9418988	-4.2122393	0.039792594	12126.2944085598
648	0.82896703	0.0	0.82896703	0.82896703	25.0	16200	4.1991005	0.15258284	6.1169786	3.8585837	-4.235971	0.048146594	12144.509431362152
649	1.3814248	0.0	1.3814248	1.3814248	25.0	16225	4.203973	0.14037013	5.6113997	3.9348564	-4.2466655	0.050709557	12162.733590602875
650	3.3925738	0.0	3.3925738	3.3925738	25.0	16250	4.1986766	0.14473131	6.391838	3.975512	-4.2321644	0.047763344	12182.191224336624
651	1.2226669	0.0	1.2226669	1.2226669	25.0	16275	4.2120347	0.18215325	6.7329483	3.9779012	-4.237621	0.054460358	12200.34978055954
652	1.209484	0.0	1.209484	1.209484	25.0	16300	4.2062435	0.14648676	5.855896	3.8797493	-4.232724	0.04449153	12218.560620069504
653	0.099168226	0.0	0.099168226	0.099168226	25.0	16325	4.2148533	0.13480045	6.017175	3.984174	-4.259136	0.046193074	12236.717495918274
654	2.1823804	0.0	2.1823804	2.1823804	25.0	16350	4.2092934	0.15291418	6.63556	3.9252162	-4.2490005	0.041971236	12254.989836454391
655	4.0523295	0.0	4.0523295	4.0523295	25.0	16375	4.2273574	0.150888	5.482914	3.9704132	-4.269532	0.043113533	12273.2794008255
656	1.5459745	0.0	1.5459745	1.5459745	25.0	16400	4.223312	0.14582378	6.10211	3.9452083	-4.263464	0.04063408	12291.514585018158
657	0.20751172	0.0	0.20751172	0.20751172	25.0	16425	4.2403097	0.17464104	6.140698	4.014384	-4.276094	0.047482923	12309.729351043701
658	1.2944397	0.0	1.2944397	1.2944397	25.0	16450	4.240295	0.14947595	6.099503	3.9552546	-4.279267	0.045903563	12327.938353061676
659	1.0893419	0.0	1.0893419	1.0893419	25.0	16475	4.224745	0.13202877	5.2601767	3.7924516	-4.2749605	0.04208091	12346.066706895828
660	2.9370298	0.0	2.9370298	2.9370298	25.0	16500	4.2436676	0.14717273	6.3436165	3.8511465	-4.2844696	0.039835148	12366.349992275238
661	0.7063662	0.0	0.7063662	0.7063662	25.0	16525	4.2562118	0.13816254	5.4381685	3.8262677	-4.305564	0.04614294	12385.15434217453
662	0.24016573	0.0	0.24016573	0.24016573	25.0	16550	4.257984	0.1391261	5.8345737	4.017553	-4.301308	0.04607167	12404.098885297775
663	3.1212678	0.0	3.1212678	3.1212678	25.0	16575	4.2646832	0.1671592	5.971059	3.9855206	-4.3053584	0.04483155	12423.080441474915
664	3.1052775	0.0	3.1052775	3.1052775	25.0	16600	4.269366	0.14771283	5.238579	4.000062	-4.30105	0.052902356	12442.068162441254
665	1.0210382	0.0	1.0210382	1.0210382	25.0	16625	4.26987	0.15912567	5.6753454	3.9487982	-4.3114247	0.04923587	12461.006240606308
666	1.483444	0.0	1.483444	1.483444	25.0	16650	4.2792177	0.16656756	5.645713	3.9565449	-4.316612	0.047377158	12479.985879898071
667	1.0161849	0.0	1.0161849	1.0161849	25.0	16675	4.2761655	0.14621572	5.7610517	4.013916	-4.3126807	0.0421654	12498.783368110657
668	2.9138732	0.0	2.9138732	2.9138732	25.0	16700	4.2853637	0.16445537	5.638935	4.038334	-4.317315	0.047706775	12517.654315710068
669	0.742347	0.0	0.742347	0.742347	25.0	16725	4.2850327	0.16113871	5.6338115	3.9626393	-4.3303113	0.046469174	12536.588914632797
