Epoch	AverageEpRet	StdEpRet	MaxEpRet	MinEpRet	EpLen	TotalEnvInteracts	AverageQVals	StdQVals	MaxQVals	MinQVals	LossPi	LossQ	Time
1	0.21842322	0.0	0.21842322	0.21842322	25.0	25	0.0058385325	0.08215823	0.30952042	-0.40080875	-0.039673034	0.0062439335	22.04503297805786
2	0.0	0.0	0.0	0.0	25.0	50	0.0074494495	0.046925016	0.27320313	-0.15566987	-0.04660651	0.0018973968	42.32495355606079
3	0.27474347	0.0	0.27474347	0.27474347	25.0	75	0.014873904	0.04165482	0.19054267	-0.24129578	-0.0904942	0.0022092178	62.408414363861084
4	0.53698546	0.0	0.53698546	0.53698546	25.0	100	0.025366291	0.03925989	0.22814514	-0.1363029	-0.18407208	0.0016090114	82.63893032073975
5	0.5158894	0.0	0.5158894	0.5158894	25.0	125	0.034683056	0.054655194	0.27689126	-0.14822549	-0.09558319	0.0029648838	103.0548985004425
6	0.4903649	0.0	0.4903649	0.4903649	25.0	150	0.038168367	0.03609035	0.21111718	-0.05588771	-0.0941943	0.0012943309	123.3612015247345
7	0.06163275	0.0	0.06163275	0.06163275	25.0	175	0.044767752	0.03316821	0.23229636	-0.028931595	-0.11166293	0.0012026838	143.56152963638306
8	0.26203072	0.0	0.26203072	0.26203072	25.0	200	0.04614581	0.033125572	0.23191346	-0.035291944	-0.10218165	0.0013955669	163.81540894508362
9	0.56083953	0.0	0.56083953	0.56083953	25.0	225	0.05045845	0.024267452	0.22033246	0.0013641855	-0.0870476	0.0015361875	184.06640028953552
10	0.031264592	0.0	0.031264592	0.031264592	25.0	250	0.058293782	0.026808858	0.24047135	0.0063214498	-0.075655214	0.00096160255	205.1426064968109
11	0.12180024	0.0	0.12180024	0.12180024	25.0	275	0.0685709	0.02530416	0.24833132	0.013580759	-0.11344427	0.000973743	225.34212136268616
12	0.0	0.0	0.0	0.0	25.0	300	0.07862665	0.026352758	0.26527005	0.021701321	-0.10309074	0.001153256	245.61619329452515
13	0.33971134	0.0	0.33971134	0.33971134	25.0	325	0.08803797	0.022319933	0.281178	0.041117117	-0.10077169	0.0010256898	265.8290092945099
14	0.31343338	0.0	0.31343338	0.31343338	25.0	350	0.09464342	0.021679908	0.28564927	0.047181576	-0.15784082	0.00084806693	286.12148427963257
15	0.21727687	0.0	0.21727687	0.21727687	25.0	375	0.10756268	0.025318613	0.29796427	0.04945283	-0.16282025	0.0011814818	306.3856375217438
16	0.3542395	0.0	0.3542395	0.3542395	25.0	400	0.11754531	0.023383996	0.30757248	0.059060257	-0.15031803	0.0012063029	326.68563508987427
17	0.20440839	0.0	0.20440839	0.20440839	25.0	425	0.12580131	0.022622894	0.3184782	0.076502055	-0.15897427	0.0013182593	346.95616030693054
18	0.3519226	0.0	0.3519226	0.3519226	25.0	450	0.13235578	0.019832145	0.32589743	0.08509353	-0.14789768	0.0010378102	367.29397082328796
19	0.08495733	0.0	0.08495733	0.08495733	25.0	475	0.14373675	0.02109046	0.32585835	0.09888826	-0.16474633	0.0012268606	387.70031332969666
20	0.99613625	0.0	0.99613625	0.99613625	25.0	500	0.14853182	0.021081286	0.33682442	0.093590304	-0.19660985	0.001315729	408.6932158470154
21	0.80553454	0.0	0.80553454	0.80553454	25.0	525	0.15397744	0.020313552	0.33749416	0.10472786	-0.19785042	0.0014901687	429.19462037086487
22	0.28601393	0.0	0.28601393	0.28601393	25.0	550	0.1579236	0.01825454	0.34954873	0.11658428	-0.1892034	0.0010704757	449.60312366485596
23	0.7011746	0.0	0.7011746	0.7011746	25.0	575	0.16647364	0.025283441	0.35313866	0.110906996	-0.19769596	0.0019244677	469.9290337562561
24	0.33505282	0.0	0.33505282	0.33505282	25.0	600	0.17032956	0.02375694	0.35543132	0.10517369	-0.19451495	0.001543026	490.2751030921936
25	0.41423836	0.0	0.41423836	0.41423836	25.0	625	0.17790759	0.018941335	0.36675742	0.13298082	-0.20488107	0.0017374957	510.7486057281494
26	0.055783562	0.0	0.055783562	0.055783562	25.0	650	0.18186386	0.020605832	0.3807976	0.13358204	-0.20307171	0.0014327088	531.096718788147
27	0.32115978	0.0	0.32115978	0.32115978	25.0	675	0.18875183	0.02079942	0.37640896	0.14410685	-0.20495251	0.0015230998	551.5602543354034
28	0.005818265	0.0	0.005818265	0.005818265	25.0	700	0.19605473	0.026795626	0.3909526	0.14125285	-0.2128817	0.002111462	571.9864149093628
29	0.08746982	0.0	0.08746982	0.08746982	25.0	725	0.19713502	0.021011028	0.3952861	0.15468886	-0.21485533	0.0012927623	592.4190576076508
30	0.66978735	0.0	0.66978735	0.66978735	25.0	750	0.2046201	0.017690016	0.39774612	0.16036074	-0.23070519	0.0015119353	613.7123551368713
31	0.1534041	0.0	0.1534041	0.1534041	25.0	775	0.20633106	0.020597136	0.40569752	0.16559161	-0.23671152	0.0014958517	634.1929066181183
32	0.22379169	0.0	0.22379169	0.22379169	25.0	800	0.21183605	0.018400993	0.40565687	0.15629938	-0.23667054	0.001457099	654.6067888736725
33	0.0	0.0	0.0	0.0	25.0	825	0.21379006	0.018752547	0.39894542	0.17179619	-0.23361006	0.0013419976	674.9924416542053
34	0.2713879	0.0	0.2713879	0.2713879	25.0	850	0.21863109	0.0227303	0.41394693	0.17267528	-0.23766373	0.0016492909	695.3954386711121
35	0.61567855	0.0	0.61567855	0.61567855	25.0	875	0.22588764	0.024466611	0.42249107	0.17997564	-0.25091195	0.0017653013	715.8462419509888
36	0.12804385	0.0	0.12804385	0.12804385	25.0	900	0.22814997	0.019284155	0.43129408	0.18178475	-0.2538232	0.0014131691	736.251312494278
37	0.579177	0.0	0.579177	0.579177	25.0	925	0.23427151	0.022646192	0.44563144	0.1794637	-0.26049533	0.0018050579	756.6196365356445
38	0.36547068	0.0	0.36547068	0.36547068	25.0	950	0.23969753	0.020452723	0.44864106	0.19698592	-0.26947373	0.0019715212	777.044228553772
39	0.3554082	0.0	0.3554082	0.3554082	25.0	975	0.24634834	0.019181186	0.4306814	0.20194355	-0.27681237	0.0022108234	797.483392238617
40	0.0	0.0	0.0	0.0	25.0	1000	0.25072724	0.02169203	0.4572206	0.2072599	-0.2735255	0.0019319308	818.7367157936096
41	0.22938953	0.0	0.22938953	0.22938953	25.0	1025	0.25235832	0.019399041	0.4599378	0.14327346	-0.2698326	0.001611428	839.2524538040161
42	0.07840519	0.0	0.07840519	0.07840519	25.0	1050	0.25523105	0.021537712	0.43299574	0.17882073	-0.27462158	0.0016173396	859.7868056297302
43	0.0	0.0	0.0	0.0	25.0	1075	0.25799426	0.022614263	0.46715736	0.21450755	-0.27597594	0.0013740287	880.1636443138123
44	0.19530563	0.0	0.19530563	0.19530563	25.0	1100	0.26026407	0.018910864	0.45484358	0.16778947	-0.27540457	0.001599494	900.645565032959
45	0.30634174	0.0	0.30634174	0.30634174	25.0	1125	0.26550773	0.023126392	0.47990125	0.21707276	-0.27674365	0.0017117766	921.0812194347382
46	0.37855974	0.0	0.37855974	0.37855974	25.0	1150	0.26721305	0.020718759	0.47507066	0.2126575	-0.27397373	0.0019313521	941.63134932518
47	0.38978925	0.0	0.38978925	0.38978925	25.0	1175	0.2709565	0.024267899	0.46610016	0.22242224	-0.28546977	0.0020496966	962.070408821106
48	0.49343815	0.0	0.49343815	0.49343815	25.0	1200	0.273066	0.020879965	0.48552015	0.21966462	-0.2926026	0.0023630701	982.6188442707062
49	0.38327393	0.0	0.38327393	0.38327393	25.0	1225	0.27511752	0.022863891	0.49052343	0.22274669	-0.2996444	0.002179915	1003.1212718486786
50	0.24442601	0.0	0.24442601	0.24442601	25.0	1250	0.2779206	0.022122012	0.4890505	0.23459876	-0.2922372	0.001896656	1024.5393352508545
51	1.8452022	0.0	1.8452022	1.8452022	25.0	1275	0.28260395	0.02416909	0.49883333	0.24029048	-0.31380856	0.002272685	1045.0263414382935
52	0.4383277	0.0	0.4383277	0.4383277	25.0	1300	0.2857817	0.02265003	0.500561	0.24065849	-0.32556954	0.0025092058	1065.5716800689697
53	0.23265676	0.0	0.23265676	0.23265676	25.0	1325	0.29106295	0.023982355	0.4874848	0.2457889	-0.33147046	0.0023610543	1086.0934188365936
54	0.23828666	0.0	0.23828666	0.23828666	25.0	1350	0.29472905	0.02474659	0.5194328	0.24028173	-0.32261622	0.002228453	1106.7255272865295
55	0.52805614	0.0	0.52805614	0.52805614	25.0	1375	0.30227992	0.024280878	0.51483923	0.25233167	-0.3305899	0.0028037883	1127.2193026542664
56	1.3026956	0.0	1.3026956	1.3026956	25.0	1400	0.3049577	0.021813208	0.45260176	0.21832341	-0.32550937	0.0023064537	1147.6474432945251
57	0.32231015	0.0	0.32231015	0.32231015	25.0	1425	0.31110686	0.025910145	0.5292691	0.2611714	-0.3335251	0.0025466254	1168.236018896103
58	0.29684293	0.0	0.29684293	0.29684293	25.0	1450	0.31493318	0.030413482	0.5399491	0.24411379	-0.34300518	0.0025722503	1188.6656682491302
59	0.09426617	0.0	0.09426617	0.09426617	25.0	1475	0.3203517	0.024013627	0.54018146	0.27256453	-0.3511801	0.0028501237	1209.1932225227356
60	0.25269666	0.0	0.25269666	0.25269666	25.0	1500	0.32444328	0.022584338	0.5337606	0.28044906	-0.35003635	0.0024927368	1230.6328687667847
61	0.31043866	0.0	0.31043866	0.31043866	25.0	1525	0.33245942	0.025352601	0.5482975	0.28039497	-0.3609712	0.0026787212	1250.9534919261932
62	1.542792	0.0	1.542792	1.542792	25.0	1550	0.33492714	0.024683151	0.55312425	0.2769313	-0.3662558	0.0029053744	1271.4523401260376
63	0.005209752	0.0	0.005209752	0.005209752	25.0	1575	0.34211746	0.026113369	0.5707196	0.28586578	-0.41291228	0.002831514	1291.89697599411
64	0.04669876	0.0	0.04669876	0.04669876	25.0	1600	0.34383327	0.028169353	0.5522457	0.26420397	-0.47162127	0.0028752813	1312.2756621837616
65	0.0	0.0	0.0	0.0	25.0	1625	0.32465392	0.028653715	0.5385611	0.20502867	-0.33053777	0.002336989	1332.7410640716553
66	0.28375348	0.0	0.28375348	0.28375348	25.0	1650	0.30069596	0.025513768	0.5100016	0.23817421	-0.30496994	0.0028247384	1353.1926379203796
67	0.5307459	0.0	0.5307459	0.5307459	25.0	1675	0.29939744	0.02483765	0.49880472	0.2337099	-0.34300387	0.0023445026	1373.6863780021667
68	0.41287032	0.0	0.41287032	0.41287032	25.0	1700	0.3247178	0.025530301	0.49871677	0.26354605	-0.34405842	0.0019033813	1394.233304977417
69	0.32473406	0.0	0.32473406	0.32473406	25.0	1725	0.37645805	0.03129684	0.5867066	0.30011812	-0.39982265	0.00234727	1414.704196691513
70	0.088338785	0.0	0.088338785	0.088338785	25.0	1750	0.4165964	0.023540307	0.59148264	0.29213908	-0.41758063	0.002551296	1436.5709655284882
71	0.5905034	0.0	0.5905034	0.5905034	25.0	1775	0.43287307	0.026536452	0.61211836	0.31891724	-0.43956956	0.0023140018	1457.0394837856293
72	0.925412	0.0	0.925412	0.925412	25.0	1800	0.44072056	0.026899751	0.63124526	0.3556533	-0.45118853	0.0025878216	1477.7278685569763
73	0.4282777	0.0	0.4282777	0.4282777	25.0	1825	0.4445442	0.024694985	0.6223936	0.35952008	-0.45511192	0.0020602534	1498.4175419807434
74	0.0	0.0	0.0	0.0	25.0	1850	0.44241723	0.02989986	0.6223042	0.365854	-0.47941238	0.0024392365	1518.8667016029358
75	0.6017574	0.0	0.6017574	0.6017574	25.0	1875	0.4413745	0.023639895	0.63056004	0.36391646	-0.46395236	0.0022258004	1539.445477962494
76	0.19487225	0.0	0.19487225	0.19487225	25.0	1900	0.44506088	0.028072914	0.63625854	0.3236673	-0.45879743	0.002383515	1559.9295387268066
77	0.0	0.0	0.0	0.0	25.0	1925	0.44074315	0.0234465	0.625357	0.3360162	-0.4360807	0.0022317285	1580.4258451461792
78	0.59703237	0.0	0.59703237	0.59703237	25.0	1950	0.44389156	0.029815588	0.6320328	0.2828276	-0.45266464	0.0032561067	1601.009952545166
79	0.1383283	0.0	0.1383283	0.1383283	25.0	1975	0.44823787	0.023977906	0.6303363	0.37976617	-0.45919418	0.0030752334	1621.5417203903198
80	0.1999963	0.0	0.1999963	0.1999963	25.0	2000	0.45297706	0.026695533	0.6501453	0.37257817	-0.46994704	0.0027996271	1643.0470185279846
81	0.87583894	0.0	0.87583894	0.87583894	25.0	2025	0.46184227	0.03310024	0.6588888	0.379632	-0.49257103	0.0029036016	1663.7814042568207
82	0.16371949	0.0	0.16371949	0.16371949	25.0	2050	0.48363003	0.027514461	0.6730209	0.41670418	-0.5329755	0.0024878986	1684.3925683498383
83	0.25435403	0.0	0.25435403	0.25435403	25.0	2075	0.49852395	0.02557232	0.69394624	0.43233106	-0.5232165	0.003004713	1705.3108043670654
84	0.18318076	0.0	0.18318076	0.18318076	25.0	2100	0.49784943	0.023671197	0.6906622	0.43081415	-0.5287448	0.002223871	1725.8559293746948
85	0.0	0.0	0.0	0.0	25.0	2125	0.5020469	0.025439674	0.6888276	0.4331041	-0.50647086	0.0022170532	1746.2187223434448
86	0.30807108	0.0	0.30807108	0.30807108	25.0	2150	0.51391846	0.025740977	0.6972806	0.45053956	-0.5215835	0.0026449554	1766.7212226390839
87	0.22582142	0.0	0.22582142	0.22582142	25.0	2175	0.5147368	0.024549028	0.710058	0.44039744	-0.79053414	0.0023530764	1787.2019500732422
88	0.7678619	0.0	0.7678619	0.7678619	25.0	2200	0.51174825	0.02834321	0.93293685	0.41659102	-0.62646043	0.0027209744	1807.8016510009766
89	0.0	0.0	0.0	0.0	25.0	2225	0.51511633	0.030969806	0.6951947	0.4180167	-0.55846304	0.0026281527	1828.3641610145569
90	0.15698326	0.0	0.15698326	0.15698326	25.0	2250	0.5165301	0.03101416	0.71125364	0.44014218	-0.61525935	0.004087107	1850.1653461456299
91	0.24887721	0.0	0.24887721	0.24887721	25.0	2275	0.5319581	0.030231027	0.7247999	0.44880912	-0.5761552	0.0029072922	1870.8039073944092
92	0.2772725	0.0	0.2772725	0.2772725	25.0	2300	0.56269014	0.033243306	0.81031805	0.47635323	-0.5792576	0.0032397893	1891.3744404315948
93	0.0	0.0	0.0	0.0	25.0	2325	0.5837896	0.028052142	0.77302206	0.48481512	-0.64471686	0.0032100815	1911.9570133686066
94	0.544963	0.0	0.544963	0.544963	25.0	2350	0.59686583	0.030566784	0.8332555	0.48826754	-0.6430795	0.002718211	1932.7136859893799
95	0.34377787	0.0	0.34377787	0.34377787	25.0	2375	0.6167617	0.025300168	0.8459432	0.52325404	-0.63454473	0.0028885484	1953.2555446624756
96	0.13887314	0.0	0.13887314	0.13887314	25.0	2400	0.6456871	0.027250668	0.8181209	0.5513209	-0.65593916	0.0029919066	1973.7527978420258
97	0.79419315	0.0	0.79419315	0.79419315	25.0	2425	0.67408526	0.027726904	0.89108974	0.5944382	-0.691278	0.0026684746	1994.4603707790375
98	1.1487288	0.0	1.1487288	1.1487288	25.0	2450	0.6940393	0.027517421	0.90483147	0.60534453	-0.7117574	0.0025671092	2015.1121842861176
99	0.0	0.0	0.0	0.0	25.0	2475	0.70241547	0.026390051	0.90917283	0.6346787	-0.72398233	0.0023905393	2035.6332387924194
100	0.12478105	0.0	0.12478105	0.12478105	25.0	2500	0.7166679	0.030212497	0.89871895	0.61045825	-0.7457991	0.0025251368	2057.210497379303
101	0.05631132	0.0	0.05631132	0.05631132	25.0	2525	0.72959024	0.027025606	0.89442885	0.6533116	-0.75007457	0.0024498142	2078.1206250190735
102	0.10432398	0.0	0.10432398	0.10432398	25.0	2550	0.7382349	0.024043877	0.90022326	0.62810415	-0.75112826	0.003113075	2098.7025768756866
103	0.324302	0.0	0.324302	0.324302	25.0	2575	0.7385053	0.029548964	0.88901746	0.5777707	-0.7479273	0.0032468492	2119.910348892212
104	0.3183202	0.0	0.3183202	0.3183202	25.0	2600	0.7377505	0.026583556	0.9687632	0.6644095	-0.75905913	0.0024633543	2140.437463283539
105	0.35624775	0.0	0.35624775	0.35624775	25.0	2625	0.74074537	0.024404641	0.92577255	0.681691	-0.75803787	0.0026881343	2160.973781824112
106	0.2364629	0.0	0.2364629	0.2364629	25.0	2650	0.73991776	0.023788529	0.98109806	0.6730958	-0.7582558	0.0027017756	2181.4816312789917
107	0.0	0.0	0.0	0.0	25.0	2675	0.7416646	0.02536273	0.96735173	0.6787776	-0.7590055	0.0021588316	2202.0269129276276
108	0.13070795	0.0	0.13070795	0.13070795	25.0	2700	0.744848	0.022754762	0.9686247	0.66914475	-0.7550593	0.003081227	2222.568879842758
109	0.2237512	0.0	0.2237512	0.2237512	25.0	2725	0.74512297	0.024318647	1.0052199	0.6628614	-0.7554484	0.0021471619	2243.133323431015
110	0.4114223	0.0	0.4114223	0.4114223	25.0	2750	0.74914545	0.023522206	0.9843514	0.674404	-0.7663539	0.0023953272	2264.865723133087
111	0.5392251	0.0	0.5392251	0.5392251	25.0	2775	0.750748	0.024479909	0.94192606	0.6907687	-0.75826395	0.0023103508	2285.371236562729
112	0.96599793	0.0	0.96599793	0.96599793	25.0	2800	0.75126237	0.026118603	0.94026977	0.68342316	-0.7663779	0.0029079714	2305.9838795661926
113	0.07775819	0.0	0.07775819	0.07775819	25.0	2825	0.7532501	0.026398454	0.960884	0.6897934	-0.760944	0.0026354638	2326.483739376068
114	0.30389348	0.0	0.30389348	0.30389348	25.0	2850	0.75604904	0.023316285	0.95603323	0.6786053	-0.7700081	0.002950024	2347.0395419597626
115	0.12554072	0.0	0.12554072	0.12554072	25.0	2875	0.76268584	0.028939875	0.967202	0.67207915	-0.776034	0.0030976972	2367.5607492923737
116	0.8759365	0.0	0.8759365	0.8759365	25.0	2900	0.75701356	0.029367574	0.9391546	0.67930216	-0.76961255	0.003366269	2388.1550068855286
117	0.12126847	0.0	0.12126847	0.12126847	25.0	2925	0.7641064	0.028287582	0.9999037	0.69329137	-0.7838844	0.0030911139	2408.70676279068
118	0.16476311	0.0	0.16476311	0.16476311	25.0	2950	0.76507646	0.02883836	0.9855932	0.6971749	-0.77615786	0.0028642428	2429.29638171196
119	0.4716151	0.0	0.4716151	0.4716151	25.0	2975	0.768638	0.027001556	0.98270863	0.7022244	-0.77565485	0.002823444	2449.794280529022
120	0.332005	0.0	0.332005	0.332005	25.0	3000	0.76913744	0.025954526	0.99831206	0.6981453	-0.8542608	0.0033006566	2471.4629595279694
121	0.2750708	0.0	0.2750708	0.2750708	25.0	3025	0.77267015	0.028323883	0.99500954	0.64984685	-0.82199687	0.0029018885	2491.973427772522
122	0.0	0.0	0.0	0.0	25.0	3050	0.77545226	0.022603696	0.9378246	0.7063462	-0.780889	0.0026357705	2512.6998295783997
123	0.3083932	0.0	0.3083932	0.3083932	25.0	3075	0.7868796	0.028847728	0.9852335	0.71434206	-0.7993602	0.0036181316	2533.350586414337
124	0.5239656	0.0	0.5239656	0.5239656	25.0	3100	0.8079196	0.03316454	0.99301255	0.70559716	-0.83617574	0.003534054	2553.987720966339
125	0.012033634	0.0	0.012033634	0.012033634	25.0	3125	0.841631	0.032114614	1.025892	0.7399897	-0.86316764	0.0026466763	2574.578109025955
126	0.09411843	0.0	0.09411843	0.09411843	25.0	3150	0.8948106	0.034013085	1.1134142	0.64819	-0.910462	0.0036078529	2595.3803849220276
127	0.525815	0.0	0.525815	0.525815	25.0	3175	0.9162995	0.030124161	1.1097231	0.8282784	-0.9739391	0.0029198932	2616.0865075588226
128	0.526163	0.0	0.526163	0.526163	25.0	3200	0.91633254	0.028648226	1.1259004	0.8196083	-0.97063345	0.0036826867	2636.749668598175
129	0.93995446	0.0	0.93995446	0.93995446	25.0	3225	0.91316366	0.028012916	1.1317124	0.8268667	-1.0137508	0.0038902229	2657.3189957141876
130	0.60087806	0.0	0.60087806	0.60087806	25.0	3250	0.91397077	0.030930664	1.1737587	0.8293109	-0.99913955	0.0037191424	2679.2641916275024
131	0.47322097	0.0	0.47322097	0.47322097	25.0	3275	0.91232866	0.033858787	1.1886854	0.81799054	-0.9544448	0.0036560115	2699.9359312057495
132	0.05330199	0.0	0.05330199	0.05330199	25.0	3300	0.9131955	0.025969692	1.1554472	0.81920874	-0.9391101	0.0032308367	2720.475001811981
133	0.09227101	0.0	0.09227101	0.09227101	25.0	3325	0.9276125	0.028602486	1.1114805	0.8428021	-0.9623266	0.003328647	2741.067400455475
134	1.0206362	0.0	1.0206362	1.0206362	25.0	3350	0.9622132	0.028090658	1.2045547	0.8879309	-1.0349573	0.003109006	2761.750444173813
135	0.13220544	0.0	0.13220544	0.13220544	25.0	3375	0.9806421	0.026932698	1.2357155	0.8976858	-1.0092293	0.0024128354	2782.319181203842
136	0.0	0.0	0.0	0.0	25.0	3400	0.98871744	0.029549386	1.241237	0.91313404	-1.034221	0.0029288789	2802.981701374054
137	1.0043364	0.0	1.0043364	1.0043364	25.0	3425	0.99562955	0.028402075	1.2534647	0.9012781	-1.023625	0.0028473649	2823.613349676132
138	0.19688302	0.0	0.19688302	0.19688302	25.0	3450	1.0010972	0.027069462	1.2576646	0.904864	-1.028263	0.0026403272	2844.167987346649
139	0.062101565	0.0	0.062101565	0.062101565	25.0	3475	1.0090603	0.025590004	1.2324929	0.8476084	-1.0281957	0.0030059367	2864.732509613037
140	0.16498877	0.0	0.16498877	0.16498877	25.0	3500	1.011703	0.025169896	1.2139627	0.9438523	-1.0307775	0.002539439	2886.6893088817596
141	0.33879834	0.0	0.33879834	0.33879834	25.0	3525	1.0084867	0.027851615	1.2705677	0.9262694	-1.0314319	0.0030151715	2907.3187522888184
142	0.1852591	0.0	0.1852591	0.1852591	25.0	3550	1.0037428	0.031671345	1.2621169	0.91569734	-1.0219514	0.0031330436	2927.9219419956207
143	0.10515634	0.0	0.10515634	0.10515634	25.0	3575	1.0034579	0.027634041	1.2612973	0.9234369	-1.0254159	0.003224017	2948.4736411571503
144	0.053015955	0.0	0.053015955	0.053015955	25.0	3600	1.0012685	0.026191523	1.2156578	0.9075589	-1.0143445	0.0035470594	2969.1454889774323
145	0.0	0.0	0.0	0.0	25.0	3625	1.007613	0.027480643	1.2771772	0.8298956	-1.028483	0.0034489513	2989.6986105442047
146	0.4084325	0.0	0.4084325	0.4084325	25.0	3650	1.0068588	0.028938089	1.2891903	0.9387471	-1.0232592	0.0028856536	3010.3422853946686
147	0.06799583	0.0	0.06799583	0.06799583	25.0	3675	1.0087211	0.030791547	1.222037	0.9122691	-1.0233216	0.0037812667	3030.87247467041
148	0.018912498	0.0	0.018912498	0.018912498	25.0	3700	1.018605	0.027964918	1.2154859	0.9471333	-1.0609039	0.003455131	3051.4481077194214
149	0.5573066	0.0	0.5573066	0.5573066	25.0	3725	1.0226346	0.026539484	1.2447836	0.9373515	-1.0648197	0.002764123	3072.0852530002594
150	1.074114	0.0	1.074114	1.074114	25.0	3750	1.0298219	0.028443731	1.3771594	0.95591795	-1.0764856	0.0033534658	3094.118920326233
151	0.25598294	0.0	0.25598294	0.25598294	25.0	3775	1.0338683	0.02909336	1.2983317	0.9467333	-1.0623217	0.002974804	3114.7948782444
152	0.1372344	0.0	0.1372344	0.1372344	25.0	3800	1.0384237	0.02591607	1.3624377	0.97430074	-1.0666012	0.0026036862	3135.321160554886
153	0.0	0.0	0.0	0.0	25.0	3825	1.0461544	0.02355568	1.2874049	0.98566765	-1.0740919	0.0029154143	3155.954555749893
154	0.17914748	0.0	0.17914748	0.17914748	25.0	3850	1.0482206	0.026961938	1.3472524	0.7920809	-1.0798742	0.002365199	3176.5003187656403
155	0.564772	0.0	0.564772	0.564772	25.0	3875	1.0527786	0.028617421	1.3845904	0.9940838	-1.0734401	0.003095014	3197.124762058258
156	0.18322547	0.0	0.18322547	0.18322547	25.0	3900	1.0512604	0.024382891	1.322241	0.9871659	-1.0724719	0.0026756134	3217.805017232895
157	0.60193974	0.0	0.60193974	0.60193974	25.0	3925	1.0547916	0.025996411	1.264869	0.9850502	-1.0779643	0.003020344	3241.29669046402
158	0.22643965	0.0	0.22643965	0.22643965	25.0	3950	1.0557019	0.025979957	1.3529269	0.98833895	-1.0826477	0.0025858218	3261.784966468811
159	0.25343993	0.0	0.25343993	0.25343993	25.0	3975	1.0655876	0.03279496	1.3311062	0.9800918	-1.0925314	0.004712784	3282.387806415558
160	0.27878463	0.0	0.27878463	0.27878463	25.0	4000	1.0652287	0.031301916	1.3977566	0.9848591	-1.0891037	0.0035313526	3304.420711040497
161	0.017254498	0.0	0.017254498	0.017254498	25.0	4025	1.0656099	0.025582874	1.2517967	0.9877691	-1.0833101	0.0023639556	3325.2155814170837
162	0.0	0.0	0.0	0.0	25.0	4050	1.0714782	0.030514251	1.3734317	0.9931098	-1.0948268	0.0032657546	3345.795759677887
163	0.21317579	0.0	0.21317579	0.21317579	25.0	4075	1.0720744	0.024023946	1.308492	0.9955065	-1.1234859	0.003810168	3366.404492855072
164	0.36099467	0.0	0.36099467	0.36099467	25.0	4100	1.0799208	0.02832961	1.3599882	1.011512	-1.1010514	0.0038327128	3387.021335363388
165	0.4554286	0.0	0.4554286	0.4554286	25.0	4125	1.0826515	0.029573344	1.3720636	1.0197425	-1.1271347	0.00296555	3408.1907892227173
166	0.25934178	0.0	0.25934178	0.25934178	25.0	4150	1.0889235	0.031088987	1.472834	0.98346674	-1.1184999	0.0034414644	3428.7782912254333
167	0.014554989	0.0	0.014554989	0.014554989	25.0	4175	1.0960343	0.026965786	1.3314137	1.0270904	-1.1319448	0.002814977	3449.4742510318756
168	0.20305707	0.0	0.20305707	0.20305707	25.0	4200	1.1071907	0.033333197	1.485738	1.0309206	-1.1456723	0.0032812143	3470.206116437912
169	0.03464233	0.0	0.03464233	0.03464233	25.0	4225	1.1114849	0.029231349	1.488121	1.036842	-1.1349324	0.0036717346	3490.9635770320892
170	0.22010747	0.0	0.22010747	0.22010747	25.0	4250	1.1136864	0.033273816	1.3892883	1.0317738	-1.1355509	0.0029427253	3513.14063000679
171	1.166397	0.0	1.166397	1.166397	25.0	4275	1.1232585	0.029942317	1.3570385	0.9957111	-1.1504173	0.0033786038	3533.986327648163
172	0.17185286	0.0	0.17185286	0.17185286	25.0	4300	1.1236488	0.027142711	1.4212352	1.0542543	-1.1624	0.0031796298	3554.598717689514
173	0.60317326	0.0	0.60317326	0.60317326	25.0	4325	1.1274673	0.025921762	1.36576	1.0246089	-1.1777934	0.003274436	3575.2828211784363
174	0.20029002	0.0	0.20029002	0.20029002	25.0	4350	1.1301483	0.026125247	1.5004182	1.0443515	-1.1729602	0.0023797897	3595.9189727306366
175	0.6552081	0.0	0.6552081	0.6552081	25.0	4375	1.1411842	0.026904026	1.467116	1.0517173	-1.1769756	0.002771071	3616.541767835617
176	0.8080443	0.0	0.8080443	0.8080443	25.0	4400	1.1470122	0.03039442	1.4709955	1.0768082	-1.1911571	0.0033880954	3637.1036071777344
177	0.6312699	0.0	0.6312699	0.6312699	25.0	4425	1.1523365	0.031833746	1.5305545	1.0803643	-1.2007861	0.003091971	3657.6655797958374
178	0.65399003	0.0	0.65399003	0.65399003	25.0	4450	1.1582856	0.029914139	1.5464933	1.0890561	-1.1950865	0.0027684302	3678.18231344223
179	1.2308375	0.0	1.2308375	1.2308375	25.0	4475	1.1649498	0.027125034	1.5169148	1.1094195	-1.1998589	0.0035579617	3698.6600971221924
180	0.24117985	0.0	0.24117985	0.24117985	25.0	4500	1.166016	0.027911667	1.4329842	1.0865524	-1.2056412	0.0027206817	3720.799815416336
181	0.36882585	0.0	0.36882585	0.36882585	25.0	4525	1.1710123	0.028281623	1.498417	1.0838069	-1.2307488	0.003948944	3741.430081129074
182	0.29067457	0.0	0.29067457	0.29067457	25.0	4550	1.1772324	0.02738408	1.4000874	1.0837253	-1.2785798	0.0036096382	3761.936308860779
183	0.8308337	0.0	0.8308337	0.8308337	25.0	4575	1.1800199	0.027381642	1.5053775	0.99860966	-1.222995	0.003223848	3782.482266664505
184	1.071476	0.0	1.071476	1.071476	25.0	4600	1.185093	0.028053548	1.4322195	1.110319	-1.2143643	0.002797523	3802.9948205947876
185	0.040050976	0.0	0.040050976	0.040050976	25.0	4625	1.1882546	0.02568837	1.5641018	1.1094829	-1.2009673	0.003644308	3823.637850522995
186	0.4828375	0.0	0.4828375	0.4828375	25.0	4650	1.1827388	0.032190595	1.5641927	1.068326	-1.2109659	0.0020672437	3844.301250219345
187	0.22277382	0.0	0.22277382	0.22277382	25.0	4675	1.1858838	0.02981389	1.5022779	1.0926195	-1.2132884	0.0029042405	3864.8937623500824
188	1.4152104	0.0	1.4152104	1.4152104	25.0	4700	1.1977985	0.030325707	1.5184113	1.1186302	-1.2176201	0.0032759416	3885.6614458560944
189	0.67382765	0.0	0.67382765	0.67382765	25.0	4725	1.216432	0.027194344	1.449958	1.129015	-1.2382065	0.004146134	3906.389642715454
190	0.34470028	0.0	0.34470028	0.34470028	25.0	4750	1.2243048	0.029217895	1.5110991	1.0947908	-1.2621351	0.0039051163	3928.5286540985107
191	0.7979782	0.0	0.7979782	0.7979782	25.0	4775	1.2313819	0.029258827	1.4567541	1.1451566	-1.2753384	0.0030250745	3949.11861038208
192	0.0	0.0	0.0	0.0	25.0	4800	1.2350585	0.030251514	1.4663925	1.1281383	-1.2617707	0.0034792451	3969.645332098007
193	0.17043582	0.0	0.17043582	0.17043582	25.0	4825	1.2388991	0.03250071	1.6166321	1.159043	-1.2616624	0.0036278793	3990.1895253658295
194	0.5521803	0.0	0.5521803	0.5521803	25.0	4850	1.2439281	0.032587703	1.6364467	1.1186973	-1.2799938	0.0033426536	4010.9377551078796
195	0.35640556	0.0	0.35640556	0.35640556	25.0	4875	1.246109	0.031034157	1.5248802	1.1247857	-1.2769651	0.003918576	4031.546126842499
196	0.0033555343	0.0	0.0033555343	0.0033555343	25.0	4900	1.2484803	0.029341795	1.4921163	1.1540205	-1.2663693	0.0037473172	4052.0775377750397
197	0.14222899	0.0	0.14222899	0.14222899	25.0	4925	1.2513446	0.031409543	1.6427499	1.164638	-1.2680466	0.0041486807	4072.6422352790833
198	0.23293771	0.0	0.23293771	0.23293771	25.0	4950	1.2493101	0.034364384	1.6724048	1.169793	-1.276285	0.0048061814	4093.2475068569183
199	0.50855505	0.0	0.50855505	0.50855505	25.0	4975	1.2449085	0.025404869	1.4894989	1.1665298	-1.2680911	0.0026694783	4113.8834836483
200	0.54631776	0.0	0.54631776	0.54631776	25.0	5000	1.2486734	0.025793727	1.5200744	1.1646123	-1.269422	0.0043459386	4136.388105630875
201	0.09964246	0.0	0.09964246	0.09964246	25.0	5025	1.2478387	0.025575297	1.4846988	1.134571	-1.2641803	0.0029346622	4156.951838493347
202	1.4039551	0.0	1.4039551	1.4039551	25.0	5050	1.2488015	0.028791549	1.4523183	1.1305668	-1.271952	0.0035757686	4177.59703207016
203	0.3511521	0.0	0.3511521	0.3511521	25.0	5075	1.2526151	0.031847447	1.650094	1.1392016	-1.2547271	0.004159298	4198.186120271683
204	0.12724784	0.0	0.12724784	0.12724784	25.0	5100	1.24891	0.029586766	1.6639459	1.1661905	-1.2637966	0.003207094	4218.779060602188
205	0.5959029	0.0	0.5959029	0.5959029	25.0	5125	1.255425	0.027625762	1.434086	1.1731423	-1.2800431	0.004355187	4239.381571054459
206	0.68954456	0.0	0.68954456	0.68954456	25.0	5150	1.2543057	0.029794257	1.548057	1.1496712	-1.2766829	0.0031670395	4259.8864414691925
207	0.08296134	0.0	0.08296134	0.08296134	25.0	5175	1.2578892	0.030493492	1.5833274	1.1888714	-1.2746204	0.003168608	4280.443006515503
208	0.25842997	0.0	0.25842997	0.25842997	25.0	5200	1.2592427	0.030195838	1.5550731	1.1461406	-1.2761605	0.0036701877	4300.937115907669
209	0.29918584	0.0	0.29918584	0.29918584	25.0	5225	1.2607758	0.0280461	1.6184396	1.1447955	-1.2740501	0.003143711	4321.484294891357
210	0.33298135	0.0	0.33298135	0.33298135	25.0	5250	1.262616	0.028539527	1.6497128	1.1854755	-1.2821808	0.0028312963	4343.793991565704
211	0.069910996	0.0	0.069910996	0.069910996	25.0	5275	1.2654259	0.027836435	1.6197499	1.207092	-1.2819645	0.0025692568	4364.479652166367
212	0.28992695	0.0	0.28992695	0.28992695	25.0	5300	1.2705207	0.03154563	1.61974	1.1572481	-1.2899469	0.0042325314	4385.054777383804
213	0.04966132	0.0	0.04966132	0.04966132	25.0	5325	1.2734526	0.03030827	1.698115	1.1570796	-1.2905715	0.0040769386	4405.58531665802
214	0.09174615	0.0	0.09174615	0.09174615	25.0	5350	1.2710904	0.031459574	1.6339636	1.1718378	-1.2847166	0.003310015	4426.22417640686
215	0.77089083	0.0	0.77089083	0.77089083	25.0	5375	1.2743542	0.027451454	1.4823186	1.174561	-1.2902582	0.0038472312	4446.9191699028015
216	0.6289116	0.0	0.6289116	0.6289116	25.0	5400	1.2760395	0.031198595	1.6455824	1.1448421	-1.2890697	0.0029812155	4467.5149393081665
217	0.12174884	0.0	0.12174884	0.12174884	25.0	5425	1.2729241	0.028676922	1.5197518	1.1607852	-1.2905059	0.003462227	4488.13861823082
218	0.12838605	0.0	0.12838605	0.12838605	25.0	5450	1.2784317	0.029280966	1.5411108	1.1946707	-1.2927705	0.0036109984	4508.928294658661
219	0.33012956	0.0	0.33012956	0.33012956	25.0	5475	1.2776593	0.027592957	1.5166478	1.199165	-1.2939911	0.0036136638	4529.535903215408
220	0.24566983	0.0	0.24566983	0.24566983	25.0	5500	1.2820157	0.030544238	1.6960529	1.1846805	-1.3031765	0.0034741485	4551.730417013168
221	0.5423703	0.0	0.5423703	0.5423703	25.0	5525	1.2848086	0.027026676	1.4925613	1.2139353	-1.3033023	0.0030032597	4572.43669462204
222	0.40596214	0.0	0.40596214	0.40596214	25.0	5550	1.284101	0.026079811	1.5057348	1.1660312	-1.3046793	0.0037536132	4592.985654830933
223	0.051298715	0.0	0.051298715	0.051298715	25.0	5575	1.2893665	0.02898323	1.5918667	1.1670226	-1.3067228	0.0038317998	4613.5927131175995
224	0.24558108	0.0	0.24558108	0.24558108	25.0	5600	1.2881469	0.029614054	1.5744101	1.1506438	-1.3054657	0.002868118	4634.2402465343475
225	0.6037221	0.0	0.6037221	0.6037221	25.0	5625	1.2947624	0.030773174	1.6024191	1.2082758	-1.313761	0.004054849	4654.769399881363
226	0.0	0.0	0.0	0.0	25.0	5650	1.2899796	0.02906311	1.6150649	1.1907758	-1.300736	0.0038941319	4675.4762134552
227	0.39736685	0.0	0.39736685	0.39736685	25.0	5675	1.294625	0.027615584	1.5029187	1.1603931	-1.314044	0.0039929687	4696.162840127945
228	0.16286013	0.0	0.16286013	0.16286013	25.0	5700	1.2964141	0.030853476	1.5464029	1.1773143	-1.3132138	0.0039021068	4716.726082801819
229	0.5095749	0.0	0.5095749	0.5095749	25.0	5725	1.2972124	0.027346957	1.546171	1.2111547	-1.3136944	0.0037803424	4737.30254983902
230	0.115109086	0.0	0.115109086	0.115109086	25.0	5750	1.3017354	0.026815653	1.6733508	1.2339705	-1.310186	0.005810767	4759.405391693115
231	1.3651594	0.0	1.3651594	1.3651594	25.0	5775	1.2998004	0.030338645	1.6972933	1.2230872	-1.3182559	0.0028581137	4780.112100839615
232	0.33112562	0.0	0.33112562	0.33112562	25.0	5800	1.3024874	0.02525619	1.597772	1.2407919	-1.3197546	0.0030559842	4800.779961824417
233	0.0	0.0	0.0	0.0	25.0	5825	1.3063016	0.031687103	1.7308236	1.1860847	-1.3217309	0.00499067	4821.6227169036865
234	0.12116148	0.0	0.12116148	0.12116148	25.0	5850	1.3083835	0.029933339	1.6184322	1.2112143	-1.3267134	0.0034134486	4842.2478721141815
235	0.49686316	0.0	0.49686316	0.49686316	25.0	5875	1.3091844	0.0276861	1.6195467	1.2433872	-1.3202726	0.0041440506	4862.7431218624115
236	0.0	0.0	0.0	0.0	25.0	5900	1.3093067	0.02675903	1.7104189	1.2116221	-1.3304756	0.0029166192	4883.470118522644
237	0.21755573	0.0	0.21755573	0.21755573	25.0	5925	1.3129524	0.028158858	1.5036118	1.2366936	-1.3299527	0.004274702	4904.100854873657
238	0.21372774	0.0	0.21372774	0.21372774	25.0	5950	1.3142029	0.027149549	1.5909135	1.2261571	-1.332699	0.003100442	4924.628799915314
239	0.24637093	0.0	0.24637093	0.24637093	25.0	5975	1.3162249	0.028506752	1.6562165	1.25684	-1.3325582	0.002963081	4945.19066286087
240	0.7609324	0.0	0.7609324	0.7609324	25.0	6000	1.3189125	0.026925595	1.664547	1.2463157	-1.338624	0.003340548	4967.5474717617035
241	0.0	0.0	0.0	0.0	25.0	6025	1.3230612	0.030982142	1.6294819	1.2426313	-1.3450352	0.0035219265	4988.1193470954895
242	0.8365169	0.0	0.8365169	0.8365169	25.0	6050	1.3231033	0.02883132	1.6495507	1.2444779	-1.3396897	0.0029621078	5008.70813703537
243	0.7483496	0.0	0.7483496	0.7483496	25.0	6075	1.3235883	0.02927666	1.7018135	1.2150053	-1.3350365	0.0026524544	5029.301173448563
244	0.007968031	0.0	0.007968031	0.007968031	25.0	6100	1.324313	0.031682428	1.6329484	1.2045226	-1.3391242	0.0039344896	5050.0370881557465
245	0.69616824	0.0	0.69616824	0.69616824	25.0	6125	1.3312025	0.032930683	1.6870792	1.2393827	-1.3472136	0.0044320254	5070.619397878647
246	0.684517	0.0	0.684517	0.684517	25.0	6150	1.330011	0.03193043	1.6736931	1.2485067	-1.3469449	0.003698228	5091.297045707703
247	0.28793177	0.0	0.28793177	0.28793177	25.0	6175	1.3324634	0.026476292	1.6954956	1.2114539	-1.3511397	0.0033276123	5111.927125930786
248	0.37844905	0.0	0.37844905	0.37844905	25.0	6200	1.3354458	0.030175766	1.5936228	1.2087718	-1.3534541	0.0041365786	5132.402772903442
249	0.4320901	0.0	0.4320901	0.4320901	25.0	6225	1.3336463	0.025982553	1.640234	1.2629145	-1.3539245	0.0027804286	5152.903691291809
250	0.55694133	0.0	0.55694133	0.55694133	25.0	6250	1.3419544	0.031397037	1.7457491	1.2564662	-1.3602086	0.0040267687	5175.247473239899
251	0.28373188	0.0	0.28373188	0.28373188	25.0	6275	1.3404714	0.030172756	1.6360482	1.1321328	-1.3587433	0.0040456825	5195.93582701683
252	0.07887215	0.0	0.07887215	0.07887215	25.0	6300	1.3412403	0.030358901	1.529266	1.2151088	-1.3585471	0.0038212389	5216.7066016197205
253	0.089032315	0.0	0.089032315	0.089032315	25.0	6325	1.3441919	0.029098008	1.6597893	1.2734962	-1.361442	0.0030419223	5237.3337280750275
254	0.9547379	0.0	0.9547379	0.9547379	25.0	6350	1.3494046	0.027425624	1.5109012	1.2646873	-1.3605558	0.004035387	5257.994765996933
255	0.21802151	0.0	0.21802151	0.21802151	25.0	6375	1.3484348	0.033841603	1.6076925	1.2278608	-1.364798	0.0037437796	5278.595916509628
256	0.62403303	0.0	0.62403303	0.62403303	25.0	6400	1.3528934	0.03620314	1.7621907	1.2445796	-1.3689475	0.006072852	5299.2448217868805
257	0.80546606	0.0	0.80546606	0.80546606	25.0	6425	1.3530256	0.02958696	1.5180048	1.2755963	-1.373374	0.0039992593	5319.7894451618195
258	0.20007531	0.0	0.20007531	0.20007531	25.0	6450	1.3521136	0.03563679	1.6853312	1.2694675	-1.3707123	0.00361235	5340.475233078003
259	0.31975287	0.0	0.31975287	0.31975287	25.0	6475	1.3553841	0.029537655	1.6932839	1.249701	-1.3714843	0.004160853	5360.947553157806
260	0.2977667	0.0	0.2977667	0.2977667	25.0	6500	1.3559179	0.031926442	1.745815	1.2792782	-1.3742473	0.003524893	5383.385992765427
261	0.07127508	0.0	0.07127508	0.07127508	25.0	6525	1.3567969	0.030183371	1.7075431	1.2839018	-1.378302	0.003173776	5404.181312084198
262	0.44092977	0.0	0.44092977	0.44092977	25.0	6550	1.3629389	0.031873986	1.7228986	1.2726356	-1.3798742	0.0044301394	5424.763700246811
263	0.040711347	0.0	0.040711347	0.040711347	25.0	6575	1.3637793	0.031035041	1.6204308	1.2977221	-1.3781149	0.0052338922	5445.441815853119
264	1.1619532	0.0	1.1619532	1.1619532	25.0	6600	1.3610551	0.031195264	1.617486	1.2468133	-1.3756073	0.003698487	5466.016654491425
265	0.51234275	0.0	0.51234275	0.51234275	25.0	6625	1.3701401	0.033508368	1.6876032	1.2863734	-1.3870025	0.0044664005	5486.662968873978
266	0.07121775	0.0	0.07121775	0.07121775	25.0	6650	1.3656675	0.02922324	1.7309567	1.2814567	-1.3818485	0.003516344	5507.156217575073
267	0.45067802	0.0	0.45067802	0.45067802	25.0	6675	1.3721887	0.034457523	1.7368869	1.2442782	-1.3919325	0.0034060893	5527.764696836472
268	0.29434997	0.0	0.29434997	0.29434997	25.0	6700	1.369563	0.03069743	1.6856059	1.1749893	-1.3820877	0.0032788876	5548.372206449509
269	0.3637569	0.0	0.3637569	0.3637569	25.0	6725	1.3727075	0.034849025	1.7187282	1.2275987	-1.3906446	0.0047519146	5568.949438095093
270	0.32837138	0.0	0.32837138	0.32837138	25.0	6750	1.3776339	0.031752747	1.7133228	1.263757	-1.3955952	0.0035020222	5591.642650604248
271	0.21882339	0.0	0.21882339	0.21882339	25.0	6775	1.3774173	0.033867907	1.750646	1.2854738	-1.3879379	0.0036822653	5612.3701865673065
272	1.0202587	0.0	1.0202587	1.0202587	25.0	6800	1.3781629	0.030571915	1.6864198	1.2667174	-1.3948902	0.0035850287	5632.978578329086
273	0.5498203	0.0	0.5498203	0.5498203	25.0	6825	1.381309	0.03171799	1.7402084	1.3198943	-1.3957633	0.003869133	5653.6221470832825
274	0.57344794	0.0	0.57344794	0.57344794	25.0	6850	1.3842981	0.03289132	1.6954772	1.3193374	-1.3998055	0.0042709755	5674.215788125992
275	0.71020174	0.0	0.71020174	0.71020174	25.0	6875	1.3826038	0.030111618	1.6960199	1.2791089	-1.4008511	0.0040633543	5694.799465179443
276	0.03066124	0.0	0.03066124	0.03066124	25.0	6900	1.387019	0.026855225	1.7680044	1.303184	-1.4052823	0.003497917	5715.286654472351
277	0.22059077	0.0	0.22059077	0.22059077	25.0	6925	1.3891948	0.030679435	1.7091053	1.2800806	-1.4092095	0.0033588004	5735.859397172928
278	0.4888909	0.0	0.4888909	0.4888909	25.0	6950	1.3875151	0.026950765	1.5667154	1.2861633	-1.40774	0.0034875835	5756.390254020691
279	1.1149186	0.0	1.1149186	1.1149186	25.0	6975	1.3959832	0.034242775	1.8214052	1.2957149	-1.4164674	0.004564619	5777.096297502518
280	0.4096571	0.0	0.4096571	0.4096571	25.0	7000	1.3956757	0.031609215	1.7703125	1.187504	-1.4149089	0.003525985	5799.684258937836
281	0.25752202	0.0	0.25752202	0.25752202	25.0	7025	1.3927362	0.0295708	1.7337279	1.2894447	-1.4117398	0.003776514	5820.436825037003
282	0.06968441	0.0	0.06968441	0.06968441	25.0	7050	1.3997867	0.034023758	1.8186898	1.3307167	-1.4161612	0.003603804	5840.982542037964
283	0.48748365	0.0	0.48748365	0.48748365	25.0	7075	1.4005655	0.029581526	1.6720928	1.3170278	-1.414711	0.004117148	5861.469846010208
284	0.0	0.0	0.0	0.0	25.0	7100	1.4005231	0.03317199	1.8014388	1.3329774	-1.4150598	0.004111316	5882.064651489258
285	0.38831505	0.0	0.38831505	0.38831505	25.0	7125	1.402496	0.03246426	1.8297782	1.336115	-1.4189208	0.0038726178	5902.645808458328
286	0.7904166	0.0	0.7904166	0.7904166	25.0	7150	1.4029454	0.029284097	1.7873324	1.2674727	-1.4240081	0.0043488895	5923.299899101257
287	0.68005496	0.0	0.68005496	0.68005496	25.0	7175	1.4046139	0.03265289	1.806331	1.3293947	-1.4238108	0.0029636559	5943.809827566147
288	0.33191675	0.0	0.33191675	0.33191675	25.0	7200	1.4042864	0.031150918	1.7920692	1.2985191	-1.4197495	0.0035862797	5964.371407747269
289	0.5952901	0.0	0.5952901	0.5952901	25.0	7225	1.4066702	0.02942241	1.7468048	1.3233875	-1.4238217	0.004029719	5985.160293102264
290	0.25243142	0.0	0.25243142	0.25243142	25.0	7250	1.4093708	0.03079047	1.7603257	1.337828	-1.4241732	0.0033738343	6007.852797985077
291	0.023979587	0.0	0.023979587	0.023979587	25.0	7275	1.410484	0.030066824	1.6930275	1.3242596	-1.4294081	0.00397901	6028.525851011276
292	0.22288904	0.0	0.22288904	0.22288904	25.0	7300	1.4084076	0.028143091	1.8375719	1.219991	-1.4316903	0.00329925	6049.070784568787
293	0.829437	0.0	0.829437	0.829437	25.0	7325	1.4159675	0.02978206	1.7391438	1.3420185	-1.4317197	0.005340134	6069.616791009903
294	0.01741795	0.0	0.01741795	0.01741795	25.0	7350	1.4181293	0.032891955	1.8064156	1.31067	-1.4331774	0.0055805417	6090.234532594681
295	0.25815055	0.0	0.25815055	0.25815055	25.0	7375	1.4136975	0.032558106	1.6706917	1.3417518	-1.4210179	0.005354292	6110.885590553284
296	0.12360109	0.0	0.12360109	0.12360109	25.0	7400	1.413602	0.031041196	1.7181306	1.2837168	-1.4283725	0.0043858564	6131.5315799713135
297	0.59573436	0.0	0.59573436	0.59573436	25.0	7425	1.4157141	0.030563561	1.7417148	1.3340366	-1.4290587	0.003892243	6152.1292815208435
298	0.23468223	0.0	0.23468223	0.23468223	25.0	7450	1.4149495	0.02910855	1.7553461	1.3380165	-1.4333338	0.0047751083	6172.673241376877
299	0.98618406	0.0	0.98618406	0.98618406	25.0	7475	1.419794	0.029694155	1.7716233	1.3353331	-1.4356152	0.004718955	6193.522273778915
300	0.43920457	0.0	0.43920457	0.43920457	25.0	7500	1.4191525	0.029063663	1.7588348	1.3296425	-1.4323889	0.0034706844	6216.1920964717865
301	0.41110766	0.0	0.41110766	0.41110766	25.0	7525	1.4228408	0.033318233	1.8273141	1.2983402	-1.4367856	0.004435517	6236.84358215332
302	0.24835433	0.0	0.24835433	0.24835433	25.0	7550	1.4221174	0.034028087	1.8751619	1.3341002	-1.435988	0.004521214	6257.424845695496
303	0.8411948	0.0	0.8411948	0.8411948	25.0	7575	1.4256227	0.037404522	1.8708178	1.3027472	-1.4404554	0.0048639686	6278.015637636185
304	0.019008154	0.0	0.019008154	0.019008154	25.0	7600	1.4272062	0.028605834	1.6490476	1.3128772	-1.4409461	0.0038484295	6298.579381465912
305	0.30730736	0.0	0.30730736	0.30730736	25.0	7625	1.4342171	0.031812504	1.7222167	1.3451917	-1.4479034	0.0045379438	6319.156330108643
306	0.0	0.0	0.0	0.0	25.0	7650	1.4335743	0.029033357	1.6548072	1.2351435	-1.4483603	0.0046734456	6339.65705537796
307	0.10721642	0.0	0.10721642	0.10721642	25.0	7675	1.4352021	0.02976019	1.920819	1.308328	-1.4520339	0.0041015474	6359.295213937759
308	0.008829747	0.0	0.008829747	0.008829747	25.0	7700	1.4335032	0.02603879	1.6446669	1.3592331	-1.4470922	0.0032519642	6378.780155420303
309	0.2773993	0.0	0.2773993	0.2773993	25.0	7725	1.434513	0.032987293	1.6993833	1.3552078	-1.4486493	0.004420015	6398.200828790665
310	0.4764927	0.0	0.4764927	0.4764927	25.0	7750	1.436681	0.032253478	1.8240217	1.3643593	-1.444808	0.0039058805	6419.673233747482
311	0.61600786	0.0	0.61600786	0.61600786	25.0	7775	1.4391025	0.02847472	1.7348369	1.3524956	-1.4527887	0.0052495413	6439.276744604111
312	0.6146752	0.0	0.6146752	0.6146752	25.0	7800	1.440621	0.029134925	1.660345	1.3292817	-1.4544351	0.0050620977	6458.693635702133
313	0.08287723	0.0	0.08287723	0.08287723	25.0	7825	1.4389862	0.028805997	1.7926593	1.3602273	-1.4480683	0.003952222	6478.11293387413
314	1.3949032	0.0	1.3949032	1.3949032	25.0	7850	1.4377862	0.027425818	1.7483813	1.3608117	-1.4489055	0.0032857975	6498.560955524445
315	0.106921904	0.0	0.106921904	0.106921904	25.0	7875	1.4401474	0.031858094	1.7982558	1.3556283	-1.4561406	0.0039507016	6518.022419691086
316	0.66095024	0.0	0.66095024	0.66095024	25.0	7900	1.4437708	0.028903069	1.7545213	1.3570186	-1.4543968	0.0048679886	6537.549612283707
317	0.3726306	0.0	0.3726306	0.3726306	25.0	7925	1.4413567	0.03097791	1.7854353	1.3727415	-1.4534328	0.0040737903	6557.432446479797
318	0.22868271	0.0	0.22868271	0.22868271	25.0	7950	1.4419088	0.02846911	1.6487845	1.3836672	-1.4518448	0.004404692	6576.855204582214
319	0.42569786	0.0	0.42569786	0.42569786	25.0	7975	1.4445676	0.030284714	1.7303878	1.3342408	-1.4670758	0.004297275	6596.353099107742
320	0.05801635	0.0	0.05801635	0.05801635	25.0	8000	1.4472318	0.029623676	1.7258418	1.3672973	-1.4570917	0.004557132	6619.043518066406
321	0.0	0.0	0.0	0.0	25.0	8025	1.4452677	0.026745187	1.7048631	1.3509011	-1.454252	0.0036186073	6638.584133386612
322	0.2716508	0.0	0.2716508	0.2716508	25.0	8050	1.4514815	0.029094482	1.726229	1.3656652	-1.4683728	0.004941713	6658.132942914963
323	0.19405822	0.0	0.19405822	0.19405822	25.0	8075	1.4479573	0.026226267	1.6782718	1.3907549	-1.4664273	0.0042565884	6678.145568609238
324	0.2793427	0.0	0.2793427	0.2793427	25.0	8100	1.4551431	0.03192148	1.7775334	1.2930969	-1.4636272	0.0049643456	6697.625346899033
325	0.72407085	0.0	0.72407085	0.72407085	25.0	8125	1.4489856	0.027403852	1.7499356	1.3616976	-1.4608692	0.0038995421	6717.1822917461395
326	0.22255887	0.0	0.22255887	0.22255887	25.0	8150	1.4515721	0.026097173	1.6393079	1.3785084	-1.4679914	0.004320805	6736.817745923996
327	0.0	0.0	0.0	0.0	25.0	8175	1.4550842	0.028290506	1.7832168	1.389383	-1.4675851	0.00429109	6756.216552495956
328	0.0	0.0	0.0	0.0	25.0	8200	1.4537805	0.026556235	1.7520281	1.3067997	-1.4685277	0.0043070586	6775.6357679367065
329	1.1036484	0.0	1.1036484	1.1036484	25.0	8225	1.4560213	0.028099107	1.7336714	1.3740306	-1.4697725	0.0053264257	6795.30378985405
330	0.23412888	0.0	0.23412888	0.23412888	25.0	8250	1.458627	0.02980721	1.6919545	1.3635243	-1.4727583	0.0039579775	6816.919186830521
331	0.30706033	0.0	0.30706033	0.30706033	25.0	8275	1.4585543	0.033122677	1.7983552	1.3899063	-1.4714758	0.004216475	6836.407895326614
332	0.35020542	0.0	0.35020542	0.35020542	25.0	8300	1.4602057	0.034873135	1.7659757	1.3874133	-1.4698619	0.0040320223	6856.02561044693
333	0.2060914	0.0	0.2060914	0.2060914	25.0	8325	1.4619685	0.026214125	1.6874653	1.3548596	-1.4798617	0.004825132	6875.430742263794
334	0.4402952	0.0	0.4402952	0.4402952	25.0	8350	1.4598856	0.030969283	1.7445717	1.3759106	-1.4681243	0.004268985	6894.76651263237
335	0.0	0.0	0.0	0.0	25.0	8375	1.4615374	0.033753753	1.8411212	1.3659686	-1.4769634	0.0047347285	6914.619956493378
336	0.2660171	0.0	0.2660171	0.2660171	25.0	8400	1.4660074	0.029186057	1.8180062	1.3903961	-1.4760901	0.0055578337	6934.024484157562
337	0.23970838	0.0	0.23970838	0.23970838	25.0	8425	1.4636602	0.032147117	1.8610197	1.386725	-1.4744207	0.004174709	6953.372683525085
338	0.31008825	0.0	0.31008825	0.31008825	25.0	8450	1.4687984	0.038409572	1.8945001	1.3912446	-1.4804419	0.0057051755	6973.904577732086
339	0.095566735	0.0	0.095566735	0.095566735	25.0	8475	1.4642972	0.027781913	1.7259121	1.3793781	-1.4752187	0.005496538	6993.39909362793
340	0.29855075	0.0	0.29855075	0.29855075	25.0	8500	1.4633086	0.028476411	1.8233826	1.4066133	-1.4783165	0.0037322966	7014.992531299591
341	0.043581054	0.0	0.043581054	0.043581054	25.0	8525	1.4668204	0.028331952	1.6949611	1.4001867	-1.4788741	0.003660371	7035.663456916809
342	0.1845103	0.0	0.1845103	0.1845103	25.0	8550	1.4647583	0.028276628	1.7568698	1.3919437	-1.477224	0.0036297427	7055.074470758438
343	0.65932137	0.0	0.65932137	0.65932137	25.0	8575	1.4725716	0.033622086	1.7516872	1.3819854	-1.4845942	0.00454958	7074.545388698578
344	0.29452527	0.0	0.29452527	0.29452527	25.0	8600	1.4713755	0.031302404	1.8577607	1.3891354	-1.4827591	0.0038785278	7095.177556276321
345	0.19552112	0.0	0.19552112	0.19552112	25.0	8625	1.4688109	0.029586168	1.7750735	1.3738084	-1.4796808	0.003363311	7114.6702127456665
346	0.5925436	0.0	0.5925436	0.5925436	25.0	8650	1.4702982	0.032328304	1.7895468	1.3942798	-1.4838119	0.0040301187	7134.124587059021
347	0.47325978	0.0	0.47325978	0.47325978	25.0	8675	1.4762886	0.027190534	1.7442288	1.3992329	-1.4922247	0.0046467553	7153.550640583038
348	0.16384266	0.0	0.16384266	0.16384266	25.0	8700	1.477209	0.030993968	1.8772414	1.3653635	-1.4915472	0.003299234	7172.903697729111
349	0.9387431	0.0	0.9387431	0.9387431	25.0	8725	1.4779319	0.027159048	1.7297338	1.4090016	-1.4894611	0.0036445048	7192.343244552612
350	0.3328774	0.0	0.3328774	0.3328774	25.0	8750	1.4804868	0.024738671	1.6704173	1.3409753	-1.4947407	0.004639478	7215.049154043198
351	0.14062406	0.0	0.14062406	0.14062406	25.0	8775	1.4812174	0.02810476	1.7516845	1.4064034	-1.4953685	0.003476703	7234.644458770752
352	0.7466965	0.0	0.7466965	0.7466965	25.0	8800	1.4828323	0.030572413	1.9092438	1.4026734	-1.4976394	0.0041829837	7254.091037034988
353	0.00491192	0.0	0.00491192	0.00491192	25.0	8825	1.4848685	0.024396852	1.6932052	1.4095833	-1.5003195	0.0038670273	7273.7568390369415
354	0.39899403	0.0	0.39899403	0.39899403	25.0	8850	1.48672	0.02894146	1.8115393	1.407272	-1.5027978	0.0035398647	7293.21077132225
355	0.19989079	0.0	0.19989079	0.19989079	25.0	8875	1.4894882	0.030264312	1.8851441	1.4246448	-1.5027223	0.004596089	7312.630555391312
356	0.5120139	0.0	0.5120139	0.5120139	25.0	8900	1.4882451	0.02985943	1.8418187	1.2816097	-1.5029883	0.0038396858	7332.5067591667175
357	0.29842404	0.0	0.29842404	0.29842404	25.0	8925	1.4929622	0.02855782	1.7833748	1.4165893	-1.5029426	0.0045008142	7351.993768453598
358	0.26220998	0.0	0.26220998	0.26220998	25.0	8950	1.4929308	0.030459654	1.8105812	1.421972	-1.5070757	0.0041970806	7371.401052951813
359	0.35127142	0.0	0.35127142	0.35127142	25.0	8975	1.4928274	0.03348002	1.8242047	1.408014	-1.5083259	0.0046585263	7390.860803842545
360	0.58844346	0.0	0.58844346	0.58844346	25.0	9000	1.4968238	0.034334134	1.882175	1.4135667	-1.5106964	0.0036046235	7412.595791578293
361	0.15415402	0.0	0.15415402	0.15415402	25.0	9025	1.4959674	0.027732309	1.7926724	1.4309976	-1.5105205	0.004035349	7432.247750997543
362	0.27240223	0.0	0.27240223	0.27240223	25.0	9050	1.4997818	0.023998186	1.7068679	1.4373257	-1.5092465	0.0042555006	7451.676367759705
363	0.27618396	0.0	0.27618396	0.27618396	25.0	9075	1.5021732	0.036144603	1.89213	1.4173678	-1.5135576	0.0045189667	7471.196444749832
364	0.19852173	0.0	0.19852173	0.19852173	25.0	9100	1.5060029	0.035221346	1.8705918	1.425935	-1.5183976	0.0063882377	7490.611110925674
365	0.24551494	0.0	0.24551494	0.24551494	25.0	9125	1.4998893	0.029180428	1.7618918	1.4132742	-1.5091295	0.0048164604	7510.026797056198
366	0.0	0.0	0.0	0.0	25.0	9150	1.5017254	0.029797079	1.946783	1.4289025	-1.519038	0.0035800494	7529.426705121994
367	0.56425583	0.0	0.56425583	0.56425583	25.0	9175	1.5034562	0.02872907	1.9360889	1.4340576	-1.5152001	0.004315826	7548.8293652534485
368	0.19704422	0.0	0.19704422	0.19704422	25.0	9200	1.5067707	0.032390893	1.8804321	1.4369028	-1.51894	0.0039890213	7568.24983048439
369	0.27432045	0.0	0.27432045	0.27432045	25.0	9225	1.5109229	0.034785565	1.8798134	1.4354974	-1.5239733	0.005071099	7587.742054224014
370	0.43076882	0.0	0.43076882	0.43076882	25.0	9250	1.50889	0.030636523	1.860613	1.439554	-1.5225099	0.0036305182	7609.535002708435
371	0.19402488	0.0	0.19402488	0.19402488	25.0	9275	1.5066131	0.028443856	1.8991178	1.4353712	-1.5176187	0.0031176847	7629.2194221019745
372	0.09359166	0.0	0.09359166	0.09359166	25.0	9300	1.5119638	0.033295553	1.8784759	1.417452	-1.5228338	0.0049446397	7648.619233846664
373	0.5963422	0.0	0.5963422	0.5963422	25.0	9325	1.5119671	0.03021656	1.9245019	1.2140245	-1.5294133	0.0048398455	7668.131854534149
374	0.3420092	0.0	0.3420092	0.3420092	25.0	9350	1.5159966	0.03246746	1.8509635	1.4333422	-1.5237445	0.00472093	7687.523052930832
375	0.027881036	0.0	0.027881036	0.027881036	25.0	9375	1.5112811	0.02971791	1.9790759	1.3850751	-1.5226386	0.0038565623	7706.918359041214
376	0.4672956	0.0	0.4672956	0.4672956	25.0	9400	1.514564	0.02973885	1.7346737	1.3617744	-1.5293247	0.004752428	7726.4041929244995
377	0.38488066	0.0	0.38488066	0.38488066	25.0	9425	1.5190772	0.030312367	1.8786166	1.4326556	-1.5324509	0.004052723	7745.8980593681335
378	0.22691771	0.0	0.22691771	0.22691771	25.0	9450	1.5198295	0.03270211	1.7624055	1.4259971	-1.5321509	0.0041614855	7765.315437078476
379	0.24931931	0.0	0.24931931	0.24931931	25.0	9475	1.5200055	0.033627577	1.9566619	1.4344956	-1.5287601	0.00542749	7784.743297815323
380	0.060012072	0.0	0.060012072	0.060012072	25.0	9500	1.5230099	0.031291343	1.8972538	1.4096555	-1.5347002	0.0043398105	7806.354261636734
381	1.0250268	0.0	1.0250268	1.0250268	25.0	9525	1.5223843	0.029337557	1.980096	1.4392445	-1.535019	0.004294272	7825.979895353317
382	0.0	0.0	0.0	0.0	25.0	9550	1.5256851	0.0291802	1.8735422	1.4562026	-1.5370461	0.003829226	7845.442836046219
383	0.9398714	0.0	0.9398714	0.9398714	25.0	9575	1.5244918	0.026325954	1.7520267	1.4309202	-1.5403066	0.0045470237	7864.879593133926
384	0.53216976	0.0	0.53216976	0.53216976	25.0	9600	1.5279334	0.02623268	1.8356606	1.4510524	-1.5409157	0.0042573954	7884.258398771286
385	0.0	0.0	0.0	0.0	25.0	9625	1.5294974	0.027737131	1.9001218	1.451841	-1.5455203	0.004518042	7903.688321352005
386	0.2812052	0.0	0.2812052	0.2812052	25.0	9650	1.5300723	0.03176031	1.8907249	1.4453573	-1.5372673	0.003848176	7923.122136831284
387	0.094478555	0.0	0.094478555	0.094478555	25.0	9675	1.5283302	0.027627138	1.8217107	1.448131	-1.544185	0.0035876448	7942.505816936493
388	0.07875178	0.0	0.07875178	0.07875178	25.0	9700	1.5291824	0.03096512	1.9390571	1.4625441	-1.5367564	0.0033683556	7962.338716268539
389	0.2979389	0.0	0.2979389	0.2979389	25.0	9725	1.531628	0.025698747	1.7987266	1.4657204	-1.5432812	0.0038768125	7981.755882501602
390	0.16991581	0.0	0.16991581	0.16991581	25.0	9750	1.531797	0.02809427	1.8880298	1.4571891	-1.5433141	0.0032698258	8003.4355709552765
391	0.3400668	0.0	0.3400668	0.3400668	25.0	9775	1.5330042	0.031847104	2.0415163	1.2423015	-1.5437702	0.0042301826	8023.069061756134
392	0.98761886	0.0	0.98761886	0.98761886	25.0	9800	1.5374138	0.027432783	1.8435173	1.4687653	-1.5512433	0.00419799	8042.714517116547
393	0.14647216	0.0	0.14647216	0.14647216	25.0	9825	1.5364419	0.029324178	1.8527548	1.4661024	-1.548324	0.0039578406	8062.219850301743
394	0.28001738	0.0	0.28001738	0.28001738	25.0	9850	1.5415732	0.035836626	1.816242	1.4424069	-1.5534953	0.005542393	8081.682551622391
395	0.33554912	0.0	0.33554912	0.33554912	25.0	9875	1.5411798	0.030181916	1.8682673	1.4662068	-1.5489448	0.004866104	8101.1370408535
396	0.36789465	0.0	0.36789465	0.36789465	25.0	9900	1.5379841	0.028097756	1.9100022	1.4739246	-1.5500879	0.0042418693	8120.6360285282135
397	0.080728024	0.0	0.080728024	0.080728024	25.0	9925	1.540875	0.028383613	1.9917052	1.4555936	-1.5509976	0.0038173897	8140.096084594727
398	0.8983498	0.0	0.8983498	0.8983498	25.0	9950	1.5432245	0.028904244	1.8568082	1.4696956	-1.556395	0.0048283595	8159.618973970413
399	0.3365385	0.0	0.3365385	0.3365385	25.0	9975	1.5416527	0.025931466	1.8911368	1.476629	-1.5559958	0.003680163	8179.082240819931
400	0.48121992	0.0	0.48121992	0.48121992	25.0	10000	1.5440781	0.030946007	1.8666177	1.4642837	-1.5553917	0.004344267	8200.872728347778
401	0.19270879	0.0	0.19270879	0.19270879	25.0	10025	1.540863	0.022984652	1.7274828	1.4629978	-1.5523168	0.0030935789	8220.531105518341
402	0.078029625	0.0	0.078029625	0.078029625	25.0	10050	1.546095	0.026814219	1.9296546	1.470247	-1.5594898	0.0032238162	8239.948182106018
403	0.01870437	0.0	0.01870437	0.01870437	25.0	10075	1.5442482	0.0227751	1.7919936	1.4698737	-1.5510978	0.0028635785	8259.426486492157
404	0.7428241	0.0	0.7428241	0.7428241	25.0	10100	1.5482193	0.02672774	1.9012187	1.4660244	-1.5585381	0.003896192	8278.920937776566
405	1.7464767	0.0	1.7464767	1.7464767	25.0	10125	1.5520161	0.027707262	1.8541336	1.490164	-1.5615436	0.004716223	8298.370836734772
406	0.0	0.0	0.0	0.0	25.0	10150	1.5471421	0.030056475	1.871549	1.4459406	-1.5599625	0.0040926137	8317.873915195465
407	0.4684528	0.0	0.4684528	0.4684528	25.0	10175	1.5502362	0.029539628	1.8895577	1.4811243	-1.5581698	0.0036977686	8337.287122249603
408	0.0	0.0	0.0	0.0	25.0	10200	1.5492593	0.027848851	1.9182351	1.4465647	-1.5587707	0.003417195	8356.711637496948
409	0.48744386	0.0	0.48744386	0.48744386	25.0	10225	1.5528915	0.027382532	1.8385415	1.4625982	-1.562492	0.0047681103	8376.106216669083
410	0.0	0.0	0.0	0.0	25.0	10250	1.5520923	0.02721976	1.9236526	1.4772545	-1.5649881	0.0036073416	8397.901540517807
411	0.35408926	0.0	0.35408926	0.35408926	25.0	10275	1.5515966	0.026641564	1.9298147	1.4746621	-1.5588727	0.003886904	8417.649678468704
412	0.52237976	0.0	0.52237976	0.52237976	25.0	10300	1.5522441	0.028818784	1.9282206	1.4876318	-1.5597075	0.0038998453	8437.22578406334
413	0.44803074	0.0	0.44803074	0.44803074	25.0	10325	1.5528952	0.029240042	1.8158885	1.4901507	-1.5659356	0.005445961	8456.683553695679
414	1.023082	0.0	1.023082	1.023082	25.0	10350	1.5570154	0.033380497	1.9751385	1.4763652	-1.5683796	0.003828531	8476.0962972641
415	0.353502	0.0	0.353502	0.353502	25.0	10375	1.5545372	0.02990744	1.8761075	1.4904499	-1.5629736	0.0032991488	8495.46918129921
416	0.4431035	0.0	0.4431035	0.4431035	25.0	10400	1.5583775	0.028994082	1.8781819	1.4682195	-1.5689383	0.0045605935	8514.947462558746
417	0.24945351	0.0	0.24945351	0.24945351	25.0	10425	1.558591	0.02930033	1.9852473	1.4877636	-1.5676408	0.0046706484	8534.539155721664
418	0.4793521	0.0	0.4793521	0.4793521	25.0	10450	1.5582213	0.026670542	1.9675832	1.4905667	-1.5705267	0.0031769008	8553.966189622879
419	0.6018466	0.0	0.6018466	0.6018466	25.0	10475	1.5636163	0.027866546	1.8626777	1.494351	-1.5739982	0.0044168676	8573.458058357239
420	0.6273535	0.0	0.6273535	0.6273535	25.0	10500	1.5607077	0.029386196	1.9448365	1.3939375	-1.5709579	0.004055046	8595.405097484589
421	0.2008812	0.0	0.2008812	0.2008812	25.0	10525	1.5661258	0.030561047	1.907751	1.481488	-1.5765456	0.0037467568	8615.00624203682
422	0.0	0.0	0.0	0.0	25.0	10550	1.5653614	0.028324408	1.8327248	1.4513583	-1.5734041	0.004854862	8634.58617401123
423	0.2018659	0.0	0.2018659	0.2018659	25.0	10575	1.5674161	0.028911602	1.8660908	1.4872243	-1.5794622	0.0044420403	8654.084778785706
424	0.45580468	0.0	0.45580468	0.45580468	25.0	10600	1.5650827	0.029608319	1.8860241	1.4602143	-1.57418	0.0044002626	8673.466331005096
425	0.20620827	0.0	0.20620827	0.20620827	25.0	10625	1.5702772	0.02883042	1.9300991	1.4903336	-1.578889	0.0037576826	8693.073718547821
426	0.9888259	0.0	0.9888259	0.9888259	25.0	10650	1.5699239	0.024983775	1.8253516	1.4933281	-1.5802475	0.004047347	8712.529404878616
427	0.2286109	0.0	0.2286109	0.2286109	25.0	10675	1.570838	0.026651815	1.9234293	1.5046836	-1.5833069	0.0037659758	8731.954834461212
428	0.50223583	0.0	0.50223583	0.50223583	25.0	10700	1.5677365	0.02668801	1.8527461	1.4943706	-1.5760547	0.0034686786	8751.410399913788
429	0.18462881	0.0	0.18462881	0.18462881	25.0	10725	1.5732698	0.029552871	1.8923125	1.4564518	-1.5793327	0.004188004	8770.921505451202
430	0.29164052	0.0	0.29164052	0.29164052	25.0	10750	1.57461	0.029825717	1.9680233	1.4745526	-1.5866579	0.005375049	8792.879353046417
431	0.09361672	0.0	0.09361672	0.09361672	25.0	10775	1.5694432	0.029275669	1.9532917	1.5081575	-1.5779212	0.0032005224	8812.460273742676
432	0.055725515	0.0	0.055725515	0.055725515	25.0	10800	1.5731668	0.027901622	1.9328082	1.4136461	-1.5831145	0.003778004	8831.973096609116
433	0.12552546	0.0	0.12552546	0.12552546	25.0	10825	1.5743812	0.029755084	1.9789331	1.3715363	-1.5831262	0.0035364928	8851.341690063477
434	0.3581403	0.0	0.3581403	0.3581403	25.0	10850	1.5751309	0.034548946	2.061051	1.4852766	-1.5846585	0.0046888464	8870.8604991436
435	0.26881647	0.0	0.26881647	0.26881647	25.0	10875	1.5747528	0.028990358	2.0057456	1.4828308	-1.5850514	0.0040755533	8890.419342756271
436	0.37958416	0.0	0.37958416	0.37958416	25.0	10900	1.5790069	0.03268458	1.8820052	1.4876412	-1.5854161	0.0051028556	8909.994364738464
437	0.5104692	0.0	0.5104692	0.5104692	25.0	10925	1.5758466	0.03050414	1.8711841	1.4629107	-1.5829759	0.003967755	8929.464668273926
438	0.052375447	0.0	0.052375447	0.052375447	25.0	10950	1.5789642	0.029528387	1.9565246	1.4882283	-1.5864334	0.0042876382	8948.851460933685
439	0.13158402	0.0	0.13158402	0.13158402	25.0	10975	1.5718558	0.029461242	1.8457104	1.4901583	-1.5857472	0.0036853605	8968.293818235397
440	1.0534809	0.0	1.0534809	1.0534809	25.0	11000	1.5814978	0.029347314	1.9884326	1.5178709	-1.5891082	0.004201673	8990.418664932251
441	0.20266813	0.0	0.20266813	0.20266813	25.0	11025	1.5790042	0.022719586	1.8229518	1.5105094	-1.5896504	0.0034016955	9010.01512503624
442	0.1357039	0.0	0.1357039	0.1357039	25.0	11050	1.5778965	0.027612103	1.8169799	1.4960837	-1.5873524	0.0039813844	9029.423246622086
443	0.24049298	0.0	0.24049298	0.24049298	25.0	11075	1.5843054	0.030101834	1.9417138	1.5126729	-1.5926795	0.0042265616	9048.8812417984
444	0.25376576	0.0	0.25376576	0.25376576	25.0	11100	1.580845	0.027861046	1.8933487	1.4257953	-1.5903412	0.00394594	9068.297528266907
445	0.13095778	0.0	0.13095778	0.13095778	25.0	11125	1.5844535	0.030621806	1.8974965	1.3452587	-1.5933385	0.0045115124	9087.736638307571
446	0.30773887	0.0	0.30773887	0.30773887	25.0	11150	1.5833001	0.028577682	1.9393797	1.4878029	-1.5916922	0.0037364706	9107.188824415207
447	0.21015629	0.0	0.21015629	0.21015629	25.0	11175	1.5858186	0.03312037	1.9493042	1.5069395	-1.593578	0.0045093023	9126.527195930481
448	0.21015882	0.0	0.21015882	0.21015882	25.0	11200	1.5817206	0.029913085	1.8779655	1.2411426	-1.5879668	0.002786438	9146.019230365753
449	0.5754709	0.0	0.5754709	0.5754709	25.0	11225	1.5835642	0.031299483	2.0118608	1.4441862	-1.5944742	0.004020153	9166.004872560501
450	0.97714	0.0	0.97714	0.97714	25.0	11250	1.5869843	0.038438916	2.057486	1.5058632	-1.59457	0.0045531	9187.36314368248
451	0.26837456	0.0	0.26837456	0.26837456	25.0	11275	1.5834314	0.024746262	1.8240454	1.4628737	-1.5957664	0.0040165465	9206.992501020432
452	0.067215875	0.0	0.067215875	0.067215875	25.0	11300	1.5878383	0.024897987	1.8485109	1.5098479	-1.6003205	0.005126494	9226.364649772644
453	0.30999509	0.0	0.30999509	0.30999509	25.0	11325	1.5824311	0.029029822	1.8987572	1.5148127	-1.5926548	0.0034045905	9245.927915334702
454	0.0	0.0	0.0	0.0	25.0	11350	1.582543	0.0254752	1.9511241	1.4921008	-1.5939429	0.003074498	9265.378615140915
455	0.19820842	0.0	0.19820842	0.19820842	25.0	11375	1.5879035	0.02427217	1.9400753	1.4817195	-1.5978022	0.004039898	9284.789276123047
456	0.19851147	0.0	0.19851147	0.19851147	25.0	11400	1.5879457	0.027232034	1.8234549	1.4367096	-1.6007185	0.003921631	9304.243252515793
457	0.15014084	0.0	0.15014084	0.15014084	25.0	11425	1.5879047	0.024381	1.7770025	1.5119928	-1.5973314	0.0040735523	9323.634792089462
458	1.5919898	0.0	1.5919898	1.5919898	25.0	11450	1.587984	0.025400046	1.8643447	1.5274734	-1.5986704	0.003532502	9343.064373254776
459	0.44613832	0.0	0.44613832	0.44613832	25.0	11475	1.5902866	0.026581168	1.9329586	1.5016745	-1.6002294	0.003509787	9363.11207652092
460	0.4401336	0.0	0.4401336	0.4401336	25.0	11500	1.5906677	0.026166545	1.8913052	1.4907988	-1.6002291	0.004018439	9384.47921872139
461	0.4593678	0.0	0.4593678	0.4593678	25.0	11525	1.5933527	0.02646281	1.8891307	1.5177504	-1.6054382	0.0046693836	9404.128525018692
462	0.030162485	0.0	0.030162485	0.030162485	25.0	11550	1.5915856	0.02640064	1.8290026	1.5149276	-1.6009883	0.0045777	9423.512429714203
463	0.24255665	0.0	0.24255665	0.24255665	25.0	11575	1.5900875	0.022899937	1.760695	1.4680116	-1.600131	0.0031433364	9442.935794115067
464	0.8176163	0.0	0.8176163	0.8176163	25.0	11600	1.5935763	0.024676494	1.8504176	1.5129403	-1.6039675	0.0049058334	9465.624417304993
465	0.22853784	0.0	0.22853784	0.22853784	25.0	11625	1.5930779	0.025243474	1.8949968	1.5239593	-1.6022906	0.0035443646	9485.033712863922
466	0.92443633	0.0	0.92443633	0.92443633	25.0	11650	1.5954795	0.021776553	1.922856	1.5385761	-1.6055646	0.0036446012	9504.463406801224
467	1.0200622	0.0	1.0200622	1.0200622	25.0	11675	1.5930574	0.025281873	1.8991083	1.4379174	-1.6003948	0.0036344163	9523.924422740936
468	0.3575619	0.0	0.3575619	0.3575619	25.0	11700	1.5965565	0.024453176	1.8566471	1.5062996	-1.6066947	0.0047184546	9543.372699737549
469	0.6841949	0.0	0.6841949	0.6841949	25.0	11725	1.598877	0.030191816	1.891509	1.528839	-1.6061053	0.0039285887	9563.49249625206
470	0.2911053	0.0	0.2911053	0.2911053	25.0	11750	1.6004739	0.032909792	1.9906746	1.5208652	-1.6106509	0.0050498755	9584.95177602768
471	0.06895069	0.0	0.06895069	0.06895069	25.0	11775	1.5948261	0.023334945	1.8850933	1.5249317	-1.6031228	0.0037593492	9604.405184984207
472	0.21535775	0.0	0.21535775	0.21535775	25.0	11800	1.6009479	0.030794835	1.91709	1.5348368	-1.608642	0.004936322	9623.794314622879
473	0.20933332	0.0	0.20933332	0.20933332	25.0	11825	1.5995188	0.028307818	1.920293	1.4929714	-1.6091701	0.0036966205	9643.368002176285
474	0.28673336	0.0	0.28673336	0.28673336	25.0	11850	1.5991623	0.030218763	1.9343652	1.530051	-1.6078405	0.0034786807	9662.710358381271
475	0.12143924	0.0	0.12143924	0.12143924	25.0	11875	1.5997703	0.025579238	1.9370732	1.500874	-1.6080016	0.0030526363	9682.101398468018
476	1.5922816	0.0	1.5922816	1.5922816	25.0	11900	1.6019657	0.026865909	1.8995641	1.5180858	-1.6111212	0.0040151076	9701.562646389008
477	0.90099794	0.0	0.90099794	0.90099794	25.0	11925	1.6039292	0.030056069	1.908423	1.528223	-1.6135238	0.004408248	9720.982421159744
478	0.41000685	0.0	0.41000685	0.41000685	25.0	11950	1.6051193	0.03204894	1.9465317	1.5276908	-1.6148218	0.0051717884	9740.403845787048
479	0.19307649	0.0	0.19307649	0.19307649	25.0	11975	1.599133	0.029751908	1.9658792	1.519235	-1.6078911	0.0033766471	9760.564595460892
480	0.11644106	0.0	0.11644106	0.11644106	25.0	12000	1.6025555	0.031704597	1.9259485	1.5286589	-1.612273	0.0042907433	9781.904443502426
481	0.38692454	0.0	0.38692454	0.38692454	25.0	12025	1.6027013	0.027928038	1.9579217	1.5324439	-1.6088988	0.0037400357	9801.405862092972
482	0.1136617	0.0	0.1136617	0.1136617	25.0	12050	1.6036981	0.027096635	1.8749667	1.5294918	-1.6156241	0.0047892467	9820.774667978287
483	0.20965233	0.0	0.20965233	0.20965233	25.0	12075	1.6044034	0.025339395	1.895165	1.501904	-1.6111034	0.0036632952	9840.193018436432
484	0.22259821	0.0	0.22259821	0.22259821	25.0	12100	1.6020056	0.026483165	1.9228354	1.5309999	-1.6114315	0.0033611641	9859.666198015213
485	0.0	0.0	0.0	0.0	25.0	12125	1.6015455	0.02275064	1.8671764	1.5166425	-1.6115581	0.0035872948	9879.11782169342
486	0.9624406	0.0	0.9624406	0.9624406	25.0	12150	1.6074437	0.02942407	1.9475863	1.5288944	-1.6156516	0.0038524258	9898.749110937119
487	0.078037515	0.0	0.078037515	0.078037515	25.0	12175	1.60555	0.025949901	1.8904197	1.5030621	-1.6176081	0.0034112695	9918.159713506699
488	0.6570735	0.0	0.6570735	0.6570735	25.0	12200	1.6081539	0.02531699	1.9586194	1.5475076	-1.6184386	0.0038752789	9937.554397821426
489	0.27470148	0.0	0.27470148	0.27470148	25.0	12225	1.6089816	0.031817645	1.9783115	1.509282	-1.6191857	0.004988739	9957.850094079971
490	0.1297564	0.0	0.1297564	0.1297564	25.0	12250	1.6097009	0.025209848	1.905112	1.5310583	-1.6191189	0.0037536728	9979.578665733337
491	0.35621482	0.0	0.35621482	0.35621482	25.0	12275	1.6090807	0.027040886	1.9630022	1.516607	-1.6172643	0.003830756	9999.161767721176
492	0.06434736	0.0	0.06434736	0.06434736	25.0	12300	1.6100783	0.025418393	1.9014835	1.533623	-1.615997	0.003546049	10018.723988294601
493	0.55975294	0.0	0.55975294	0.55975294	25.0	12325	1.6118798	0.025826082	1.8774505	1.5358403	-1.6246846	0.004029772	10038.095266580582
494	0.0	0.0	0.0	0.0	25.0	12350	1.6122562	0.022312118	1.8436418	1.5481355	-1.6212056	0.00486443	10057.659276485443
495	0.15010126	0.0	0.15010126	0.15010126	25.0	12375	1.6162387	0.02851934	1.7935009	1.5233647	-1.6280112	0.0042774747	10077.099799394608
496	0.0	0.0	0.0	0.0	25.0	12400	1.6163912	0.028588245	1.9646809	1.5160322	-1.6242454	0.004493607	10096.561738491058
497	0.09850298	0.0	0.09850298	0.09850298	25.0	12425	1.614672	0.024185752	1.8422016	1.5196106	-1.6249315	0.0038811716	10116.923732280731
498	0.3867638	0.0	0.3867638	0.3867638	25.0	12450	1.6172432	0.025661977	1.9651787	1.5472424	-1.6266121	0.0042102654	10136.337955236435
499	0.35222778	0.0	0.35222778	0.35222778	25.0	12475	1.6162529	0.02304203	1.8383207	1.5435284	-1.6267854	0.003321947	10156.640493631363
500	0.24020436	0.0	0.24020436	0.24020436	25.0	12500	1.615311	0.020812355	1.8554718	1.5525763	-1.6238391	0.0029675802	10178.145011663437
501	0.8563917	0.0	0.8563917	0.8563917	25.0	12525	1.6194141	0.028404832	2.018901	1.5268173	-1.6288834	0.004174586	10197.624110221863
502	0.015437622	0.0	0.015437622	0.015437622	25.0	12550	1.6180584	0.025200263	1.8240733	1.4803321	-1.6268901	0.004356582	10216.997083187103
503	0.0	0.0	0.0	0.0	25.0	12575	1.6165875	0.024831306	1.8646066	1.5251703	-1.6256138	0.0039958674	10236.359641551971
504	0.0	0.0	0.0	0.0	25.0	12600	1.6214005	0.026538135	1.9732835	1.4703169	-1.629777	0.0043575596	10255.788992881775
505	1.0074133	0.0	1.0074133	1.0074133	25.0	12625	1.6197885	0.024445843	1.8469324	1.4039325	-1.6291947	0.0034691894	10275.248096466064
506	1.5902396	0.0	1.5902396	1.5902396	25.0	12650	1.6217513	0.025425686	1.8606098	1.555784	-1.6271536	0.0041078124	10295.230052232742
507	0.48172686	0.0	0.48172686	0.48172686	25.0	12675	1.6220905	0.02645969	1.9727577	1.4661366	-1.6293826	0.004077141	10314.642520427704
508	0.029175587	0.0	0.029175587	0.029175587	25.0	12700	1.6204828	0.025796821	1.9122881	1.550468	-1.6292094	0.0038370956	10334.089709997177
509	0.469271	0.0	0.469271	0.469271	25.0	12725	1.621279	0.023895254	1.8556304	1.5299157	-1.6269226	0.0037861466	10354.309315443039
510	0.3700284	0.0	0.3700284	0.3700284	25.0	12750	1.6202104	0.02843863	1.9080927	1.5609827	-1.6275268	0.004719192	10375.719292163849
511	0.26510113	0.0	0.26510113	0.26510113	25.0	12775	1.6232818	0.025393957	1.8937204	1.5127971	-1.6295792	0.0033638945	10395.323837041855
512	0.78381044	0.0	0.78381044	0.78381044	25.0	12800	1.6210966	0.028331617	1.9591447	1.5369719	-1.6274518	0.003781494	10414.70969748497
513	0.2944119	0.0	0.2944119	0.2944119	25.0	12825	1.6219667	0.024994185	1.9284266	1.4350786	-1.6303307	0.0037737645	10434.100059986115
514	0.17687395	0.0	0.17687395	0.17687395	25.0	12850	1.6215438	0.025328979	1.8992631	1.559567	-1.6288397	0.003458946	10453.601213216782
515	0.0	0.0	0.0	0.0	25.0	12875	1.6236796	0.02370298	1.9479681	1.5395402	-1.6303188	0.0041103116	10472.99957704544
516	0.14300138	0.0	0.14300138	0.14300138	25.0	12900	1.6202688	0.026155217	1.8466839	1.5327979	-1.6283865	0.0027860508	10492.387004375458
517	0.051269934	0.0	0.051269934	0.051269934	25.0	12925	1.6215658	0.023052532	1.8244239	1.5216042	-1.6317267	0.0046099513	10511.819737672806
518	0.3210717	0.0	0.3210717	0.3210717	25.0	12950	1.6245614	0.025479259	1.8735788	1.5742246	-1.6350808	0.0043906854	10531.296703577042
519	0.6949049	0.0	0.6949049	0.6949049	25.0	12975	1.6261837	0.026834918	1.9207888	1.5406476	-1.6335965	0.004501962	10551.568702697754
520	0.39619228	0.0	0.39619228	0.39619228	25.0	13000	1.6245669	0.023931053	1.9218599	1.5539551	-1.6303219	0.003620672	10572.994235277176
521	0.17998306	0.0	0.17998306	0.17998306	25.0	13025	1.6213617	0.02277385	1.9004115	1.5432637	-1.630485	0.0033388017	10592.414224147797
522	0.0	0.0	0.0	0.0	25.0	13050	1.6325551	0.03137952	1.9636207	1.5382085	-1.6377875	0.0049813055	10611.850814819336
523	0.0	0.0	0.0	0.0	25.0	13075	1.6242437	0.030065052	1.9339678	1.5629635	-1.6306347	0.0039786394	10631.237545013428
524	0.391408	0.0	0.391408	0.391408	25.0	13100	1.6246088	0.026691973	1.8741422	1.5548685	-1.6322529	0.0041133836	10650.609129667282
525	0.15789926	0.0	0.15789926	0.15789926	25.0	13125	1.6248587	0.026992906	1.9527742	1.5539695	-1.6302338	0.0036083697	10670.113734960556
526	0.090290174	0.0	0.090290174	0.090290174	25.0	13150	1.629093	0.023800613	1.963957	1.5475031	-1.6387616	0.0046315603	10689.499448776245
527	0.12393711	0.0	0.12393711	0.12393711	25.0	13175	1.6261443	0.028022582	1.9920505	1.55618	-1.6302365	0.0040527065	10709.014908790588
528	0.35774517	0.0	0.35774517	0.35774517	25.0	13200	1.6297821	0.026263395	1.8160821	1.5388311	-1.6390998	0.004770676	10728.498695850372
529	0.61993164	0.0	0.61993164	0.61993164	25.0	13225	1.6297057	0.027418168	1.8900312	1.5277337	-1.6393815	0.0052980636	10748.825405836105
530	0.12200485	0.0	0.12200485	0.12200485	25.0	13250	1.6302158	0.02943408	1.9749207	1.5410998	-1.6367682	0.003872683	10770.339168548584
531	0.32689416	0.0	0.32689416	0.32689416	25.0	13275	1.6284262	0.02680634	1.997284	1.5529912	-1.638474	0.0039993287	10789.879284858704
532	0.36260617	0.0	0.36260617	0.36260617	25.0	13300	1.6320947	0.029355727	1.9740583	1.5408715	-1.6390479	0.004324013	10809.319182634354
533	0.13669054	0.0	0.13669054	0.13669054	25.0	13325	1.6329012	0.02894391	1.9853796	1.5186255	-1.6397063	0.0050743995	10828.814042329788
534	0.16919677	0.0	0.16919677	0.16919677	25.0	13350	1.6323513	0.03433161	2.0076027	1.5530431	-1.6415039	0.0058319205	10848.312314987183
535	0.2705945	0.0	0.2705945	0.2705945	25.0	13375	1.6344136	0.031180514	1.9099232	1.5469699	-1.6412027	0.005756527	10867.775006771088
536	0.1083021	0.0	0.1083021	0.1083021	25.0	13400	1.6308402	0.02382485	1.9044105	1.5721871	-1.6378003	0.0034422276	10887.231860637665
537	0.76547146	0.0	0.76547146	0.76547146	25.0	13425	1.6287956	0.025565505	1.9300447	1.5545382	-1.6386037	0.004094914	10906.796676635742
538	1.5323839	0.0	1.5323839	1.5323839	25.0	13450	1.6330067	0.02670129	1.9577891	1.566833	-1.6401236	0.004021702	10926.239593029022
539	0.34164718	0.0	0.34164718	0.34164718	25.0	13475	1.6286463	0.02487488	1.905804	1.5669246	-1.6337355	0.0031425168	10946.563407421112
540	0.5465363	0.0	0.5465363	0.5465363	25.0	13500	1.6360158	0.023118783	1.8369286	1.4916359	-1.6418194	0.005180107	10968.15377831459
541	0.73548156	0.0	0.73548156	0.73548156	25.0	13525	1.6307465	0.022986671	1.8423412	1.5433133	-1.634486	0.0034487569	10987.73619890213
542	0.58227277	0.0	0.58227277	0.58227277	25.0	13550	1.6335471	0.0262101	1.9242141	1.5576762	-1.642128	0.0045190756	11007.177146673203
543	0.16266596	0.0	0.16266596	0.16266596	25.0	13575	1.6283138	0.02624031	1.8736068	1.5403807	-1.6347694	0.0036269245	11026.580117702484
544	0.3112094	0.0	0.3112094	0.3112094	25.0	13600	1.6324154	0.026739037	1.873065	1.5307523	-1.639578	0.004415836	11045.977182149887
545	0.5268998	0.0	0.5268998	0.5268998	25.0	13625	1.6339291	0.02732179	1.955049	1.558927	-1.6408275	0.0045380206	11065.485253095627
546	0.23976459	0.0	0.23976459	0.23976459	25.0	13650	1.6323034	0.02552884	1.8640463	1.5548553	-1.6397656	0.0040720627	11084.938125610352
547	0.13755065	0.0	0.13755065	0.13755065	25.0	13675	1.630357	0.02564048	1.9371123	1.5718646	-1.638839	0.0034301686	11104.312604904175
548	0.37583792	0.0	0.37583792	0.37583792	25.0	13700	1.6344342	0.031958863	2.014263	1.5621934	-1.6420908	0.0038615996	11123.765640497208
549	0.0	0.0	0.0	0.0	25.0	13725	1.6364455	0.031088604	1.9887141	1.5451379	-1.6402006	0.0037361253	11144.024947881699
550	0.0043019773	0.0	0.0043019773	0.0043019773	25.0	13750	1.6332917	0.028287712	1.9949435	1.5437646	-1.6395485	0.0041980203	11165.676355838776
551	0.5889938	0.0	0.5889938	0.5889938	25.0	13775	1.6323336	0.030494764	1.9479904	1.5216038	-1.6401063	0.0042982064	11185.37473487854
552	0.31893688	0.0	0.31893688	0.31893688	25.0	13800	1.6368325	0.026307939	2.011149	1.2570302	-1.6435068	0.0048004575	11204.748148202896
553	0.64636344	0.0	0.64636344	0.64636344	25.0	13825	1.6325018	0.025290264	1.9918916	1.5599884	-1.6374867	0.0028961587	11224.1442861557
554	0.35984078	0.0	0.35984078	0.35984078	25.0	13850	1.6353717	0.029961098	2.100702	1.5540608	-1.6440454	0.003798402	11243.5886054039
555	0.2812258	0.0	0.2812258	0.2812258	25.0	13875	1.6358157	0.025870107	2.0257304	1.5609403	-1.6426239	0.0044908407	11262.9554977417
556	0.50174826	0.0	0.50174826	0.50174826	25.0	13900	1.6348931	0.02508404	1.9321909	1.5757282	-1.639285	0.004279036	11282.445618629456
557	0.3143892	0.0	0.3143892	0.3143892	25.0	13925	1.6346118	0.02241154	1.8961254	1.5287932	-1.6428132	0.0045815543	11301.795977592468
558	0.13318287	0.0	0.13318287	0.13318287	25.0	13950	1.6364931	0.024093313	1.9147829	1.5581688	-1.6434253	0.0036767218	11321.18605518341
559	0.6989467	0.0	0.6989467	0.6989467	25.0	13975	1.6343868	0.02016383	1.9068213	1.5696791	-1.6431404	0.003438119	11341.466063261032
560	0.266927	0.0	0.266927	0.266927	25.0	14000	1.6378385	0.026990537	2.058489	1.5713887	-1.6453619	0.0045333575	11363.069389104843
561	0.7056686	0.0	0.7056686	0.7056686	25.0	14025	1.6371012	0.030771825	2.0525794	1.5763764	-1.6427044	0.0032816422	11382.652709245682
562	0.6317212	0.0	0.6317212	0.6317212	25.0	14050	1.6398758	0.02739262	1.9335239	1.5638454	-1.6481432	0.003524975	11402.102786302567
563	0.10794344	0.0	0.10794344	0.10794344	25.0	14075	1.6409472	0.02845347	1.981586	1.57271	-1.6438498	0.0042917635	11421.53028845787
564	0.14738642	0.0	0.14738642	0.14738642	25.0	14100	1.6349301	0.023376504	1.8321617	1.5203563	-1.6422052	0.0031595319	11441.027470827103
565	0.6344715	0.0	0.6344715	0.6344715	25.0	14125	1.6368363	0.023765557	1.9016237	1.5648484	-1.6449023	0.003943842	11460.542623519897
566	0.1759551	0.0	0.1759551	0.1759551	25.0	14150	1.6372006	0.02638055	1.9253293	1.5478109	-1.6451906	0.003435637	11480.011242389679
567	0.100802444	0.0	0.100802444	0.100802444	25.0	14175	1.6412997	0.025497323	1.9768476	1.5238655	-1.6499745	0.0050694197	11499.462401866913
568	0.6106562	0.0	0.6106562	0.6106562	25.0	14200	1.6425452	0.024532953	1.9147674	1.5795585	-1.6461592	0.005157002	11518.958090782166
569	0.2891242	0.0	0.2891242	0.2891242	25.0	14225	1.6382102	0.026834022	2.008759	1.5104897	-1.6428331	0.0048131067	11539.307633399963
570	0.21218567	0.0	0.21218567	0.21218567	25.0	14250	1.6414396	0.02769536	1.9599333	1.5691779	-1.6489592	0.004442889	11560.987252473831
571	0.3374845	0.0	0.3374845	0.3374845	25.0	14275	1.6407815	0.029983811	1.993901	1.5583848	-1.6471229	0.0038581258	11580.542246103287
572	0.14356437	0.0	0.14356437	0.14356437	25.0	14300	1.6373875	0.029335856	2.0103712	1.5229902	-1.6420246	0.0031007563	11599.9568734169
573	0.72911906	0.0	0.72911906	0.72911906	25.0	14325	1.6378812	0.024706125	1.849027	1.5296211	-1.6475635	0.0037891837	11619.4332447052
574	0.0	0.0	0.0	0.0	25.0	14350	1.6446878	0.029675629	2.1064193	1.5562013	-1.6518931	0.0059598517	11638.863178014755
575	0.758415	0.0	0.758415	0.758415	25.0	14375	1.640152	0.0281429	1.9203188	1.5548769	-1.6461499	0.003586922	11658.351840019226
576	0.5195417	0.0	0.5195417	0.5195417	25.0	14400	1.6394485	0.024852715	1.9353436	1.5618682	-1.644287	0.0032340025	11677.656950473785
577	0.67833614	0.0	0.67833614	0.67833614	25.0	14425	1.6388409	0.031348452	2.0320535	1.4249259	-1.6402446	0.00390913	11697.105088710785
578	0.15852933	0.0	0.15852933	0.15852933	25.0	14450	1.6450324	0.02718342	1.9887335	1.5528748	-1.6486392	0.0047689853	11716.454000711441
579	0.076982155	0.0	0.076982155	0.076982155	25.0	14475	1.6421422	0.024612524	1.8844116	1.5613487	-1.6494328	0.004339132	11736.67913031578
580	0.59832644	0.0	0.59832644	0.59832644	25.0	14500	1.6479492	0.03637135	1.9886986	1.5663755	-1.6533524	0.005123547	11758.364900112152
581	0.58340114	0.0	0.58340114	0.58340114	25.0	14525	1.6435896	0.033458818	1.9986935	1.5630853	-1.6498457	0.0045406246	11777.922691822052
582	0.32652396	0.0	0.32652396	0.32652396	25.0	14550	1.6428393	0.02249473	1.9279411	1.5536776	-1.6501517	0.0046546254	11797.495120286942
583	0.22288157	0.0	0.22288157	0.22288157	25.0	14575	1.6433116	0.025392834	1.9978573	1.5755167	-1.64514	0.0042231577	11816.929260253906
584	1.1841359	0.0	1.1841359	1.1841359	25.0	14600	1.6429248	0.025643073	1.8765329	1.5447247	-1.647247	0.0043418915	11836.375758171082
585	0.75835633	0.0	0.75835633	0.75835633	25.0	14625	1.6390849	0.021778187	1.8677033	1.5704527	-1.6426413	0.0033951073	11855.887235164642
586	0.17767036	0.0	0.17767036	0.17767036	25.0	14650	1.64448	0.025477272	1.938886	1.5701559	-1.6503798	0.0038749853	11875.34922671318
587	0.20919742	0.0	0.20919742	0.20919742	25.0	14675	1.642837	0.027529424	2.0182	1.5760678	-1.6473509	0.0040154923	11894.801277399063
588	0.77756965	0.0	0.77756965	0.77756965	25.0	14700	1.6411253	0.028436504	2.016682	1.5691799	-1.6479014	0.0033624968	11914.25763463974
589	0.259269	0.0	0.259269	0.259269	25.0	14725	1.6444309	0.028668452	2.0348911	1.5623887	-1.6488245	0.004408883	11934.589788198471
590	0.12707327	0.0	0.12707327	0.12707327	25.0	14750	1.6425322	0.026974227	1.8295321	1.5695475	-1.6490369	0.004700964	11956.234514474869
591	0.15341832	0.0	0.15341832	0.15341832	25.0	14775	1.6437699	0.028599722	2.0337024	1.5710001	-1.6477785	0.0047328454	11975.736077547073
592	0.29646704	0.0	0.29646704	0.29646704	25.0	14800	1.6434221	0.02712	1.9714386	1.5762076	-1.6489071	0.003952339	11995.192084550858
593	0.23289888	0.0	0.23289888	0.23289888	25.0	14825	1.6452081	0.026184538	1.9258853	1.4898708	-1.6485181	0.004699399	12014.67792057991
594	0.4234887	0.0	0.4234887	0.4234887	25.0	14850	1.6430115	0.029673787	1.9937395	1.5506523	-1.6472012	0.0036464953	12034.09514594078
595	0.20078103	0.0	0.20078103	0.20078103	25.0	14875	1.6426996	0.024326008	2.0169227	1.5812225	-1.6482166	0.00380571	12053.514111042023
596	0.2673404	0.0	0.2673404	0.2673404	25.0	14900	1.6435766	0.026879916	1.8842735	1.561983	-1.6494621	0.0046449457	12072.951684474945
597	0.17872342	0.0	0.17872342	0.17872342	25.0	14925	1.642456	0.026034104	2.010823	1.5751522	-1.6448567	0.0035445518	12092.345957517624
598	0.53380114	0.0	0.53380114	0.53380114	25.0	14950	1.6417851	0.027538193	1.9571238	1.5727236	-1.6477523	0.004007936	12111.785574674606
599	0.6046566	0.0	0.6046566	0.6046566	25.0	14975	1.642247	0.028363045	1.9569879	1.5866959	-1.6430502	0.003860469	12132.18687415123
600	0.08586254	0.0	0.08586254	0.08586254	25.0	15000	1.6424259	0.026478685	2.0200024	1.5100378	-1.6478877	0.0033311085	12153.858032464981
601	0.58561885	0.0	0.58561885	0.58561885	25.0	15025	1.6404395	0.02605084	2.0089016	1.5650358	-1.6468228	0.0039443825	12173.345705986023
602	0.18675157	0.0	0.18675157	0.18675157	25.0	15050	1.6435459	0.021990638	1.8664476	1.5598603	-1.6483139	0.0043634595	12192.76804947853
603	0.66017306	0.0	0.66017306	0.66017306	25.0	15075	1.6447144	0.028517373	1.978858	1.5641081	-1.6492566	0.004477992	12212.338733196259
604	0.53817064	0.0	0.53817064	0.53817064	25.0	15100	1.6420114	0.025799561	1.9520144	1.5421138	-1.6468387	0.004549851	12231.89943599701
605	0.17623354	0.0	0.17623354	0.17623354	25.0	15125	1.6446936	0.028161967	1.9684668	1.5677503	-1.6505362	0.0050032157	12251.334176778793
606	0.43379864	0.0	0.43379864	0.43379864	25.0	15150	1.641735	0.027979547	2.0228276	1.54845	-1.6462615	0.003784784	12270.74416422844
607	0.6175589	0.0	0.6175589	0.6175589	25.0	15175	1.6443284	0.026116785	1.938511	1.5747807	-1.6478702	0.004348554	12290.107668161392
608	0.49000445	0.0	0.49000445	0.49000445	25.0	15200	1.6453421	0.02691344	2.018252	1.5363829	-1.6511722	0.004316438	12309.560866117477
609	0.29868135	0.0	0.29868135	0.29868135	25.0	15225	1.6475556	0.03022896	1.8713838	1.5165422	-1.6525483	0.0052685332	12330.014626979828
610	0.068735465	0.0	0.068735465	0.068735465	25.0	15250	1.6438088	0.02901938	2.0348055	1.4982961	-1.6465199	0.0037325304	12351.762342214584
611	0.5567216	0.0	0.5567216	0.5567216	25.0	15275	1.6450633	0.027656019	1.9753885	1.5635123	-1.6480412	0.004503186	12371.310216665268
612	0.0731523	0.0	0.0731523	0.0731523	25.0	15300	1.6432282	0.025871344	2.0715342	1.5710063	-1.6497513	0.0034804076	12390.696955919266
613	0.8510681	0.0	0.8510681	0.8510681	25.0	15325	1.6473439	0.02513178	1.9934868	1.521904	-1.6518717	0.0047029955	12410.135117292404
614	1.0249615	0.0	1.0249615	1.0249615	25.0	15350	1.6437886	0.02784923	1.8570777	1.5623087	-1.6489464	0.0039425413	12429.549505710602
615	0.6053798	0.0	0.6053798	0.6053798	25.0	15375	1.6429412	0.026234314	1.8951839	1.3270509	-1.6468832	0.0040925904	12449.13039636612
616	0.06254278	0.0	0.06254278	0.06254278	25.0	15400	1.6447848	0.024844695	1.9191734	1.538155	-1.6508555	0.0052819685	12468.63758802414
617	0.15564495	0.0	0.15564495	0.15564495	25.0	15425	1.649015	0.03269963	2.241255	1.5652533	-1.6552477	0.0059794853	12488.02853178978
618	0.17674461	0.0	0.17674461	0.17674461	25.0	15450	1.6456418	0.024461452	2.004142	1.5495244	-1.648601	0.004068391	12507.54445719719
619	0.38412282	0.0	0.38412282	0.38412282	25.0	15475	1.6470819	0.02746697	1.9640383	1.5768998	-1.6571981	0.004423857	12528.00316977501
620	0.17141095	0.0	0.17141095	0.17141095	25.0	15500	1.6449306	0.031650666	1.8795373	1.5523559	-1.6769748	0.0055156583	12549.75169301033
621	0.6296046	0.0	0.6296046	0.6296046	25.0	15525	1.6447259	0.025606195	1.8390887	1.3969733	-1.6694348	0.0036148468	12569.346866130829
622	0.28822476	0.0	0.28822476	0.28822476	25.0	15550	1.6465137	0.024062416	1.8157139	1.5623293	-1.6764854	0.003561831	12588.891736984253
623	0.13537532	0.0	0.13537532	0.13537532	25.0	15575	1.646042	0.023752509	1.9369881	1.5783373	-1.6694968	0.004424626	12608.341494560242
624	0.54709315	0.0	0.54709315	0.54709315	25.0	15600	1.6467706	0.025242189	2.027442	1.5675074	-1.6632555	0.0045480137	12627.772460699081
625	0.02843106	0.0	0.02843106	0.02843106	25.0	15625	1.6478232	0.028217621	1.9569165	1.5598236	-1.6594017	0.005230307	12647.1864964962
626	0.5879211	0.0	0.5879211	0.5879211	25.0	15650	1.6432338	0.029224748	1.9742119	1.5768045	-1.6599461	0.0030793794	12666.693789243698
627	0.5092988	0.0	0.5092988	0.5092988	25.0	15675	1.6468796	0.023719832	1.8437612	1.5700461	-1.6540685	0.004004707	12686.28508424759
628	0.0	0.0	0.0	0.0	25.0	15700	1.6500877	0.024775095	2.0159063	1.5438454	-1.6554593	0.0055513363	12705.629175424576
629	0.50755984	0.0	0.50755984	0.50755984	25.0	15725	1.646928	0.026269734	2.0472076	1.5615466	-1.658759	0.0040481607	12726.093943595886
630	0.25021455	0.0	0.25021455	0.25021455	25.0	15750	1.6446252	0.020962588	1.9140991	1.5565445	-1.6439916	0.003356167	12748.025276899338
631	0.32185733	0.0	0.32185733	0.32185733	25.0	15775	1.6507818	0.024188522	1.997381	1.577232	-1.6650828	0.0034902073	12767.625467300415
632	0.6078784	0.0	0.6078784	0.6078784	25.0	15800	1.6544491	0.024032805	1.9346199	1.252009	-1.6614565	0.0029352272	12787.146723031998
633	0.94200677	0.0	0.94200677	0.94200677	25.0	15825	1.6624478	0.022640912	2.0148132	1.6000825	-1.6824608	0.0035532753	12806.690195083618
634	0.07009588	0.0	0.07009588	0.07009588	25.0	15850	1.6576892	0.023744399	2.056583	1.5806705	-1.6766728	0.003910359	12826.135786533356
635	1.5750809	0.0	1.5750809	1.5750809	25.0	15875	1.65922	0.024469938	2.0257008	1.5733445	-1.6749454	0.0038717105	12845.60278558731
636	0.27363837	0.0	0.27363837	0.27363837	25.0	15900	1.6565062	0.02070476	1.8674836	1.587916	-1.6766237	0.004533469	12865.096983909607
