Epoch	AverageEpRet	StdEpRet	MaxEpRet	MinEpRet	EpLen	TotalEnvInteracts	AverageQVals	StdQVals	MaxQVals	MinQVals	LossPi	LossQ	Time
1	4.426718	0.0	4.426718	4.426718	25.0	25	0.17265789	0.26861292	1.0677682	-1.0899489	-0.33176407	0.03100148	20.611523389816284
2	4.2141848	0.0	4.2141848	4.2141848	25.0	50	0.20650369	0.22888859	1.073915	-0.47321314	-2.1676192	0.021665411	39.608853340148926
3	5.0529985	0.0	5.0529985	5.0529985	25.0	75	0.34486008	0.23908967	1.4179693	-0.3187104	-5.952968	0.013939449	58.56662726402283
4	4.328237	0.0	4.328237	4.328237	25.0	100	0.6198031	0.29919186	2.1764636	-0.12643942	-7.6902037	0.014973673	77.56313395500183
5	0.98600435	0.0	0.98600435	0.98600435	25.0	125	1.1337842	1.1845	8.286797	-0.97460693	-1.2893846	1.4422846	96.49602031707764
6	0.6369024	0.0	0.6369024	0.6369024	25.0	150	1.3509096	0.3495944	3.2133694	0.6471519	-1.3852768	0.042605657	115.48578953742981
7	0.06752585	0.0	0.06752585	0.06752585	25.0	175	1.4690251	0.3178533	3.2789314	1.0800068	-1.4985216	0.007375015	134.465833902359
8	0.09066052	0.0	0.09066052	0.09066052	25.0	200	1.4204828	0.2749564	3.055088	1.1649382	-1.4528785	0.004516057	153.40622186660767
9	0.0	0.0	0.0	0.0	25.0	225	1.2917273	0.22516465	2.8131952	1.0737258	-1.3092319	0.0025557855	172.35597205162048
10	0.5929347	0.0	0.5929347	0.5929347	25.0	250	1.2224748	0.18962009	2.41457	1.0355293	-1.341893	0.00195813	191.65139532089233
11	0.18464364	0.0	0.18464364	0.18464364	25.0	275	1.2254869	0.17391255	2.2908044	1.0280968	-1.4046109	0.0041587735	210.6625897884369
12	1.2304317	0.0	1.2304317	1.2304317	25.0	300	1.2557364	0.17118917	2.258419	1.0734673	-1.4152111	0.0038295568	229.64069724082947
13	0.8496775	0.0	0.8496775	0.8496775	25.0	325	1.2702768	0.15237437	2.2524934	1.05534	-1.450659	0.0046177534	248.62962794303894
14	0.8438723	0.0	0.8438723	0.8438723	25.0	350	1.2734963	0.1307109	2.2218006	1.1032625	-1.4761499	0.0041489187	267.61501717567444
15	0.21583627	0.0	0.21583627	0.21583627	25.0	375	1.2641529	0.1266392	2.185291	1.1000713	-1.3806016	0.0038471485	286.6451804637909
16	0.15110314	0.0	0.15110314	0.15110314	25.0	400	1.2791789	0.121388465	2.1351645	1.1461831	-1.480516	0.0033631204	305.6596863269806
17	0.3465606	0.0	0.3465606	0.3465606	25.0	425	1.2873949	0.11498578	2.138475	1.1571054	-1.465364	0.0031307533	324.6332275867462
18	0.42191777	0.0	0.42191777	0.42191777	25.0	450	1.313178	0.12049793	2.139697	1.1468648	-1.6383348	0.0034681382	343.6374089717865
19	2.5717053	0.0	2.5717053	2.5717053	25.0	475	1.3413849	0.10330106	2.1638317	1.1877217	-1.479131	0.0063129896	362.6306371688843
20	0.57739615	0.0	0.57739615	0.57739615	25.0	500	1.3937916	0.10813834	2.2062914	1.2444549	-1.5945523	0.0049025123	382.01913928985596
21	0.06076478	0.0	0.06076478	0.06076478	25.0	525	1.4720817	0.10091831	2.3343515	1.3257483	-1.5818529	0.004061035	401.20246291160583
22	0.0	0.0	0.0	0.0	25.0	550	1.5792892	0.104278915	2.4263647	1.4456674	-1.7112453	0.00466169	420.3658742904663
23	0.34401283	0.0	0.34401283	0.34401283	25.0	575	1.6764041	0.1100994	2.5656	1.5237195	-1.7900006	0.008878503	439.44836235046387
24	0.15252908	0.0	0.15252908	0.15252908	25.0	600	1.7182344	0.11024885	2.622485	1.5513955	-1.7979784	0.0036875405	458.50628638267517
25	0.119364984	0.0	0.119364984	0.119364984	25.0	625	1.7631451	0.099397615	2.665198	1.6489446	-1.989145	0.004661531	477.6016161441803
26	0.65095323	0.0	0.65095323	0.65095323	25.0	650	1.8162432	0.11330066	2.7058785	1.685694	-2.0183244	0.0048719295	496.7000548839569
27	0.89918333	0.0	0.89918333	0.89918333	25.0	675	1.8481174	0.09230321	2.718966	1.7178227	-2.0762277	0.005051749	515.8224475383759
28	2.321557	0.0	2.321557	2.321557	25.0	700	1.8935078	0.09737537	2.7804399	1.7571391	-2.347112	0.006685004	534.9089157581329
29	0.837117	0.0	0.837117	0.837117	25.0	725	1.9273193	0.107312456	2.7810576	1.6990292	-2.3725681	0.007195949	554.190655708313
30	0.49335665	0.0	0.49335665	0.49335665	25.0	750	1.9391803	0.12355797	2.8697062	1.5984414	-2.3341024	0.01269033	573.660279750824
31	1.4360889	0.0	1.4360889	1.4360889	25.0	775	1.9436293	0.11470011	2.848842	1.6802545	-2.0766027	0.0099569345	592.7383136749268
32	0.48305646	0.0	0.48305646	0.48305646	25.0	800	1.9722133	0.1005943	2.8367224	1.8028723	-2.4105244	0.007550602	611.9282691478729
33	0.11869684	0.0	0.11869684	0.11869684	25.0	825	1.9826517	0.10817939	2.8188283	1.5962499	-2.2551832	0.011747854	631.0471858978271
34	0.15448529	0.0	0.15448529	0.15448529	25.0	850	1.9888511	0.08967626	2.8608744	1.7386031	-2.1952698	0.0071510784	650.2121164798737
35	0.50528944	0.0	0.50528944	0.50528944	25.0	875	2.048695	0.102966234	2.9808393	1.8063477	-2.212662	0.006631913	669.2456245422363
36	0.36954466	0.0	0.36954466	0.36954466	25.0	900	2.1721246	0.09317304	2.9895446	1.900944	-2.3747768	0.006937347	688.4271426200867
37	0.12032658	0.0	0.12032658	0.12032658	25.0	925	2.3256917	0.095931455	3.1382852	2.1202526	-2.4749591	0.0070520462	707.6290247440338
38	0.0	0.0	0.0	0.0	25.0	950	2.4581666	0.09984571	3.2687218	2.2464023	-2.7141883	0.0067221657	726.8353409767151
39	0.90546	0.0	0.90546	0.90546	25.0	975	2.5463233	0.09839817	3.5170732	2.3655	-2.80605	0.0067313192	746.0900337696075
40	0.5581688	0.0	0.5581688	0.5581688	25.0	1000	2.6240165	0.106473446	3.5557833	2.419375	-2.7775102	0.0052896203	765.6461675167084
41	0.6905677	0.0	0.6905677	0.6905677	25.0	1025	2.7389033	0.092305966	3.671825	2.5720155	-2.9145312	0.008586154	784.7942612171173
42	0.12560676	0.0	0.12560676	0.12560676	25.0	1050	2.82587	0.09160738	3.8516383	2.6586366	-3.138929	0.006617561	804.0174522399902
43	0.20044993	0.0	0.20044993	0.20044993	25.0	1075	2.9217596	0.104258806	3.9408972	2.7297602	-3.1877897	0.0071046934	823.2233340740204
44	0.8896514	0.0	0.8896514	0.8896514	25.0	1100	2.9917817	0.08991011	3.903081	2.692379	-3.128119	0.005016554	842.4564874172211
45	0.0	0.0	0.0	0.0	25.0	1125	3.0442724	0.103433765	4.0776033	2.8302863	-3.155272	0.007170403	861.635315656662
46	1.1415128	0.0	1.1415128	1.1415128	25.0	1150	3.0774806	0.09191597	4.0888405	2.896188	-3.1962337	0.006255514	880.7202265262604
47	0.13357735	0.0	0.13357735	0.13357735	25.0	1175	3.1136725	0.083472215	4.038563	2.9615357	-3.2574859	0.0066358508	899.88543176651
48	0.027173324	0.0	0.027173324	0.027173324	25.0	1200	3.1463537	0.09735359	4.2045126	2.949772	-3.449028	0.0059392657	919.0135064125061
49	0.2907852	0.0	0.2907852	0.2907852	25.0	1225	3.1795206	0.0922826	3.980363	2.773511	-3.419061	0.008126229	938.1309468746185
50	0.1338188	0.0	0.1338188	0.1338188	25.0	1250	3.210414	0.08776687	4.183909	3.0132473	-3.418822	0.005910531	957.6699302196503
51	0.50358063	0.0	0.50358063	0.50358063	25.0	1275	3.2562623	0.09232198	4.2383847	3.0845544	-3.463745	0.006938945	976.7458844184875
52	0.17112267	0.0	0.17112267	0.17112267	25.0	1300	3.2976332	0.108453974	4.399282	2.8067057	-3.472752	0.0072211563	995.911301612854
53	0.20506507	0.0	0.20506507	0.20506507	25.0	1325	3.347727	0.08937196	4.400349	3.104718	-3.4803884	0.0058997483	1015.1158525943756
54	0.22092392	0.0	0.22092392	0.22092392	25.0	1350	3.4064429	0.09692108	4.3751082	3.1841218	-3.5566235	0.0061433893	1034.3301963806152
55	0.6337819	0.0	0.6337819	0.6337819	25.0	1375	3.457547	0.10386522	4.4342713	3.0303018	-3.651524	0.0068586105	1053.5288889408112
56	0.22543849	0.0	0.22543849	0.22543849	25.0	1400	3.4998572	0.10370563	5.472878	2.9718919	-3.662029	0.010931506	1072.8291628360748
57	0.13915695	0.0	0.13915695	0.13915695	25.0	1425	3.5293093	0.11093031	4.5222	2.4532301	-3.660992	0.0097114155	1092.1095526218414
58	0.292089	0.0	0.292089	0.292089	25.0	1450	3.556558	0.08516149	4.374688	3.134252	-3.6866202	0.0081556365	1111.2935042381287
59	0.66256267	0.0	0.66256267	0.66256267	25.0	1475	3.5829651	0.10786535	4.623412	3.097907	-3.7952917	0.008874244	1130.4434869289398
60	0.71783334	0.0	0.71783334	0.71783334	25.0	1500	3.6027563	0.09329384	4.534662	3.1145966	-3.9005249	0.007481494	1149.9613490104675
61	0.7631672	0.0	0.7631672	0.7631672	25.0	1525	3.6251884	0.09518315	4.634477	2.821356	-3.8702	0.007660612	1169.1772329807281
62	0.17629834	0.0	0.17629834	0.17629834	25.0	1550	3.650824	0.10689831	4.7598677	3.2415528	-3.8105361	0.0080635855	1188.3741056919098
63	0.0	0.0	0.0	0.0	25.0	1575	3.6798618	0.08670779	4.5453353	3.2627287	-3.8062944	0.006855076	1207.5501244068146
64	0.695286	0.0	0.695286	0.695286	25.0	1600	3.7116144	0.07477852	4.563497	3.339713	-3.8729062	0.006980006	1226.7347929477692
65	0.27052742	0.0	0.27052742	0.27052742	25.0	1625	3.7381482	0.08030223	4.490567	3.245604	-3.9002638	0.006886157	1245.8668701648712
66	0.06241207	0.0	0.06241207	0.06241207	25.0	1650	3.7622662	0.09744796	4.7655888	2.8460007	-3.9033356	0.0062934593	1265.044626712799
67	0.32145274	0.0	0.32145274	0.32145274	25.0	1675	3.786542	0.091019675	4.8646126	3.5266283	-3.925383	0.0067926184	1284.2708115577698
68	0.20030601	0.0	0.20030601	0.20030601	25.0	1700	3.8110046	0.08545332	4.8012815	3.3183305	-3.9392676	0.0064120167	1303.4426898956299
69	0.3579507	0.0	0.3579507	0.3579507	25.0	1725	3.8328388	0.08624304	4.833994	3.2260897	-3.9671152	0.006860596	1322.6116726398468
70	0.0	0.0	0.0	0.0	25.0	1750	3.8506193	0.090227075	4.976117	3.494071	-3.9858823	0.006550616	1342.2300877571106
71	0.4399675	0.0	0.4399675	0.4399675	25.0	1775	3.882866	0.09749972	4.7411556	3.596192	-4.00841	0.008354299	1361.4556210041046
72	0.01831122	0.0	0.01831122	0.01831122	25.0	1800	3.8959038	0.08914568	4.903965	3.2436616	-4.0455213	0.0077772164	1380.6893832683563
73	0.4954932	0.0	0.4954932	0.4954932	25.0	1825	3.919036	0.095091395	5.012031	3.6319282	-4.1202197	0.0071590785	1399.8947427272797
74	0.39387032	0.0	0.39387032	0.39387032	25.0	1850	3.9268134	0.089404345	4.912813	3.6397119	-4.127357	0.007108976	1419.1080276966095
75	0.19172645	0.0	0.19172645	0.19172645	25.0	1875	3.9463074	0.08466627	4.9164314	3.6985326	-4.1010065	0.0068761026	1438.3721425533295
76	0.13407552	0.0	0.13407552	0.13407552	25.0	1900	3.9663885	0.08241363	5.0325527	3.6852813	-4.118942	0.005275271	1457.5444881916046
77	0.014166213	0.0	0.014166213	0.014166213	25.0	1925	3.9926934	0.09061661	5.012844	3.797289	-4.1454916	0.004948195	1476.8291699886322
78	0.0	0.0	0.0	0.0	25.0	1950	4.0194263	0.07983908	5.0144496	3.7331629	-4.1852236	0.0053504454	1496.1641268730164
79	0.0	0.0	0.0	0.0	25.0	1975	4.041574	0.07879516	5.1899014	3.8502953	-4.2168703	0.0055186558	1515.3713283538818
80	1.3718935	0.0	1.3718935	1.3718935	25.0	2000	4.063651	0.080886886	5.0848913	3.0459716	-4.2291045	0.006281769	1535.0614988803864
81	0.6388022	0.0	0.6388022	0.6388022	25.0	2025	4.0853963	0.084440686	4.96199	2.8487327	-4.251364	0.006803788	1554.324625968933
82	1.0469035	0.0	1.0469035	1.0469035	25.0	2050	4.106545	0.09040591	5.070307	3.6974533	-4.2743983	0.006235625	1573.5083093643188
83	0.5531415	0.0	0.5531415	0.5531415	25.0	2075	4.123284	0.094775416	5.1571	3.9246585	-4.323014	0.0062523703	1592.7689666748047
84	0.26939383	0.0	0.26939383	0.26939383	25.0	2100	4.1399403	0.0901941	5.8552914	3.884437	-4.3215704	0.0076382495	1612.0192921161652
85	0.32791394	0.0	0.32791394	0.32791394	25.0	2125	4.1591015	0.08138902	5.2860665	3.8762724	-4.3323913	0.0056358106	1631.2719740867615
86	0.09202912	0.0	0.09202912	0.09202912	25.0	2150	4.1812406	0.08317155	5.020547	3.6585023	-4.4127445	0.006032754	1650.626692533493
87	0.06434549	0.0	0.06434549	0.06434549	25.0	2175	4.199576	0.10971302	5.4949937	2.5094166	-4.450275	0.008262398	1669.969401359558
88	0.38143134	0.0	0.38143134	0.38143134	25.0	2200	4.220095	0.089652844	4.9712067	3.9234421	-4.410552	0.009213204	1689.3098421096802
89	0.36153275	0.0	0.36153275	0.36153275	25.0	2225	4.2372966	0.09905744	5.4940796	3.9056094	-4.400979	0.0072372044	1708.9005274772644
90	1.2821507	0.0	1.2821507	1.2821507	25.0	2250	4.2501183	0.08719915	5.2341375	3.8100138	-4.4178824	0.0063573997	1728.6301712989807
91	0.0	0.0	0.0	0.0	25.0	2275	4.2768755	0.09071898	5.4345326	3.9166458	-4.432341	0.0075436854	1747.8054349422455
92	0.8118769	0.0	0.8118769	0.8118769	25.0	2300	4.303299	0.088930115	5.437645	3.7297184	-4.4484825	0.007325522	1766.9859492778778
93	0.2108423	0.0	0.2108423	0.2108423	25.0	2325	4.327982	0.0922364	5.3635855	3.773694	-4.4875107	0.0062707793	1786.1919057369232
94	0.8124618	0.0	0.8124618	0.8124618	25.0	2350	4.357655	0.077987365	5.0763392	4.079811	-4.523914	0.0077354806	1805.5108551979065
95	0.32253605	0.0	0.32253605	0.32253605	25.0	2375	4.382625	0.083257735	5.52206	4.043891	-4.538596	0.006771419	1824.7755954265594
96	0.16213672	0.0	0.16213672	0.16213672	25.0	2400	4.402325	0.08366949	5.449404	4.0590487	-4.5689564	0.0076755215	1844.1029815673828
97	0.2506075	0.0	0.2506075	0.2506075	25.0	2425	4.418003	0.09632105	5.4529514	4.0776353	-4.6068287	0.007324359	1863.3785712718964
98	0.48011014	0.0	0.48011014	0.48011014	25.0	2450	4.429864	0.07835964	5.408599	3.8613353	-4.651076	0.005703132	1882.7739913463593
99	0.17774707	0.0	0.17774707	0.17774707	25.0	2475	4.4550385	0.091789596	5.555786	4.2376227	-4.6681194	0.0067841588	1902.1412680149078
100	1.0422605	0.0	1.0422605	1.0422605	25.0	2500	4.46813	0.08141369	5.352591	4.0910864	-4.669502	0.007637399	1921.9134690761566
101	0.7651438	0.0	0.7651438	0.7651438	25.0	2525	4.497762	0.07987618	5.5065274	4.25427	-4.6896057	0.008266153	1941.1487398147583
102	0.0	0.0	0.0	0.0	25.0	2550	4.5227437	0.09745854	5.508044	4.158667	-4.7128654	0.009358115	1960.5367081165314
103	0.6648035	0.0	0.6648035	0.6648035	25.0	2575	4.5468554	0.081100516	5.5937285	4.108088	-4.7654557	0.0074005006	1979.8444294929504
104	0.80867374	0.0	0.80867374	0.80867374	25.0	2600	4.5748234	0.083681285	5.597601	4.3344793	-4.78972	0.0068072276	1999.2498950958252
105	0.103379495	0.0	0.103379495	0.103379495	25.0	2625	4.6006637	0.0844222	5.7692504	3.860997	-4.799497	0.00699713	2018.530965089798
106	0.24103528	0.0	0.24103528	0.24103528	25.0	2650	4.619817	0.08760195	5.731119	4.336344	-4.8219066	0.0062326975	2037.8680791854858
107	0.30045494	0.0	0.30045494	0.30045494	25.0	2675	4.6506352	0.0913514	6.011415	3.956291	-4.8366604	0.0069346474	2057.1454861164093
108	0.042214513	0.0	0.042214513	0.042214513	25.0	2700	4.6734114	0.08086178	5.670116	4.322367	-4.8556666	0.007050565	2076.6603062152863
109	0.80294615	0.0	0.80294615	0.80294615	25.0	2725	4.6995416	0.090112716	6.0077763	4.3601613	-4.8782015	0.009014599	2095.9546027183533
110	0.0639877	0.0	0.0639877	0.0639877	25.0	2750	4.720182	0.08582384	5.6654944	4.0044904	-4.904845	0.00764989	2115.8750874996185
111	0.1954949	0.0	0.1954949	0.1954949	25.0	2775	4.7375827	0.09293727	5.9353247	3.9080029	-4.9118724	0.008340902	2135.5340478420258
112	0.58666164	0.0	0.58666164	0.58666164	25.0	2800	4.7627497	0.10047344	6.266814	4.357828	-4.9287705	0.008817769	2154.7863738536835
113	0.48621505	0.0	0.48621505	0.48621505	25.0	2825	4.77102	0.10763048	6.2821493	4.155742	-4.9549007	0.01299766	2174.070936203003
114	0.12692213	0.0	0.12692213	0.12692213	25.0	2850	4.7914653	0.0846414	5.913068	4.297629	-4.983494	0.009057242	2193.4223341941833
115	0.038322385	0.0	0.038322385	0.038322385	25.0	2875	4.8156295	0.09302728	5.7878976	4.01528	-5.0121503	0.010900736	2212.68262052536
116	0.09598536	0.0	0.09598536	0.09598536	25.0	2900	4.830131	0.12013394	6.269929	2.0838785	-5.05819	0.014097672	2231.9571154117584
117	0.8394708	0.0	0.8394708	0.8394708	25.0	2925	4.851126	0.11221572	6.2563696	4.1435843	-5.08448	0.012455068	2251.253821372986
118	0.449673	0.0	0.449673	0.449673	25.0	2950	4.8630896	0.09835371	6.6835566	4.220966	-5.0717897	0.011041932	2270.5410611629486
119	0.19791399	0.0	0.19791399	0.19791399	25.0	2975	4.8920665	0.097808056	5.842886	3.6621935	-5.0958753	0.010613396	2289.804806947708
120	0.28556648	0.0	0.28556648	0.28556648	25.0	3000	4.9143467	0.08987572	5.9695396	4.2350926	-5.111086	0.0073087085	2309.586381673813
121	0.2891772	0.0	0.2891772	0.2891772	25.0	3025	4.9421144	0.10011293	6.227117	4.4215565	-5.1225963	0.008247238	2328.895459651947
122	0.4072591	0.0	0.4072591	0.4072591	25.0	3050	4.9592576	0.078203	5.792276	4.5860696	-5.1570644	0.007254285	2348.174444437027
123	0.6849319	0.0	0.6849319	0.6849319	25.0	3075	4.986127	0.08246984	6.0742345	4.7396655	-5.1664205	0.0063874447	2367.50354886055
124	0.024894435	0.0	0.024894435	0.024894435	25.0	3100	5.008375	0.083032906	6.1977053	4.7890077	-5.1938143	0.007289448	2386.7758882045746
125	0.46145657	0.0	0.46145657	0.46145657	25.0	3125	5.0320306	0.09384156	6.248512	4.470076	-5.228833	0.008790264	2406.111711025238
126	0.43518496	0.0	0.43518496	0.43518496	25.0	3150	5.0458136	0.07927648	5.9691076	4.550787	-5.2661047	0.007047011	2425.3746058940887
127	0.0	0.0	0.0	0.0	25.0	3175	5.069347	0.08770779	6.4090943	4.792048	-5.2987666	0.007981151	2444.6619021892548
128	0.19706759	0.0	0.19706759	0.19706759	25.0	3200	5.0847297	0.08607857	6.136805	4.8092375	-5.2891083	0.007460843	2463.880110502243
129	0.0	0.0	0.0	0.0	25.0	3225	5.1046586	0.078459494	5.8553753	4.8876677	-5.2974	0.008108004	2483.06281709671
130	0.0	0.0	0.0	0.0	25.0	3250	5.1257114	0.08301744	6.181631	4.7748404	-5.324773	0.0077511016	2502.9395730495453
131	0.61755276	0.0	0.61755276	0.61755276	25.0	3275	5.1509986	0.07486653	6.315396	4.8432746	-5.337163	0.007986349	2522.27627491951
132	0.06721483	0.0	0.06721483	0.06721483	25.0	3300	5.1782813	0.07871305	6.194988	5.020808	-5.352986	0.0069874893	2541.6179814338684
133	0.67042214	0.0	0.67042214	0.67042214	25.0	3325	5.191648	0.08228849	6.2263145	4.945229	-5.4136024	0.007166881	2560.941461801529
134	0.48124778	0.0	0.48124778	0.48124778	25.0	3350	5.2153883	0.083719745	6.4258113	4.999635	-5.503599	0.006904701	2580.5149660110474
135	0.21678978	0.0	0.21678978	0.21678978	25.0	3375	5.232764	0.06995954	6.1438794	5.0732794	-5.4766917	0.0062692035	2599.9095346927643
136	0.5224163	0.0	0.5224163	0.5224163	25.0	3400	5.251768	0.09131323	6.279101	5.06827	-5.4600105	0.005590692	2619.2301399707794
137	0.58296967	0.0	0.58296967	0.58296967	25.0	3425	5.2784033	0.08507446	6.2117777	4.8727264	-5.4873724	0.008151722	2638.524896144867
138	0.35365513	0.0	0.35365513	0.35365513	25.0	3450	5.3108587	0.07435607	5.9254026	5.1248837	-5.5301347	0.007971141	2657.8205296993256
139	0.08375615	0.0	0.08375615	0.08375615	25.0	3475	5.351794	0.09081616	6.2126374	5.1080847	-5.5565615	0.009357306	2677.172797203064
140	0.76177776	0.0	0.76177776	0.76177776	25.0	3500	5.383048	0.082101315	6.8588667	5.2117753	-5.590301	0.0063902163	2697.0482687950134
141	0.34692594	0.0	0.34692594	0.34692594	25.0	3525	5.402468	0.092771485	6.441351	5.1565814	-5.6118035	0.009949213	2716.356130361557
142	0.14486872	0.0	0.14486872	0.14486872	25.0	3550	5.4317155	0.08638264	6.5637956	4.996353	-5.6323686	0.0072570397	2735.6530096530914
143	0.50771356	0.0	0.50771356	0.50771356	25.0	3575	5.4548364	0.08508112	6.3748174	5.206539	-5.6509385	0.008349922	2754.9257781505585
144	0.0	0.0	0.0	0.0	25.0	3600	5.4700947	0.085582346	6.593542	5.274238	-5.665701	0.0072825984	2774.277459859848
145	1.4973758	0.0	1.4973758	1.4973758	25.0	3625	5.4908504	0.08829084	6.9718657	5.210624	-5.6834426	0.007033755	2793.6928067207336
146	0.0	0.0	0.0	0.0	25.0	3650	5.5117664	0.089003004	6.425761	5.256928	-5.711594	0.007475691	2812.9829502105713
147	1.2341231	0.0	1.2341231	1.2341231	25.0	3675	5.528759	0.096945286	7.163215	4.8326564	-5.738816	0.0104453685	2832.3668699264526
148	0.2952714	0.0	0.2952714	0.2952714	25.0	3700	5.554602	0.106082164	7.216862	4.6820264	-5.7537107	0.011502225	2851.5619044303894
149	0.20775919	0.0	0.20775919	0.20775919	25.0	3725	5.569547	0.10196812	7.1415176	5.0966396	-5.7907147	0.012022192	2870.9683272838593
150	0.0	0.0	0.0	0.0	25.0	3750	5.59562	0.11326277	7.294316	4.935442	-5.7924232	0.011134616	2890.8537476062775
151	0.44639432	0.0	0.44639432	0.44639432	25.0	3775	5.614972	0.11278643	6.5947385	4.0413423	-5.8206224	0.014704197	2910.1489696502686
152	0.28007948	0.0	0.28007948	0.28007948	25.0	3800	5.626539	0.08570834	6.9168715	5.016081	-5.8380585	0.00947879	2929.447185754776
153	0.0	0.0	0.0	0.0	25.0	3825	5.653635	0.09481176	7.02544	4.7596955	-5.856982	0.010506345	2948.7156183719635
154	0.31864592	0.0	0.31864592	0.31864592	25.0	3850	5.6670628	0.08795875	6.6412544	4.3351493	-5.8739843	0.009666782	2968.149851322174
155	0.78938496	0.0	0.78938496	0.78938496	25.0	3875	5.691764	0.09125209	6.8436475	5.1123037	-5.895909	0.008484578	2987.513296365738
156	0.1942043	0.0	0.1942043	0.1942043	25.0	3900	5.7171702	0.102600336	6.933393	5.203348	-5.918793	0.010003147	3006.90878367424
157	0.094422884	0.0	0.094422884	0.094422884	25.0	3925	5.7382646	0.10938886	6.9996796	4.8921895	-5.951795	0.010437486	3026.2923192977905
158	0.7053848	0.0	0.7053848	0.7053848	25.0	3950	5.7532253	0.09205585	6.776974	5.104348	-5.960741	0.011430119	3045.5804793834686
159	0.0	0.0	0.0	0.0	25.0	3975	5.779591	0.093272544	6.815994	5.612406	-5.9860244	0.008575852	3064.9270737171173
160	0.40479666	0.0	0.40479666	0.40479666	25.0	4000	5.7931447	0.095153615	7.217604	4.53496	-6.0428224	0.009713898	3084.7645812034607
161	0.2794608	0.0	0.2794608	0.2794608	25.0	4025	5.819606	0.10441392	7.267223	4.5714974	-6.062881	0.010031299	3104.1544091701508
162	0.17831959	0.0	0.17831959	0.17831959	25.0	4050	5.8374977	0.09598094	7.011843	5.3785434	-6.076503	0.011060486	3123.500140428543
163	0.9611244	0.0	0.9611244	0.9611244	25.0	4075	5.8625307	0.08776237	6.9775386	5.2113695	-6.102801	0.009504396	3142.7613999843597
164	0.124854974	0.0	0.124854974	0.124854974	25.0	4100	5.8910046	0.082454726	7.16446	5.528526	-6.117609	0.009758993	3162.1692564487457
165	0.14716747	0.0	0.14716747	0.14716747	25.0	4125	5.918019	0.11209913	7.2365456	5.620582	-6.1441283	0.012190797	3181.4900736808777
166	0.632569	0.0	0.632569	0.632569	25.0	4150	5.945906	0.084260754	6.6730666	5.3344636	-6.1937957	0.009901537	3200.8520073890686
167	0.32546884	0.0	0.32546884	0.32546884	25.0	4175	5.9731274	0.09644964	7.1088758	4.8276	-6.2119737	0.0113875745	3220.18985915184
168	0.0	0.0	0.0	0.0	25.0	4200	5.992427	0.09554296	6.912426	5.3502774	-6.223665	0.010269156	3242.6051647663116
169	1.2379367	0.0	1.2379367	1.2379367	25.0	4225	6.008855	0.097489566	7.005083	4.7253494	-6.2735515	0.011655178	3261.809314250946
170	0.21031412	0.0	0.21031412	0.21031412	25.0	4250	6.035265	0.101094574	7.280561	5.0996513	-6.3146935	0.010658873	3281.708963394165
171	0.35189608	0.0	0.35189608	0.35189608	25.0	4275	6.0549374	0.09575599	6.996519	5.057236	-6.3260407	0.00987543	3300.938617706299
172	0.54529816	0.0	0.54529816	0.54529816	25.0	4300	6.088215	0.086968504	7.4069242	4.8782887	-6.3494587	0.009980295	3320.320370912552
173	1.1010507	0.0	1.1010507	1.1010507	25.0	4325	6.126955	0.08504826	7.908702	5.7165875	-6.3784723	0.010202844	3339.7054204940796
174	0.18208069	0.0	0.18208069	0.18208069	25.0	4350	6.1649475	0.101563744	7.577262	5.2992396	-6.4022036	0.010551373	3359.075410604477
175	0.26089066	0.0	0.26089066	0.26089066	25.0	4375	6.1962185	0.10785142	7.647711	5.667002	-6.432223	0.01305368	3378.48877453804
176	0.61201173	0.0	0.61201173	0.61201173	25.0	4400	6.228478	0.08924873	7.094912	5.8968434	-6.4559298	0.008650662	3397.80081987381
177	0.27353263	0.0	0.27353263	0.27353263	25.0	4425	6.2529755	0.09740437	7.5460806	5.761564	-6.4882135	0.008955705	3417.6947133541107
178	0.7538206	0.0	0.7538206	0.7538206	25.0	4450	6.2792177	0.08639497	7.601511	5.8141465	-6.505724	0.009572626	3437.0813994407654
179	0.0857805	0.0	0.0857805	0.0857805	25.0	4475	6.303506	0.08462854	7.1856585	6.0283866	-6.5450964	0.009202196	3456.399814605713
180	0.1347075	0.0	0.1347075	0.1347075	25.0	4500	6.318409	0.0865012	7.1515007	5.8699837	-6.5583663	0.009522804	3476.6250450611115
181	0.6692486	0.0	0.6692486	0.6692486	25.0	4525	6.3421526	0.08781392	7.1962605	4.585245	-6.580675	0.009427093	3496.0628571510315
182	0.60120237	0.0	0.60120237	0.60120237	25.0	4550	6.3639216	0.09244715	7.8247685	5.8010464	-6.62177	0.009582974	3515.478992462158
183	0.0	0.0	0.0	0.0	25.0	4575	6.397131	0.10414837	7.728354	5.139829	-6.637427	0.010534669	3534.813329219818
184	0.019382209	0.0	0.019382209	0.019382209	25.0	4600	6.422678	0.09726105	7.5088973	5.927417	-6.6649327	0.009832921	3554.1103546619415
185	0.41037637	0.0	0.41037637	0.41037637	25.0	4625	6.44606	0.09236135	7.826627	5.7676907	-6.699116	0.010332291	3573.454316139221
186	0.89066464	0.0	0.89066464	0.89066464	25.0	4650	6.4716816	0.09203671	7.742056	6.0589185	-6.7059135	0.008897035	3592.795624732971
187	0.086133465	0.0	0.086133465	0.086133465	25.0	4675	6.4918346	0.10352714	7.6432304	5.106262	-6.76852	0.010593397	3612.245679616928
188	0.5745347	0.0	0.5745347	0.5745347	25.0	4700	6.5134645	0.0932804	7.784928	5.8220425	-6.773615	0.009232038	3631.5331263542175
189	0.286839	0.0	0.286839	0.286839	25.0	4725	6.5419602	0.11459983	8.018447	4.998574	-6.7928047	0.012546182	3650.91680932045
190	0.4676667	0.0	0.4676667	0.4676667	25.0	4750	6.5630283	0.08894003	8.11284	6.089448	-6.815591	0.009194222	3670.8203003406525
191	0.0	0.0	0.0	0.0	25.0	4775	6.5887713	0.08963537	7.5838747	6.0484614	-6.844181	0.0104048215	3690.0305960178375
192	0.37304425	0.0	0.37304425	0.37304425	25.0	4800	6.620403	0.104243554	7.664234	5.3160367	-6.860703	0.012359209	3709.3338298797607
193	0.36402693	0.0	0.36402693	0.36402693	25.0	4825	6.6528063	0.09159074	7.873466	5.767896	-6.896294	0.010641751	3728.589063167572
194	0.2921229	0.0	0.2921229	0.2921229	25.0	4850	6.6780415	0.07900295	7.849746	5.9378986	-6.934952	0.009077966	3747.957113265991
195	0.6867163	0.0	0.6867163	0.6867163	25.0	4875	6.706875	0.09054877	7.7654533	5.2376747	-6.9588184	0.008919783	3767.2293865680695
196	0.21222481	0.0	0.21222481	0.21222481	25.0	4900	6.730615	0.09042391	8.14409	5.75712	-6.981912	0.009142702	3786.5508284568787
197	0.4083636	0.0	0.4083636	0.4083636	25.0	4925	6.7579613	0.100586504	8.248682	5.802809	-6.9991345	0.011164279	3805.811352491379
198	0.51083905	0.0	0.51083905	0.51083905	25.0	4950	6.778465	0.08788237	7.8811555	6.1401315	-7.016842	0.010704152	3825.11159992218
199	0.95156443	0.0	0.95156443	0.95156443	25.0	4975	6.809392	0.10046694	7.7861857	5.908242	-7.059645	0.012167668	3844.5340354442596
200	0.07285384	0.0	0.07285384	0.07285384	25.0	5000	6.830435	0.104497485	8.121316	6.394892	-7.0840874	0.013792255	3864.5477118492126
201	0.08262554	0.0	0.08262554	0.08262554	25.0	5025	6.8537207	0.10087791	7.5959435	5.9712257	-7.121765	0.013196063	3883.9234235286713
202	0.200498	0.0	0.200498	0.200498	25.0	5050	6.878401	0.098304994	8.279281	5.916141	-7.138938	0.008870441	3903.3544602394104
203	0.33327997	0.0	0.33327997	0.33327997	25.0	5075	6.902839	0.08913053	8.191422	6.4397535	-7.152413	0.008640192	3922.786964416504
204	0.44581202	0.0	0.44581202	0.44581202	25.0	5100	6.9282146	0.080189675	7.796875	6.3240314	-7.1913342	0.0093978075	3942.236875772476
205	0.0	0.0	0.0	0.0	25.0	5125	6.953247	0.09885866	8.836709	6.3565116	-7.210849	0.0102932025	3961.4696023464203
206	0.0	0.0	0.0	0.0	25.0	5150	6.9804664	0.08506459	8.217744	6.3770533	-7.2343287	0.009658242	3980.706470489502
207	0.22515027	0.0	0.22515027	0.22515027	25.0	5175	7.004845	0.09459658	7.9260416	6.4332	-7.264347	0.012749484	3999.991840362549
208	0.0	0.0	0.0	0.0	25.0	5200	7.0318103	0.09382835	7.9299827	6.335051	-7.291395	0.00891972	4019.2849118709564
209	1.1384836	0.0	1.1384836	1.1384836	25.0	5225	7.0560393	0.08473635	8.408774	6.4936876	-7.3133607	0.0086434875	4038.6578488349915
210	0.08277425	0.0	0.08277425	0.08277425	25.0	5250	7.0809703	0.1287287	9.664976	5.0403857	-7.3357825	0.014671148	4058.492590904236
211	0.14643848	0.0	0.14643848	0.14643848	25.0	5275	7.1058073	0.10785873	9.589596	6.1792583	-7.391151	0.013894103	4077.857408761978
212	0.45135707	0.0	0.45135707	0.45135707	25.0	5300	7.1302114	0.09643321	8.307545	5.6351643	-7.459399	0.011815865	4097.147583961487
213	0.41612014	0.0	0.41612014	0.41612014	25.0	5325	7.158802	0.11599463	8.619631	6.5177927	-7.4651394	0.014338087	4116.511579036713
214	0.5135307	0.0	0.5135307	0.5135307	25.0	5350	7.179739	0.10345698	8.642375	6.0868673	-7.494175	0.013377557	4135.770813703537
215	0.30493158	0.0	0.30493158	0.30493158	25.0	5375	7.2191076	0.12014502	8.613804	6.19531	-7.5202174	0.015783178	4154.996965646744
216	0.61068857	0.0	0.61068857	0.61068857	25.0	5400	7.254056	0.11072871	8.578312	5.917129	-7.561386	0.01246747	4174.34191608429
217	1.1704048	0.0	1.1704048	1.1704048	25.0	5425	7.2977614	0.117986664	8.704796	5.77271	-7.6054897	0.01507284	4193.651490926743
218	0.06268928	0.0	0.06268928	0.06268928	25.0	5450	7.3383617	0.11512104	8.998722	6.4164834	-7.6481323	0.013360007	4212.973410129547
219	0.0010644089	0.0	0.0010644089	0.0010644089	25.0	5475	7.3719773	0.11759351	10.025517	5.918289	-7.6714263	0.013165945	4232.210257053375
220	0.30640292	0.0	0.30640292	0.30640292	25.0	5500	7.407464	0.097250715	9.426948	6.734054	-7.705794	0.013195565	4252.076942443848
221	0.11439859	0.0	0.11439859	0.11439859	25.0	5525	7.4318213	0.12523514	8.846045	6.1067696	-7.718654	0.0189129	4271.404982328415
222	0.06767193	0.0	0.06767193	0.06767193	25.0	5550	7.457975	0.086232536	8.682423	6.0586276	-7.7420254	0.0111469375	4290.646690368652
223	0.20486805	0.0	0.20486805	0.20486805	25.0	5575	7.4847374	0.090068765	8.4977665	6.7946343	-7.761247	0.010949791	4309.89271903038
224	0.49290484	0.0	0.49290484	0.49290484	25.0	5600	7.5147	0.106222294	8.821437	6.1895604	-7.80232	0.01316143	4329.189919233322
225	0.2468033	0.0	0.2468033	0.2468033	25.0	5625	7.5398054	0.083445214	8.734378	6.6087584	-7.8244033	0.010870078	4348.541761636734
226	0.31143543	0.0	0.31143543	0.31143543	25.0	5650	7.5698137	0.14393833	11.078091	5.9357038	-7.8474245	0.017226934	4367.856164455414
227	0.0	0.0	0.0	0.0	25.0	5675	7.597778	0.10909201	8.678376	6.6090016	-7.876648	0.0147906495	4387.150799512863
228	0.20356958	0.0	0.20356958	0.20356958	25.0	5700	7.6251574	0.12284382	9.485417	6.1369596	-7.910004	0.017341394	4406.464443206787
229	0.31654084	0.0	0.31654084	0.31654084	25.0	5725	7.650234	0.08440818	8.66827	7.3862033	-7.931961	0.010420913	4425.780800580978
230	0.24463086	0.0	0.24463086	0.24463086	25.0	5750	7.6747656	0.09011561	9.186417	7.123684	-7.956151	0.01088993	4445.925163984299
231	0.28112563	0.0	0.28112563	0.28112563	25.0	5775	7.7089643	0.112982355	9.3442135	6.544897	-7.997792	0.015678702	4465.289911985397
232	0.36750716	0.0	0.36750716	0.36750716	25.0	5800	7.724898	0.09879203	9.340802	6.268756	-8.010111	0.011035761	4484.553093671799
233	0.4507517	0.0	0.4507517	0.4507517	25.0	5825	7.7554555	0.08733358	9.0352745	6.8973484	-8.037758	0.008662288	4504.194023370743
234	0.19930495	0.0	0.19930495	0.19930495	25.0	5850	7.7893105	0.091970354	9.087274	7.116856	-8.070451	0.009913473	4523.523995399475
235	0.40267122	0.0	0.40267122	0.40267122	25.0	5875	7.8118763	0.09891708	8.857351	6.9792724	-8.107018	0.01070629	4542.879516124725
236	0.0	0.0	0.0	0.0	25.0	5900	7.841267	0.08335335	8.716889	7.062131	-8.130273	0.008379498	4562.138161182404
237	0.45283052	0.0	0.45283052	0.45283052	25.0	5925	7.874741	0.09460013	9.176904	7.2679253	-8.147942	0.010178777	4581.5366752147675
238	0.29015276	0.0	0.29015276	0.29015276	25.0	5950	7.891359	0.08017015	9.093469	7.4844103	-8.182137	0.009128206	4600.815875291824
239	0.022636145	0.0	0.022636145	0.022636145	25.0	5975	7.9210167	0.11903471	10.227797	7.3140965	-8.195492	0.0135758165	4620.255630493164
240	0.5438824	0.0	0.5438824	0.5438824	25.0	6000	7.9464173	0.095316336	8.979484	7.392615	-8.234642	0.010580442	4640.237524032593
241	0.34632102	0.0	0.34632102	0.34632102	25.0	6025	7.976671	0.09469804	9.453929	6.9233775	-8.265473	0.010434537	4659.517941236496
242	0.47952342	0.0	0.47952342	0.47952342	25.0	6050	8.002929	0.08982735	9.143428	7.4770494	-8.295147	0.010508809	4678.9177503585815
243	0.0	0.0	0.0	0.0	25.0	6075	8.0280485	0.09631972	9.083246	7.583286	-8.31741	0.009454448	4698.257528781891
244	0.0	0.0	0.0	0.0	25.0	6100	8.057228	0.09266249	9.70827	7.613055	-8.3433695	0.009775206	4717.535396575928
245	0.058923706	0.0	0.058923706	0.058923706	25.0	6125	8.081515	0.087509915	9.168088	7.018105	-8.376351	0.010483452	4736.766974210739
246	1.0762419	0.0	1.0762419	1.0762419	25.0	6150	8.114229	0.08997121	9.451134	7.835024	-8.414888	0.008953232	4756.017222881317
247	0.95271724	0.0	0.95271724	0.95271724	25.0	6175	8.138732	0.07609054	9.532454	7.933979	-8.47979	0.008659658	4775.237018108368
248	0.37144408	0.0	0.37144408	0.37144408	25.0	6200	8.175663	0.0785858	9.144691	7.792369	-8.528164	0.009010429	4794.529292821884
249	0.4170424	0.0	0.4170424	0.4170424	25.0	6225	8.200035	0.09682478	9.268502	7.264766	-8.575973	0.010475123	4814.132343292236
250	0.32365105	0.0	0.32365105	0.32365105	25.0	6250	8.232799	0.112034686	9.723757	6.7479796	-8.602859	0.013486353	4834.189980506897
251	0.19275692	0.0	0.19275692	0.19275692	25.0	6275	8.2801895	0.11243956	9.932226	6.887507	-8.61087	0.014024342	4853.493045806885
252	0.15502869	0.0	0.15502869	0.15502869	25.0	6300	8.318844	0.09418171	9.856538	7.615157	-8.659239	0.010501832	4872.798073291779
253	0.6055406	0.0	0.6055406	0.6055406	25.0	6325	8.355559	0.09770842	9.548424	6.8179345	-8.685713	0.012597365	4892.182976961136
254	0.20111987	0.0	0.20111987	0.20111987	25.0	6350	8.397004	0.09969827	9.83634	7.9590507	-8.71909	0.012153535	4911.380600690842
255	2.2805066	0.0	2.2805066	2.2805066	25.0	6375	8.433611	0.1290259	10.39872	5.86093	-8.771397	0.016151102	4930.697015762329
256	0.03130545	0.0	0.03130545	0.03130545	25.0	6400	8.466744	0.096141495	9.88168	7.679019	-8.849643	0.011667256	4949.877826452255
257	0.4625718	0.0	0.4625718	0.4625718	25.0	6425	8.497211	0.109787345	9.535247	6.8338847	-8.865547	0.015927263	4969.074863195419
258	0.5319027	0.0	0.5319027	0.5319027	25.0	6450	8.539077	0.11956914	10.320093	7.6393986	-8.870995	0.015316431	4988.381257534027
259	0.0	0.0	0.0	0.0	25.0	6475	8.568075	0.12187992	9.97099	7.10825	-8.903807	0.018670173	5007.651975154877
260	0.0	0.0	0.0	0.0	25.0	6500	8.604154	0.11008814	10.533934	7.604814	-8.912674	0.01561988	5027.601198673248
261	0.29171252	0.0	0.29171252	0.29171252	25.0	6525	8.642814	0.09945848	9.749679	7.7706804	-8.965459	0.012988919	5046.944847583771
262	0.3431405	0.0	0.3431405	0.3431405	25.0	6550	8.679168	0.10608181	10.0343895	7.7415423	-9.002748	0.015822724	5066.2661781311035
263	0.7697546	0.0	0.7697546	0.7697546	25.0	6575	8.713645	0.12816164	10.500452	7.0438304	-9.021359	0.01393554	5085.491582870483
264	0.86338896	0.0	0.86338896	0.86338896	25.0	6600	8.738927	0.10894738	10.145954	6.647067	-9.061344	0.015434848	5104.639182806015
265	0.5324205	0.0	0.5324205	0.5324205	25.0	6625	8.767762	0.101278685	9.8163595	6.9272966	-9.100135	0.0138773415	5123.995416641235
266	0.73779714	0.0	0.73779714	0.73779714	25.0	6650	8.797192	0.09555285	10.229112	8.106059	-9.131238	0.010061265	5143.292695760727
267	0.5475805	0.0	0.5475805	0.5475805	25.0	6675	8.832638	0.09409329	9.977809	8.001189	-9.181543	0.010409479	5162.505000591278
268	0.19203614	0.0	0.19203614	0.19203614	25.0	6700	8.861095	0.102577455	10.097148	8.256897	-9.1921625	0.011340763	5181.817101240158
269	1.4341942	0.0	1.4341942	1.4341942	25.0	6725	8.896509	0.12862131	10.653367	7.93474	-9.235442	0.01698762	5201.123427391052
270	0.07385327	0.0	0.07385327	0.07385327	25.0	6750	8.926648	0.10743551	10.428959	8.15697	-9.262945	0.012135564	5221.249512672424
271	0.34728923	0.0	0.34728923	0.34728923	25.0	6775	8.958765	0.11202515	10.16119	7.4954042	-9.35062	0.014666005	5240.710594654083
272	0.14918517	0.0	0.14918517	0.14918517	25.0	6800	8.982856	0.101577304	10.245517	8.008897	-9.374048	0.010711151	5260.09442615509
273	0.035646547	0.0	0.035646547	0.035646547	25.0	6825	9.016879	0.09563287	10.032187	8.513431	-9.39198	0.01207241	5279.4334037303925
274	0.47555763	0.0	0.47555763	0.47555763	25.0	6850	9.052188	0.12799083	11.294804	7.87941	-9.431654	0.015789308	5298.739356040955
275	0.6794184	0.0	0.6794184	0.6794184	25.0	6875	9.099693	0.09674535	10.1428175	8.664082	-9.492907	0.01455123	5317.981330633163
276	0.34555686	0.0	0.34555686	0.34555686	25.0	6900	9.13958	0.09839069	10.335734	7.9723277	-9.531035	0.011690804	5337.258353710175
277	0.40070114	0.0	0.40070114	0.40070114	25.0	6925	9.185578	0.086025916	10.39803	8.390416	-9.569647	0.012583073	5356.628117084503
278	0.0	0.0	0.0	0.0	25.0	6950	9.223571	0.10292281	10.986945	8.64524	-9.638505	0.01146001	5375.867076873779
279	0.734834	0.0	0.734834	0.734834	25.0	6975	9.265853	0.09331413	10.360523	8.665486	-9.706103	0.0100213885	5395.251151800156
280	0.0	0.0	0.0	0.0	25.0	7000	9.303795	0.0882284	10.408541	8.726523	-9.709991	0.008203772	5415.366780757904
281	0.35129476	0.0	0.35129476	0.35129476	25.0	7025	9.346429	0.09488706	10.544362	8.726698	-9.766265	0.010428664	5434.708936691284
282	0.80668527	0.0	0.80668527	0.80668527	25.0	7050	9.390215	0.08981697	10.22673	7.863724	-9.802988	0.012498426	5454.039474248886
283	0.12246927	0.0	0.12246927	0.12246927	25.0	7075	9.433615	0.09257428	10.287712	8.709591	-9.822282	0.011407855	5473.3862681388855
284	0.5302897	0.0	0.5302897	0.5302897	25.0	7100	9.486002	0.11275367	11.685153	9.1282015	-9.873479	0.014896911	5492.635540723801
285	0.39381456	0.0	0.39381456	0.39381456	25.0	7125	9.528674	0.10621536	11.004725	8.020676	-9.916458	0.012819402	5511.903735876083
286	0.41791853	0.0	0.41791853	0.41791853	25.0	7150	9.569076	0.096598074	10.458936	8.95426	-9.961097	0.011926043	5531.245395183563
287	0.0	0.0	0.0	0.0	25.0	7175	9.61549	0.14006586	11.881767	8.121852	-9.992749	0.019039437	5550.60550737381
288	0.34467733	0.0	0.34467733	0.34467733	25.0	7200	9.652523	0.10468012	11.187932	8.757585	-10.020498	0.012903261	5569.891286611557
289	0.0	0.0	0.0	0.0	25.0	7225	9.693906	0.101108626	11.032625	8.741383	-10.043155	0.016563961	5589.247181892395
290	0.28613585	0.0	0.28613585	0.28613585	25.0	7250	9.718786	0.12634602	11.753387	8.163779	-10.105237	0.018149495	5609.451322555542
291	0.0	0.0	0.0	0.0	25.0	7275	9.760242	0.12175049	11.587435	8.815405	-10.190287	0.015026357	5628.78813290596
292	0.08848444	0.0	0.08848444	0.08848444	25.0	7300	9.791787	0.10688782	11.326342	8.81985	-10.23582	0.0121996645	5648.107437849045
293	0.14002115	0.0	0.14002115	0.14002115	25.0	7325	9.823191	0.14251783	13.184454	8.00314	-10.254973	0.021890787	5667.350005865097
294	0.08369289	0.0	0.08369289	0.08369289	25.0	7350	9.864325	0.102266744	11.100407	9.000349	-10.263889	0.013273437	5686.63099193573
295	0.1935926	0.0	0.1935926	0.1935926	25.0	7375	9.906407	0.15255201	11.961829	7.085633	-10.295501	0.024761599	5705.850736856461
296	0.0	0.0	0.0	0.0	25.0	7400	9.943401	0.11523398	11.557461	9.081559	-10.329111	0.015525051	5725.187375068665
297	0.3422751	0.0	0.3422751	0.3422751	25.0	7425	10.001501	0.123013176	11.033786	7.9502487	-10.389837	0.017244514	5744.50391626358
298	0.25242558	0.0	0.25242558	0.25242558	25.0	7450	10.036992	0.097587734	11.513092	9.43454	-10.4311495	0.012320317	5763.7878358364105
299	0.18077058	0.0	0.18077058	0.18077058	25.0	7475	10.074776	0.10482235	11.666353	8.584749	-10.452318	0.014295483	5783.169345617294
300	0.576328	0.0	0.576328	0.576328	25.0	7500	10.111977	0.09318726	11.415689	9.04846	-10.478682	0.01167532	5803.315997362137
301	0.28298312	0.0	0.28298312	0.28298312	25.0	7525	10.148115	0.115608275	12.186101	8.93932	-10.515913	0.015819533	5822.50420331955
302	0.51717263	0.0	0.51717263	0.51717263	25.0	7550	10.180309	0.07111088	11.123367	9.518177	-10.558272	0.009119411	5841.792458057404
303	0.61923766	0.0	0.61923766	0.61923766	25.0	7575	10.221881	0.11972994	11.83947	8.618908	-10.605185	0.01771524	5861.11270070076
304	1.0626036	0.0	1.0626036	1.0626036	25.0	7600	10.257089	0.11694043	11.845205	9.733942	-10.624012	0.014851895	5880.356931686401
305	0.0	0.0	0.0	0.0	25.0	7625	10.287293	0.094264746	11.529481	9.177336	-10.678272	0.01384844	5899.639858961105
306	1.1391443	0.0	1.1391443	1.1391443	25.0	7650	10.325994	0.11638486	12.917836	9.088789	-10.712292	0.012334014	5918.996396780014
307	0.27537733	0.0	0.27537733	0.27537733	25.0	7675	10.35986	0.10131245	11.44153	8.377456	-10.749616	0.01248685	5938.361815214157
308	0.42147133	0.0	0.42147133	0.42147133	25.0	7700	10.397724	0.1071327	11.773993	8.857215	-10.779932	0.015363175	5957.661320924759
309	1.211474	0.0	1.211474	1.211474	25.0	7725	10.432251	0.12221271	11.675016	8.475021	-10.814845	0.017633397	5977.145966291428
310	0.3379916	0.0	0.3379916	0.3379916	25.0	7750	10.471127	0.13553348	12.763767	8.456264	-10.862618	0.019368801	5997.387708902359
311	0.33035645	0.0	0.33035645	0.33035645	25.0	7775	10.50561	0.08145199	11.368502	9.992327	-10.893296	0.011566425	6016.728829622269
312	0.27186608	0.0	0.27186608	0.27186608	25.0	7800	10.5403	0.11778194	11.931904	9.461037	-10.91456	0.014726141	6036.033456325531
313	0.49440157	0.0	0.49440157	0.49440157	25.0	7825	10.578147	0.12130312	12.162323	9.4359045	-10.955262	0.016798727	6055.355265855789
314	0.047699306	0.0	0.047699306	0.047699306	25.0	7850	10.613521	0.1286306	12.719806	9.302109	-11.004748	0.018121134	6074.68825507164
315	0.49299416	0.0	0.49299416	0.49299416	25.0	7875	10.651184	0.10374164	11.797296	9.392117	-11.075164	0.016235124	6093.973530292511
316	0.45691723	0.0	0.45691723	0.45691723	25.0	7900	10.696532	0.12315365	12.470997	9.671138	-11.13137	0.016741099	6113.339929103851
317	0.0	0.0	0.0	0.0	25.0	7925	10.719848	0.10280038	11.57768	9.393641	-11.155758	0.014748071	6132.647722005844
318	0.32639796	0.0	0.32639796	0.32639796	25.0	7950	10.770134	0.105117366	12.957279	9.565084	-11.174579	0.015393537	6151.927335739136
319	0.81555265	0.0	0.81555265	0.81555265	25.0	7975	10.808361	0.1281252	13.550185	10.145409	-11.211661	0.015566032	6171.259912014008
320	0.9003416	0.0	0.9003416	0.9003416	25.0	8000	10.849525	0.1278028	12.782361	9.56723	-11.244442	0.020790441	6191.722656965256
321	0.15773633	0.0	0.15773633	0.15773633	25.0	8025	10.886777	0.14082852	12.925575	9.9262	-11.307788	0.02124815	6210.991081237793
322	0.62686324	0.0	0.62686324	0.62686324	25.0	8050	10.932535	0.13673365	12.263437	9.604016	-11.347355	0.020497082	6230.316341161728
323	0.0	0.0	0.0	0.0	25.0	8075	10.971492	0.12864667	13.034596	9.911129	-11.379999	0.017369004	6249.6740510463715
324	0.47201568	0.0	0.47201568	0.47201568	25.0	8100	11.009094	0.10583067	12.250063	9.776334	-11.416568	0.017668165	6268.989745378494
325	0.21425942	0.0	0.21425942	0.21425942	25.0	8125	11.043451	0.12210206	13.220384	10.167167	-11.446117	0.018066555	6288.207103729248
326	0.25446746	0.0	0.25446746	0.25446746	25.0	8150	11.090252	0.14175682	14.684039	10.001247	-11.521689	0.024822343	6307.594831943512
327	0.11751027	0.0	0.11751027	0.11751027	25.0	8175	11.122761	0.09784047	11.84307	10.506915	-11.537631	0.014145672	6326.8735246658325
328	0.1100595	0.0	0.1100595	0.1100595	25.0	8200	11.154711	0.12776808	13.2046995	9.513956	-11.56215	0.016710633	6345.912092208862
329	0.0	0.0	0.0	0.0	25.0	8225	11.195608	0.10516624	13.005168	10.274441	-11.687397	0.014038856	6364.501807451248
330	0.0	0.0	0.0	0.0	25.0	8250	11.233068	0.13115747	13.021009	9.26807	-11.71766	0.019751173	6383.760172843933
331	0.36399564	0.0	0.36399564	0.36399564	25.0	8275	11.267947	0.14389455	13.552167	9.500894	-11.717163	0.021828806	6402.288011550903
332	0.037573535	0.0	0.037573535	0.037573535	25.0	8300	11.316345	0.12068271	12.991372	10.392356	-11.72907	0.014667759	6420.675708532333
333	0.088276364	0.0	0.088276364	0.088276364	25.0	8325	11.347954	0.13776173	12.909717	9.204768	-11.780552	0.023025008	6439.095960855484
334	0.054701272	0.0	0.054701272	0.054701272	25.0	8350	11.399777	0.15065913	14.072715	9.468315	-11.829953	0.024973068	6457.5292201042175
335	0.27710706	0.0	0.27710706	0.27710706	25.0	8375	11.434986	0.10080273	13.088553	10.684254	-11.876535	0.0130024515	6475.971599817276
336	0.0465307	0.0	0.0465307	0.0465307	25.0	8400	11.488692	0.12720954	13.878309	10.098526	-11.925632	0.019464577	6495.398723125458
337	1.3553959	0.0	1.3553959	1.3553959	25.0	8425	11.524567	0.11726631	14.120924	10.53269	-11.943092	0.014976838	6513.805322647095
338	0.27319106	0.0	0.27319106	0.27319106	25.0	8450	11.5664625	0.1202242	13.295197	10.491419	-12.009858	0.016986348	6532.368730545044
339	0.08247841	0.0	0.08247841	0.08247841	25.0	8475	11.611807	0.16693583	13.928874	9.399087	-12.013367	0.029087257	6551.073967218399
340	0.0	0.0	0.0	0.0	25.0	8500	11.639108	0.124526225	14.100074	10.377978	-12.047391	0.017461834	6570.384765863419
341	0.14425112	0.0	0.14425112	0.14425112	25.0	8525	11.673293	0.11538201	12.999518	10.589833	-12.080404	0.016065227	6588.828067064285
342	0.6610095	0.0	0.6610095	0.6610095	25.0	8550	11.718071	0.10310157	13.066668	10.519269	-12.138624	0.015937619	6608.425976514816
343	0.38626575	0.0	0.38626575	0.38626575	25.0	8575	11.755337	0.12002151	12.979134	10.872543	-12.180751	0.02017907	6626.941913366318
344	0.09403011	0.0	0.09403011	0.09403011	25.0	8600	11.791124	0.10384963	13.017639	10.744303	-12.213007	0.013535235	6645.487159013748
345	0.5022249	0.0	0.5022249	0.5022249	25.0	8625	11.83133	0.0993847	13.126181	11.241999	-12.272596	0.011804599	6664.348926782608
346	0.21985416	0.0	0.21985416	0.21985416	25.0	8650	11.870357	0.13672495	13.270619	9.616006	-12.29895	0.020409472	6682.847775697708
347	0.65710837	0.0	0.65710837	0.65710837	25.0	8675	11.918065	0.1578174	16.274185	10.981316	-12.354008	0.028662376	6701.466581821442
348	0.7257986	0.0	0.7257986	0.7257986	25.0	8700	11.947324	0.15201941	14.357992	10.435077	-12.406841	0.023646528	6719.985759496689
349	0.16237785	0.0	0.16237785	0.16237785	25.0	8725	11.990293	0.16144681	14.21798	8.970004	-12.488286	0.025966791	6738.725880146027
350	0.19557062	0.0	0.19557062	0.19557062	25.0	8750	12.035791	0.11941769	14.36229	10.827349	-12.53177	0.01524738	6757.8986876010895
351	0.29914552	0.0	0.29914552	0.29914552	25.0	8775	12.071799	0.14013141	13.784675	9.988533	-12.563158	0.022022232	6776.454251766205
352	0.21409799	0.0	0.21409799	0.21409799	25.0	8800	12.1203	0.100312985	13.822576	11.102378	-12.596079	0.013174677	6795.161363363266
353	0.2270472	0.0	0.2270472	0.2270472	25.0	8825	12.174922	0.10843372	13.938812	11.2331705	-12.642097	0.014396716	6813.731337308884
354	0.009847836	0.0	0.009847836	0.009847836	25.0	8850	12.235218	0.104673155	13.461772	10.950438	-12.701008	0.013930462	6832.186120033264
355	1.064416	0.0	1.064416	1.064416	25.0	8875	12.286374	0.10212627	13.927057	11.7344	-12.75586	0.012570943	6850.811583518982
356	0.36803845	0.0	0.36803845	0.36803845	25.0	8900	12.328282	0.09579229	13.713979	11.3021	-12.813673	0.011962188	6869.217712879181
357	0.56217426	0.0	0.56217426	0.56217426	25.0	8925	12.379474	0.121596664	14.281587	11.014726	-12.866097	0.01770446	6887.5913507938385
358	0.26999894	0.0	0.26999894	0.26999894	25.0	8950	12.426487	0.114205115	13.632212	10.704294	-12.904646	0.01710667	6906.424463033676
359	0.8025127	0.0	0.8025127	0.8025127	25.0	8975	12.473528	0.12812266	14.341739	11.553975	-12.954596	0.01702058	6924.843626976013
360	0.3556549	0.0	0.3556549	0.3556549	25.0	9000	12.514042	0.1276528	14.710991	10.668001	-12.994617	0.019433746	6944.126581907272
361	0.0	0.0	0.0	0.0	25.0	9025	12.562714	0.0991532	14.175952	12.124442	-13.052569	0.014565473	6963.519884109497
362	0.36152804	0.0	0.36152804	0.36152804	25.0	9050	12.609699	0.12519246	14.724566	11.72957	-13.0909395	0.018877003	6981.906591653824
363	0.27790672	0.0	0.27790672	0.27790672	25.0	9075	12.6504965	0.1094392	14.425611	11.545675	-13.138493	0.014335997	7000.382927417755
364	0.58422583	0.0	0.58422583	0.58422583	25.0	9100	12.707307	0.1190031	14.081792	11.748984	-13.179298	0.018066552	7019.785617589951
365	0.24819668	0.0	0.24819668	0.24819668	25.0	9125	12.737302	0.12825853	13.81735	11.69587	-13.221087	0.02028396	7038.243104219437
366	0.23733683	0.0	0.23733683	0.23733683	25.0	9150	12.793448	0.11476076	14.816625	11.743301	-13.276187	0.015125548	7056.604169130325
367	0.10449395	0.0	0.10449395	0.10449395	25.0	9175	12.834838	0.10070793	13.919288	11.775008	-13.321009	0.014241575	7074.975155353546
368	1.6126493	0.0	1.6126493	1.6126493	25.0	9200	12.884055	0.11707902	14.231233	11.629217	-13.375114	0.017195027	7094.659612894058
369	0.12791087	0.0	0.12791087	0.12791087	25.0	9225	12.92522	0.10834273	14.067541	12.283944	-13.427852	0.014647048	7113.196953058243
370	0.15448649	0.0	0.15448649	0.15448649	25.0	9250	12.979497	0.10548843	14.140722	12.166139	-13.486799	0.014773054	7132.479862451553
371	0.0	0.0	0.0	0.0	25.0	9275	13.016341	0.1303632	15.046632	10.634512	-13.624923	0.017955067	7150.8824026584625
372	0.22230084	0.0	0.22230084	0.22230084	25.0	9300	13.063451	0.12566471	14.693959	11.475884	-13.96534	0.0167764	7169.262140274048
373	0.15945676	0.0	0.15945676	0.15945676	25.0	9325	13.11118	0.12044478	14.318469	12.7299	-14.150025	0.01497989	7187.657711029053
374	0.15070002	0.0	0.15070002	0.15070002	25.0	9350	13.202819	0.10281308	14.70801	12.550054	-13.971528	0.013820496	7207.274463891983
375	0.0	0.0	0.0	0.0	25.0	9375	13.37033	0.12627792	14.813997	12.334367	-13.929643	0.016697329	7225.709379434586
376	0.57015574	0.0	0.57015574	0.57015574	25.0	9400	13.561004	0.15056941	15.727612	12.799133	-14.103131	0.01926277	7244.130055427551
377	0.2737129	0.0	0.2737129	0.2737129	25.0	9425	13.838777	0.15417399	15.222007	11.319011	-14.3864975	0.022471482	7262.918473243713
378	0.73344177	0.0	0.73344177	0.73344177	25.0	9450	14.0506735	0.13798535	15.646961	12.805896	-14.606494	0.019812007	7281.292006731033
379	0.14664908	0.0	0.14664908	0.14664908	25.0	9475	14.118356	0.12511367	15.667313	12.908456	-14.72407	0.022151997	7299.762503147125
380	0.24634892	0.0	0.24634892	0.24634892	25.0	9500	14.1489	0.1610264	17.107544	13.186185	-14.760279	0.027287643	7319.077899932861
381	0.5355086	0.0	0.5355086	0.5355086	25.0	9525	14.201223	0.114565715	15.277093	12.688917	-14.8191185	0.016705472	7337.527727842331
382	0.6273076	0.0	0.6273076	0.6273076	25.0	9550	14.262367	0.14975196	17.669857	13.120685	-14.827026	0.023735438	7355.957203865051
383	0.30559584	0.0	0.30559584	0.30559584	25.0	9575	14.323653	0.13785534	16.41613	11.838131	-15.061565	0.022787638	7374.3849930763245
384	0.27835396	0.0	0.27835396	0.27835396	25.0	9600	14.412732	0.15022549	16.313383	12.288903	-15.282171	0.02638054	7392.846353769302
385	0.35497493	0.0	0.35497493	0.35497493	25.0	9625	14.513109	0.17945407	18.335552	12.532372	-15.531526	0.03763784	7411.254174232483
386	0.17230822	0.0	0.17230822	0.17230822	25.0	9650	14.614097	0.19469105	17.51652	11.661254	-15.796972	0.039814726	7429.725271463394
387	0.3682874	0.0	0.3682874	0.3682874	25.0	9675	14.7118845	0.20676152	16.89793	11.48002	-15.461353	0.04656794	7448.196931362152
388	0.26546267	0.0	0.26546267	0.26546267	25.0	9700	14.861122	0.17581083	17.787794	13.927328	-16.57215	0.024646727	7466.661282300949
389	0.0	0.0	0.0	0.0	25.0	9725	15.039751	0.18203616	17.071444	12.387921	-17.759565	0.039097596	7485.121011734009
390	0.57177913	0.0	0.57177913	0.57177913	25.0	9750	15.164177	0.1936805	17.654516	12.262156	-15.886038	0.04314481	7504.485268831253
391	0.49929667	0.0	0.49929667	0.49929667	25.0	9775	15.33146	0.2289051	18.334879	13.317071	-15.944394	0.032795325	7522.903356790543
392	0.3075663	0.0	0.3075663	0.3075663	25.0	9800	15.915989	0.2489578	20.661993	13.454875	-16.892054	0.042556815	7541.338623523712
393	0.43411636	0.0	0.43411636	0.43411636	25.0	9825	16.44432	0.22660081	19.57054	13.464735	-17.335026	0.03882578	7559.749480724335
394	0.0	0.0	0.0	0.0	25.0	9850	16.91166	0.20406693	18.549417	15.622718	-17.731936	0.030379534	7578.16751241684
395	0.6517594	0.0	0.6517594	0.6517594	25.0	9875	17.297379	0.25340715	21.065329	14.818897	-17.92771	0.05923347	7596.608514785767
396	0.073936604	0.0	0.073936604	0.073936604	25.0	9900	17.49781	0.19984889	20.119593	14.944426	-18.372055	0.044626724	7615.030265331268
397	0.10286643	0.0	0.10286643	0.10286643	25.0	9925	17.551668	0.20923728	20.041973	14.109474	-18.176695	0.047060303	7633.547303438187
398	0.42170024	0.0	0.42170024	0.42170024	25.0	9950	17.617779	0.21977319	21.341948	14.113975	-18.157263	0.058394328	7651.954056501389
399	0.1406623	0.0	0.1406623	0.1406623	25.0	9975	17.749214	0.18678257	20.592972	15.462588	-18.315697	0.038778994	7670.551778078079
400	0.5806072	0.0	0.5806072	0.5806072	25.0	10000	17.84772	0.18208045	20.137922	13.9585495	-18.469093	0.03609896	7689.935747861862
401	0.15381901	0.0	0.15381901	0.15381901	25.0	10025	17.866213	0.18587884	19.905869	15.3749275	-18.433693	0.039553173	7708.370277643204
402	0.81916004	0.0	0.81916004	0.81916004	25.0	10050	17.867287	0.19600707	21.022026	15.130639	-18.48215	0.045973476	7726.921396493912
403	0.20831224	0.0	0.20831224	0.20831224	25.0	10075	17.897156	0.24863644	21.021105	13.239755	-18.54594	0.061828442	7745.448901891708
404	0.8782347	0.0	0.8782347	0.8782347	25.0	10100	17.954958	0.28721946	25.619806	13.844654	-18.632538	0.083262146	7763.918913841248
405	0.64476526	0.0	0.64476526	0.64476526	25.0	10125	18.00565	0.17822057	19.506413	14.343358	-18.62719	0.042378306	7782.401633501053
406	0.50625163	0.0	0.50625163	0.50625163	25.0	10150	18.061672	0.20722209	22.06032	15.313298	-18.702934	0.045997716	7800.857782840729
407	0.20284869	0.0	0.20284869	0.20284869	25.0	10175	18.10376	0.16107206	20.303352	15.924836	-18.799946	0.032010507	7819.425435066223
408	0.08884154	0.0	0.08884154	0.08884154	25.0	10200	18.159258	0.18735151	21.368769	16.340298	-18.892372	0.041068926	7837.95653295517
409	0.31523916	0.0	0.31523916	0.31523916	25.0	10225	18.211243	0.15899512	19.81496	15.963115	-19.109404	0.0305177	7856.394644498825
410	0.3672897	0.0	0.3672897	0.3672897	25.0	10250	18.264235	0.13578004	20.165758	17.532719	-19.125605	0.019492662	7875.738177061081
411	0.30068728	0.0	0.30068728	0.30068728	25.0	10275	18.355408	0.17494011	20.245014	15.172799	-19.046629	0.0332246	7894.180469036102
412	0.36371574	0.0	0.36371574	0.36371574	25.0	10300	18.491016	0.13356331	19.560598	17.946165	-19.224804	0.022275565	7912.66943192482
413	0.7214046	0.0	0.7214046	0.7214046	25.0	10325	18.646639	0.1762226	21.049051	17.302164	-19.377073	0.031762775	7931.198250293732
414	0.9443518	0.0	0.9443518	0.9443518	25.0	10350	18.742212	0.15003869	20.789639	17.04738	-19.4105	0.02962476	7949.685308456421
415	1.0223935	0.0	1.0223935	1.0223935	25.0	10375	18.796486	0.18602285	20.853619	15.462071	-19.533213	0.03775033	7968.516330003738
416	0.0	0.0	0.0	0.0	25.0	10400	18.874811	0.18949717	20.94941	16.46693	-19.656908	0.040980887	7986.996734619141
417	0.9528124	0.0	0.9528124	0.9528124	25.0	10425	18.927706	0.20339423	21.08992	17.154188	-19.644342	0.041505102	8005.424782037735
418	0.63557667	0.0	0.63557667	0.63557667	25.0	10450	18.990295	0.1663594	21.144976	17.978634	-19.843546	0.031834606	8023.844715118408
419	0.45513636	0.0	0.45513636	0.45513636	25.0	10475	19.046446	0.17099722	22.304426	17.328276	-19.940779	0.03318679	8042.281895160675
420	0.5003896	0.0	0.5003896	0.5003896	25.0	10500	19.126429	0.22208318	22.743237	16.602053	-20.055876	0.05589863	8061.709388017654
421	0.57892954	0.0	0.57892954	0.57892954	25.0	10525	19.191826	0.20069247	20.763443	17.523066	-20.167849	0.046481866	8080.22821187973
422	0.30346015	0.0	0.30346015	0.30346015	25.0	10550	19.34615	0.18614279	21.628677	17.764854	-20.461758	0.036535412	8098.714931488037
423	0.5913227	0.0	0.5913227	0.5913227	25.0	10575	19.475927	0.15989089	20.871609	17.908321	-20.469868	0.032063324	8117.143107652664
424	0.60238266	0.0	0.60238266	0.60238266	25.0	10600	19.570457	0.16856718	21.587528	16.933445	-20.507122	0.029471993	8135.544988155365
425	0.13264605	0.0	0.13264605	0.13264605	25.0	10625	19.679363	0.18818988	22.611048	17.777367	-20.43909	0.038508754	8154.035677433014
426	0.7435033	0.0	0.7435033	0.7435033	25.0	10650	19.801624	0.17760786	21.449966	17.36593	-20.5057	0.0328217	8172.507411956787
427	0.42166445	0.0	0.42166445	0.42166445	25.0	10675	19.950516	0.16749586	22.145851	18.117355	-20.680296	0.030133842	8190.906602859497
428	0.50239265	0.0	0.50239265	0.50239265	25.0	10700	20.098116	0.16623987	21.921396	18.596727	-20.80335	0.027563615	8209.371267318726
429	0.44600254	0.0	0.44600254	0.44600254	25.0	10725	20.17613	0.14694035	21.900238	18.804697	-20.84268	0.0277592	8227.877761602402
430	1.1498197	0.0	1.1498197	1.1498197	25.0	10750	20.239843	0.17297621	22.303318	18.4374	-21.025251	0.031289026	8247.411305427551
431	0.38243252	0.0	0.38243252	0.38243252	25.0	10775	20.28048	0.16895705	22.197638	17.82571	-21.025791	0.031364225	8265.87953042984
432	0.27207077	0.0	0.27207077	0.27207077	25.0	10800	20.343012	0.15522972	22.54538	19.084112	-21.038973	0.027407367	8284.367663860321
433	0.76522106	0.0	0.76522106	0.76522106	25.0	10825	20.382133	0.17513204	22.668362	18.65138	-21.071375	0.03331453	8302.793028116226
434	0.30214694	0.0	0.30214694	0.30214694	25.0	10850	20.425606	0.16286539	22.289095	17.564228	-21.163504	0.03045695	8321.430371522903
435	0.19152664	0.0	0.19152664	0.19152664	25.0	10875	20.504246	0.18146187	23.49593	18.601234	-21.238533	0.03414226	8339.829703330994
436	0.7622941	0.0	0.7622941	0.7622941	25.0	10900	20.558256	0.19017124	23.276373	18.10802	-21.276312	0.037076883	8358.35355591774
437	0.66053504	0.0	0.66053504	0.66053504	25.0	10925	20.632689	0.19265504	22.892061	17.787619	-21.389692	0.03813191	8376.757512331009
438	0.25626796	0.0	0.25626796	0.25626796	25.0	10950	20.695253	0.17098424	22.185984	19.468819	-21.391151	0.031371128	8395.237489938736
439	0.28488594	0.0	0.28488594	0.28488594	25.0	10975	20.75429	0.14726304	22.006422	19.48443	-21.493736	0.02825578	8413.90313076973
440	0.28318492	0.0	0.28318492	0.28318492	25.0	11000	20.823694	0.18931173	23.288565	19.293877	-21.608143	0.034119476	8433.343334197998
441	0.044371217	0.0	0.044371217	0.044371217	25.0	11025	20.9048	0.15414481	22.66159	19.613962	-21.671772	0.030102294	8451.749328613281
442	0.54673004	0.0	0.54673004	0.54673004	25.0	11050	20.968924	0.15964867	22.839737	18.983921	-21.724245	0.029689481	8470.16343665123
443	1.3477262	0.0	1.3477262	1.3477262	25.0	11075	21.041407	0.15826184	22.903522	19.955158	-21.83403	0.028589915	8488.584497451782
444	0.18179187	0.0	0.18179187	0.18179187	25.0	11100	21.107224	0.15061289	22.495974	19.817728	-21.900173	0.03201102	8506.987025737762
445	0.2380075	0.0	0.2380075	0.2380075	25.0	11125	21.187141	0.17249267	23.499434	20.363653	-21.94463	0.030535974	8525.452797174454
446	0.0	0.0	0.0	0.0	25.0	11150	21.259062	0.15832633	22.42527	20.030045	-22.050266	0.03057189	8543.923374176025
447	0.26159903	0.0	0.26159903	0.26159903	25.0	11175	21.324657	0.15799311	22.83451	20.129967	-22.14496	0.027681058	8562.37630200386
448	0.0	0.0	0.0	0.0	25.0	11200	21.399336	0.17069718	24.702442	20.201117	-22.20828	0.030045195	8580.833248138428
449	0.8200417	0.0	0.8200417	0.8200417	25.0	11225	21.468243	0.155678	22.802326	19.930952	-22.226816	0.027802777	8599.24284696579
450	0.35257787	0.0	0.35257787	0.35257787	25.0	11250	21.533676	0.15973164	23.53433	19.157274	-22.349306	0.028701968	8618.712650299072
451	0.4349731	0.0	0.4349731	0.4349731	25.0	11275	21.61281	0.15019245	23.261875	20.476622	-22.433273	0.028092625	8637.157031059265
452	0.7701442	0.0	0.7701442	0.7701442	25.0	11300	21.70233	0.15387544	22.244316	19.533573	-22.522001	0.031493932	8655.669082641602
453	0.12703565	0.0	0.12703565	0.12703565	25.0	11325	21.780502	0.19961572	25.165009	20.47749	-22.604538	0.047033243	8674.083990335464
454	0.12873168	0.0	0.12873168	0.12873168	25.0	11350	21.857466	0.15689415	23.037428	20.184252	-22.65672	0.02762264	8692.5840716362
455	0.28144798	0.0	0.28144798	0.28144798	25.0	11375	21.935078	0.16391024	23.21812	20.115755	-22.740694	0.03060763	8710.98281121254
456	0.47392684	0.0	0.47392684	0.47392684	25.0	11400	22.007944	0.17787005	24.75366	20.25683	-22.794102	0.037837442	8729.423035383224
457	1.5830284	0.0	1.5830284	1.5830284	25.0	11425	22.088064	0.19645542	24.860653	20.106041	-22.965715	0.04355283	8747.799537658691
458	0.22670618	0.0	0.22670618	0.22670618	25.0	11450	22.150616	0.19250032	24.888714	19.355423	-22.997	0.03960794	8766.183088064194
459	0.67466825	0.0	0.67466825	0.67466825	25.0	11475	22.229029	0.16697216	24.720943	20.917507	-23.036674	0.03197638	8784.75172495842
460	0.33639047	0.0	0.33639047	0.33639047	25.0	11500	22.31086	0.1717908	24.363386	20.13256	-23.125399	0.030181836	8804.37474989891
461	0.026327714	0.0	0.026327714	0.026327714	25.0	11525	22.391026	0.16597852	24.28098	21.280802	-23.205683	0.029061832	8822.76850271225
462	0.5375087	0.0	0.5375087	0.5375087	25.0	11550	22.458458	0.14274286	23.209305	20.95688	-23.285494	0.024444828	8841.202170848846
463	0.49872681	0.0	0.49872681	0.49872681	25.0	11575	22.55222	0.18695524	25.17304	21.337248	-23.346172	0.03527324	8859.603281259537
464	0.18367504	0.0	0.18367504	0.18367504	25.0	11600	22.617918	0.15356894	23.179527	20.087435	-23.495737	0.03526844	8878.204532384872
465	0.122722834	0.0	0.122722834	0.122722834	25.0	11625	22.701757	0.19513533	24.955389	20.430246	-23.573606	0.03966341	8896.676067113876
466	0.6730653	0.0	0.6730653	0.6730653	25.0	11650	22.78784	0.19294582	25.669003	21.698544	-23.621798	0.03557411	8915.166618347168
467	0.89639777	0.0	0.89639777	0.89639777	25.0	11675	22.84694	0.18373334	24.848827	20.216333	-23.715248	0.03816749	8933.665089845657
468	0.25323388	0.0	0.25323388	0.25323388	25.0	11700	22.936684	0.16506554	24.274378	21.498177	-23.779413	0.035401784	8952.085431814194
469	1.2802744	0.0	1.2802744	1.2802744	25.0	11725	23.021658	0.20372042	25.457878	20.61729	-23.860346	0.046140753	8970.494405984879
470	0.42594904	0.0	0.42594904	0.42594904	25.0	11750	23.08946	0.19275035	25.363876	21.260246	-23.948322	0.039218154	8989.914155483246
471	0.19870031	0.0	0.19870031	0.19870031	25.0	11775	23.161497	0.18186085	24.636541	20.682283	-24.004799	0.039966665	9008.34512591362
472	0.9216421	0.0	0.9216421	0.9216421	25.0	11800	23.251825	0.26129583	28.726389	20.766088	-24.120667	0.068456165	9026.983621120453
473	0.450104	0.0	0.450104	0.450104	25.0	11825	23.319971	0.24191476	25.448874	18.746883	-24.180473	0.062142827	9045.403114318848
474	0.31065658	0.0	0.31065658	0.31065658	25.0	11850	23.401838	0.18890443	27.178387	21.82169	-24.2429	0.038888257	9063.848269462585
475	0.11036674	0.0	0.11036674	0.11036674	25.0	11875	23.4817	0.22014442	26.76995	19.463406	-24.33381	0.058090206	9082.382702112198
476	0.62580115	0.0	0.62580115	0.62580115	25.0	11900	23.558954	0.2673895	27.36532	21.250362	-24.452404	0.07261024	9100.85602235794
477	0.4749421	0.0	0.4749421	0.4749421	25.0	11925	23.641699	0.22117668	26.321983	19.642311	-24.55667	0.053095747	9119.266242027283
478	0.55154824	0.0	0.55154824	0.55154824	25.0	11950	23.73249	0.23446251	26.827623	20.66863	-24.641943	0.06157203	9137.675840854645
479	0.039018627	0.0	0.039018627	0.039018627	25.0	11975	23.812363	0.2642924	27.465149	20.884157	-24.711443	0.065968186	9156.057486772537
480	0.83902144	0.0	0.83902144	0.83902144	25.0	12000	23.884737	0.22800271	26.77928	20.522812	-24.775452	0.055747658	9175.51890206337
481	0.0	0.0	0.0	0.0	25.0	12025	23.968578	0.18949437	26.621895	23.38844	-24.836653	0.033784088	9194.010786771774
482	2.015286	0.0	2.015286	2.015286	25.0	12050	24.05561	0.22789758	25.810625	22.45163	-24.921543	0.053183272	9212.419830083847
483	0.43281066	0.0	0.43281066	0.43281066	25.0	12075	24.129936	0.21797551	26.415604	21.868353	-24.99813	0.056142446	9230.788361310959
484	0.86950266	0.0	0.86950266	0.86950266	25.0	12100	24.20345	0.1842164	26.28993	21.618124	-25.084517	0.03408977	9249.231415748596
485	0.5186779	0.0	0.5186779	0.5186779	25.0	12125	24.291723	0.18341108	26.185423	22.50569	-25.170294	0.038288504	9267.726506471634
486	0.15769279	0.0	0.15769279	0.15769279	25.0	12150	24.361963	0.20616381	26.767118	22.693407	-25.23339	0.046774615	9286.148508787155
487	0.658276	0.0	0.658276	0.658276	25.0	12175	24.452398	0.26443166	27.362572	21.44741	-25.39521	0.074682124	9304.642571210861
488	0.32280594	0.0	0.32280594	0.32280594	25.0	12200	24.531733	0.180741	26.857475	23.867342	-25.45252	0.03609241	9323.101299762726
489	0.23984897	0.0	0.23984897	0.23984897	25.0	12225	24.621065	0.2434482	26.916557	20.716461	-25.550854	0.06318624	9341.565324783325
490	0.2370325	0.0	0.2370325	0.2370325	25.0	12250	24.70011	0.18309106	27.742962	21.985037	-25.626724	0.034679927	9361.02319431305
491	0.6134085	0.0	0.6134085	0.6134085	25.0	12275	24.78733	0.16607621	26.52009	24.060656	-25.703386	0.030881887	9379.444822788239
492	0.3526364	0.0	0.3526364	0.3526364	25.0	12300	24.86392	0.18527073	26.742506	21.966461	-25.747082	0.038133066	9398.093839883804
493	0.22805928	0.0	0.22805928	0.22805928	25.0	12325	24.948685	0.16690436	27.402193	23.487833	-25.872505	0.034083225	9416.57885980606
494	0.0	0.0	0.0	0.0	25.0	12350	25.041088	0.20733567	28.104698	22.311779	-25.979359	0.048374616	9435.014894485474
495	0.21299425	0.0	0.21299425	0.21299425	25.0	12375	25.118671	0.1923204	28.164404	23.266417	-25.984203	0.043306436	9453.541235923767
496	0.48302737	0.0	0.48302737	0.48302737	25.0	12400	25.197691	0.2021299	26.804884	22.63944	-26.108192	0.048079282	9475.133923053741
497	0.40955475	0.0	0.40955475	0.40955475	25.0	12425	25.275244	0.2596039	27.180357	17.90041	-26.207664	0.07088875	9493.516543388367
498	0.15656818	0.0	0.15656818	0.15656818	25.0	12450	25.367407	0.20439349	29.84401	24.813204	-26.30476	0.041090645	9511.969013690948
499	0.7281351	0.0	0.7281351	0.7281351	25.0	12475	25.450117	0.19631013	27.347372	23.321434	-26.36398	0.047820214	9530.369992017746
500	0.34489566	0.0	0.34489566	0.34489566	25.0	12500	25.53584	0.1838336	28.055012	24.621231	-26.501202	0.034316536	9549.832208395004
501	1.0106245	0.0	1.0106245	1.0106245	25.0	12525	25.619349	0.17290069	26.398685	22.86947	-26.590242	0.038507197	9568.276469230652
502	0.3390484	0.0	0.3390484	0.3390484	25.0	12550	25.71387	0.2542142	29.931656	21.303677	-26.653692	0.053155918	9586.767654180527
503	0.41140544	0.0	0.41140544	0.41140544	25.0	12575	25.8048	0.2375996	30.026335	24.670542	-26.755276	0.047931414	9605.206722259521
504	0.7018322	0.0	0.7018322	0.7018322	25.0	12600	25.878027	0.16985108	27.16613	23.869387	-26.833216	0.03343242	9623.634741067886
505	0.34027505	0.0	0.34027505	0.34027505	25.0	12625	25.970596	0.21648267	28.972818	23.613691	-26.907331	0.062443744	9642.11517047882
506	0.5101872	0.0	0.5101872	0.5101872	25.0	12650	26.057592	0.22280467	29.212452	24.302794	-26.993643	0.05799611	9660.48697257042
507	0.33636966	0.0	0.33636966	0.33636966	25.0	12675	26.143072	0.2250328	30.515114	23.128794	-27.08801	0.04294964	9679.000245809555
508	0.29029244	0.0	0.29029244	0.29029244	25.0	12700	26.226748	0.17310032	27.640167	25.583723	-27.178614	0.03475742	9697.44173002243
509	0.1804708	0.0	0.1804708	0.1804708	25.0	12725	26.313013	0.1836501	28.155489	24.972582	-27.28495	0.04008463	9715.973013162613
510	0.0	0.0	0.0	0.0	25.0	12750	26.396679	0.2023386	28.231285	22.888405	-27.368034	0.04430612	9735.430175304413
511	0.43199432	0.0	0.43199432	0.43199432	25.0	12775	26.492998	0.19882654	28.380514	25.103777	-27.465857	0.039510336	9753.807598114014
512	0.28984308	0.0	0.28984308	0.28984308	25.0	12800	26.578604	0.2304283	29.357439	24.198238	-27.571262	0.052094456	9772.257187366486
513	0.64612937	0.0	0.64612937	0.64612937	25.0	12825	26.670967	0.2129255	29.18003	23.6186	-27.6442	0.045150213	9790.688598155975
514	0.3841642	0.0	0.3841642	0.3841642	25.0	12850	26.761168	0.20522028	30.59866	25.997696	-27.720413	0.04632073	9809.109625816345
515	0.0	0.0	0.0	0.0	25.0	12875	26.8453	0.19459973	27.739801	24.820082	-27.835888	0.046411086	9827.492953300476
516	0.8997236	0.0	0.8997236	0.8997236	25.0	12900	26.930428	0.22441773	30.13675	25.695402	-27.888987	0.05418202	9845.953641653061
517	0.41800368	0.0	0.41800368	0.41800368	25.0	12925	27.024458	0.18740007	29.367943	26.412436	-28.022102	0.036638528	9864.520471334457
518	0.8602726	0.0	0.8602726	0.8602726	25.0	12950	27.10664	0.21180888	30.495792	23.750275	-28.087929	0.04785609	9883.053035020828
519	0.4924645	0.0	0.4924645	0.4924645	25.0	12975	27.195429	0.26771155	29.210415	20.18511	-28.215654	0.07522698	9901.624928951263
520	0.34407073	0.0	0.34407073	0.34407073	25.0	13000	27.288115	0.20334005	29.965546	26.049454	-28.268578	0.042729247	9921.248821496964
521	0.20281392	0.0	0.20281392	0.20281392	25.0	13025	27.376272	0.21239889	29.630142	25.414742	-28.38521	0.052636128	9939.672154903412
522	0.40857548	0.0	0.40857548	0.40857548	25.0	13050	27.47182	0.2539752	29.649132	23.35028	-28.484629	0.064980514	9958.2475335598
523	0.2754223	0.0	0.2754223	0.2754223	25.0	13075	27.560497	0.21528769	31.047777	24.095009	-28.539618	0.04502993	9976.842593431473
524	0.55019903	0.0	0.55019903	0.55019903	25.0	13100	27.652529	0.25532225	33.06675	24.734837	-28.659807	0.07453218	9995.965214014053
525	0.13843726	0.0	0.13843726	0.13843726	25.0	13125	27.742092	0.21726422	29.620108	26.214453	-28.769302	0.055672746	10014.555882930756
526	0.4606623	0.0	0.4606623	0.4606623	25.0	13150	27.825298	0.2048727	29.986683	25.87072	-28.84979	0.04343203	10032.983722925186
527	0.82805455	0.0	0.82805455	0.82805455	25.0	13175	27.928867	0.2170875	30.593857	25.580286	-28.942062	0.047191635	10051.715473175049
528	0.3087308	0.0	0.3087308	0.3087308	25.0	13200	28.021494	0.19456063	29.014793	25.564009	-29.063007	0.045329876	10070.1380610466
529	0.74082416	0.0	0.74082416	0.74082416	25.0	13225	28.112377	0.26802313	31.693256	23.698284	-29.109919	0.069604345	10088.656964540482
530	0.8850063	0.0	0.8850063	0.8850063	25.0	13250	28.191816	0.22405532	28.78912	23.075724	-29.229912	0.055490598	10109.086907863617
531	0.2793321	0.0	0.2793321	0.2793321	25.0	13275	28.305702	0.20267592	30.806494	27.11978	-29.328863	0.040459994	10127.516685724258
532	0.6456703	0.0	0.6456703	0.6456703	25.0	13300	28.391768	0.22905727	31.158556	24.881878	-29.437462	0.058619283	10145.944276571274
533	0.21882986	0.0	0.21882986	0.21882986	25.0	13325	28.486391	0.23312645	31.669298	25.493074	-29.548977	0.062146686	10164.42940068245
534	0.03406451	0.0	0.03406451	0.03406451	25.0	13350	28.578081	0.1992837	30.947752	26.954466	-29.610083	0.049649958	10182.878770828247
535	0.3088572	0.0	0.3088572	0.3088572	25.0	13375	28.67289	0.21539229	31.008604	24.699009	-29.71096	0.048595425	10201.328341722488
536	0.10674398	0.0	0.10674398	0.10674398	25.0	13400	28.772821	0.2798994	34.116356	25.785748	-29.828873	0.07688193	10219.713783502579
537	0.26098537	0.0	0.26098537	0.26098537	25.0	13425	28.874033	0.2587507	31.622278	25.533726	-29.922747	0.07553186	10238.130409955978
538	0.22580166	0.0	0.22580166	0.22580166	25.0	13450	28.957405	0.21419635	31.117651	26.348318	-30.029186	0.050066773	10256.592204093933
539	0.09135279	0.0	0.09135279	0.09135279	25.0	13475	29.049227	0.29069886	32.983063	24.089483	-30.111666	0.085559204	10274.982582092285
540	0.41235843	0.0	0.41235843	0.41235843	25.0	13500	29.15352	0.21147944	32.11248	26.617638	-30.221	0.044654857	10295.156761169434
541	0.8576427	0.0	0.8576427	0.8576427	25.0	13525	29.255926	0.22534508	32.782116	28.572222	-30.321627	0.05233986	10313.613536596298
542	0.48075446	0.0	0.48075446	0.48075446	25.0	13550	29.337296	0.27535167	33.23017	25.721197	-30.41083	0.07304259	10332.14877152443
543	0.87887627	0.0	0.87887627	0.87887627	25.0	13575	29.435884	0.22841622	31.441957	27.632544	-30.540766	0.055126462	10350.607224941254
544	0.5676557	0.0	0.5676557	0.5676557	25.0	13600	29.536083	0.24918357	32.9015	26.673347	-30.62218	0.07002178	10369.014979839325
545	0.26143375	0.0	0.26143375	0.26143375	25.0	13625	29.645742	0.23745522	33.173077	27.518639	-30.747456	0.056526642	10387.544084787369
546	0.3473304	0.0	0.3473304	0.3473304	25.0	13650	29.744507	0.2074017	31.575348	27.875885	-30.855492	0.046964917	10406.031648874283
547	0.46614373	0.0	0.46614373	0.46614373	25.0	13675	29.84007	0.20146985	32.409687	28.49691	-30.930449	0.041393667	10424.56214761734
548	0.76121235	0.0	0.76121235	0.76121235	25.0	13700	29.942951	0.2221234	32.18555	28.618784	-31.06147	0.05399879	10442.938059091568
549	0.18288927	0.0	0.18288927	0.18288927	25.0	13725	30.03322	0.22383006	31.981993	27.339083	-31.128235	0.05560904	10461.318790435791
550	0.119831316	0.0	0.119831316	0.119831316	25.0	13750	30.1395	0.21119687	32.25422	28.45169	-31.23437	0.043201674	10480.902166366577
551	0.35204202	0.0	0.35204202	0.35204202	25.0	13775	30.235737	0.22023205	31.766811	27.705805	-31.340225	0.051712617	10499.273668527603
552	0.69920737	0.0	0.69920737	0.69920737	25.0	13800	30.335468	0.21189517	32.88508	27.715553	-31.465794	0.04733498	10517.814254522324
553	0.17850716	0.0	0.17850716	0.17850716	25.0	13825	30.4412	0.19778584	32.636333	29.613125	-31.562267	0.044053044	10536.296298265457
554	0.4650371	0.0	0.4650371	0.4650371	25.0	13850	30.543861	0.2473012	33.751007	27.862066	-31.660568	0.0633676	10554.781878709793
555	0.2941605	0.0	0.2941605	0.2941605	25.0	13875	30.647507	0.17196836	33.037502	29.373821	-31.761782	0.03414109	10573.4037129879
556	0.9173533	0.0	0.9173533	0.9173533	25.0	13900	30.742582	0.18854423	31.972073	29.197157	-31.85204	0.039623957	10591.897967338562
557	0.19053143	0.0	0.19053143	0.19053143	25.0	13925	30.848904	0.24381196	33.289818	29.228642	-31.991522	0.061862573	10610.344249486923
558	0.52117175	0.0	0.52117175	0.52117175	25.0	13950	30.947472	0.18180631	32.67682	30.176878	-32.094402	0.03658897	10628.749356508255
559	0.47626737	0.0	0.47626737	0.47626737	25.0	13975	31.051872	0.17568652	32.27549	30.191008	-32.205265	0.035463218	10647.176986217499
560	0.344313	0.0	0.344313	0.344313	25.0	14000	31.15728	0.21795249	34.24008	29.369953	-32.292046	0.04378346	10666.684023857117
561	0.2569589	0.0	0.2569589	0.2569589	25.0	14025	31.256943	0.22296527	33.974277	29.888977	-32.424583	0.05443106	10685.11107635498
562	0.42143136	0.0	0.42143136	0.42143136	25.0	14050	31.373241	0.22677231	33.19543	28.53265	-32.54027	0.057197146	10703.59263086319
563	0.5840814	0.0	0.5840814	0.5840814	25.0	14075	31.472834	0.20799837	33.369858	29.614128	-32.61461	0.049944814	10722.079513549805
564	0.20342746	0.0	0.20342746	0.20342746	25.0	14100	31.587505	0.23517793	34.88326	29.893322	-32.747204	0.050092354	10740.49712562561
565	0.53337526	0.0	0.53337526	0.53337526	25.0	14125	31.68114	0.24163288	34.45956	29.037886	-32.855934	0.062912196	10759.12314081192
566	0.26494277	0.0	0.26494277	0.26494277	25.0	14150	31.785078	0.21359295	33.111088	29.831383	-32.958584	0.0538045	10777.632722377777
567	0.41839117	0.0	0.41839117	0.41839117	25.0	14175	31.896109	0.23201102	34.57337	30.933796	-33.06082	0.056129467	10796.10954117775
568	0.37280676	0.0	0.37280676	0.37280676	25.0	14200	31.99497	0.19565092	34.350643	30.763765	-33.17659	0.039511327	10814.659390926361
569	0.17517884	0.0	0.17517884	0.17517884	25.0	14225	32.09633	0.21800137	33.18173	29.310785	-33.288017	0.0534399	10833.098200798035
570	0.7903664	0.0	0.7903664	0.7903664	25.0	14250	32.22647	0.2557308	35.04809	28.957481	-33.408756	0.07031371	10852.704110383987
571	0.59745437	0.0	0.59745437	0.59745437	25.0	14275	32.321144	0.22371693	35.46549	31.591682	-33.515095	0.05271844	10871.118918180466
572	0.37224492	0.0	0.37224492	0.37224492	25.0	14300	32.42348	0.20442438	34.4463	30.561937	-33.619358	0.050907344	10889.640386343002
573	0.10394242	0.0	0.10394242	0.10394242	25.0	14325	32.540695	0.25022563	36.52693	29.90155	-33.710865	0.064571984	10908.142956495285
574	1.0382422	0.0	1.0382422	1.0382422	25.0	14350	32.63561	0.27507478	35.04793	26.260202	-33.83061	0.08133357	10926.656857252121
575	0.841063	0.0	0.841063	0.841063	25.0	14375	32.743393	0.20662127	35.326214	30.679768	-33.952126	0.048126616	10945.165490627289
576	0.44429368	0.0	0.44429368	0.44429368	25.0	14400	32.854736	0.24159035	35.71666	28.867588	-34.038383	0.064282626	10963.681994199753
577	0.6175041	0.0	0.6175041	0.6175041	25.0	14425	32.962082	0.2634929	37.795044	31.686934	-34.174183	0.06468582	10982.249623537064
578	0.09632617	0.0	0.09632617	0.09632617	25.0	14450	33.067753	0.2533623	36.846954	29.510708	-34.259834	0.07151968	11000.677515506744
579	0.27016214	0.0	0.27016214	0.27016214	25.0	14475	33.170303	0.2731128	37.513237	28.20582	-34.386337	0.07975667	11019.203041791916
580	0.36050478	0.0	0.36050478	0.36050478	25.0	14500	33.290943	0.25025395	37.52488	31.043842	-34.509964	0.060669027	11038.86125254631
581	0.0	0.0	0.0	0.0	25.0	14525	33.38667	0.28584978	37.256336	28.9883	-34.59939	0.08693487	11057.305902004242
582	0.13835873	0.0	0.13835873	0.13835873	25.0	14550	33.49769	0.25007534	36.59838	28.541231	-34.731205	0.06820201	11075.764964818954
583	0.5379789	0.0	0.5379789	0.5379789	25.0	14575	33.610226	0.25477254	37.659103	31.119232	-34.84458	0.06978453	11094.231165885925
584	0.009996456	0.0	0.009996456	0.009996456	25.0	14600	33.73425	0.29913822	39.246864	30.906197	-34.96553	0.08658134	11112.667784690857
585	0.36530554	0.0	0.36530554	0.36530554	25.0	14625	33.819736	0.26380473	35.3966	29.816628	-35.073463	0.076113835	11131.212020874023
586	0.1745487	0.0	0.1745487	0.1745487	25.0	14650	33.962017	0.28742138	39.383297	32.04075	-35.204514	0.08389547	11149.591120481491
587	0.71196795	0.0	0.71196795	0.71196795	25.0	14675	34.053112	0.2688647	35.23434	29.833992	-35.31298	0.08289982	11167.996034622192
588	0.16913767	0.0	0.16913767	0.16913767	25.0	14700	34.178024	0.23251641	37.24403	33.209213	-35.439884	0.057627097	11186.51928472519
589	0.38666058	0.0	0.38666058	0.38666058	25.0	14725	34.28661	0.29473484	37.795708	30.382465	-35.571117	0.09728558	11204.988732814789
590	0.17341343	0.0	0.17341343	0.17341343	25.0	14750	34.40166	0.3284749	39.467922	30.633865	-35.675182	0.10904952	11224.579934835434
591	0.20731506	0.0	0.20731506	0.20731506	25.0	14775	34.501633	0.285344	36.318897	29.043663	-35.754757	0.091919996	11243.040556907654
592	0.30266497	0.0	0.30266497	0.30266497	25.0	14800	34.622692	0.24331221	36.924995	29.739897	-35.878548	0.064468935	11261.438513040543
593	0.0	0.0	0.0	0.0	25.0	14825	34.741535	0.22094704	37.7836	32.96802	-36.008636	0.051452573	11279.880769252777
594	0.0	0.0	0.0	0.0	25.0	14850	34.849533	0.25088906	38.401318	32.748474	-36.13456	0.06621877	11298.312540054321
595	0.3411346	0.0	0.3411346	0.3411346	25.0	14875	34.963898	0.21640144	37.206413	32.83046	-36.244526	0.051541496	11316.702690839767
596	0.3295765	0.0	0.3295765	0.3295765	25.0	14900	35.087555	0.23584318	37.897194	32.854767	-36.38142	0.05849809	11335.328822851181
597	0.5306928	0.0	0.5306928	0.5306928	25.0	14925	35.206486	0.22584291	37.563923	32.79076	-36.48882	0.056078758	11353.753517150879
598	0.64355594	0.0	0.64355594	0.64355594	25.0	14950	35.316772	0.29932517	40.287697	31.501612	-36.61715	0.09030667	11372.260574579239
599	0.70457333	0.0	0.70457333	0.70457333	25.0	14975	35.426353	0.28421572	37.68122	32.481327	-36.732418	0.08870152	11390.699996948242
600	0.45060128	0.0	0.45060128	0.45060128	25.0	15000	35.538048	0.25644404	38.039764	31.599703	-36.835545	0.07200931	11410.395899295807
601	0.0	0.0	0.0	0.0	25.0	15025	35.660156	0.2756935	39.78532	32.282684	-36.982994	0.07634818	11428.855271100998
602	0.16208331	0.0	0.16208331	0.16208331	25.0	15050	35.790695	0.30735427	41.15841	32.53197	-37.12796	0.09486222	11447.356610536575
603	0.3433996	0.0	0.3433996	0.3433996	25.0	15075	35.885674	0.29554957	38.631565	29.947262	-37.283646	0.0920575	11465.756171226501
604	0.0	0.0	0.0	0.0	25.0	15100	36.017555	0.2594832	39.940346	32.37142	-37.420902	0.070874326	11484.24773979187
605	0.19833362	0.0	0.19833362	0.19833362	25.0	15125	36.14406	0.298061	42.316998	32.872406	-37.543625	0.09402905	11502.787162065506
606	0.3152891	0.0	0.3152891	0.3152891	25.0	15150	36.297546	0.3053195	40.736626	32.74216	-37.670856	0.09592715	11521.193907737732
607	0.13373998	0.0	0.13373998	0.13373998	25.0	15175	36.42548	0.26038834	38.15541	33.044903	-37.793537	0.077787906	11539.666004180908
608	0.10254983	0.0	0.10254983	0.10254983	25.0	15200	36.55622	0.26519638	39.192886	32.066124	-37.88491	0.07377789	11558.011415481567
609	0.5263749	0.0	0.5263749	0.5263749	25.0	15225	36.685493	0.2913944	41.678165	34.834637	-38.030384	0.081611596	11576.518300771713
610	0.18803172	0.0	0.18803172	0.18803172	25.0	15250	36.79809	0.25183877	38.301014	32.075096	-38.17345	0.079006106	11596.255204439163
611	0.049232908	0.0	0.049232908	0.049232908	25.0	15275	36.93425	0.2336742	39.367634	34.24804	-38.2661	0.05938893	11614.71708726883
612	0.1948076	0.0	0.1948076	0.1948076	25.0	15300	37.0504	0.2164541	38.886433	34.308624	-38.41077	0.052190896	11633.12728047371
613	0.09808667	0.0	0.09808667	0.09808667	25.0	15325	37.18169	0.293983	42.403507	34.859035	-38.56411	0.087481305	11651.641498327255
614	0.07756018	0.0	0.07756018	0.07756018	25.0	15350	37.294956	0.28627792	39.86542	31.199806	-38.645164	0.09956772	11669.976725816727
615	0.6072966	0.0	0.6072966	0.6072966	25.0	15375	37.411858	0.24223672	39.542187	35.184227	-38.77199	0.06416529	11688.351336479187
616	0.17206898	0.0	0.17206898	0.17206898	25.0	15400	37.54384	0.28192472	41.017372	34.33008	-38.91018	0.0851453	11706.753210783005
617	0.4373665	0.0	0.4373665	0.4373665	25.0	15425	37.66958	0.29015616	43.271515	35.333023	-39.016636	0.07347989	11725.215844631195
618	0.6940868	0.0	0.6940868	0.6940868	25.0	15450	37.778717	0.33602467	41.912563	31.884626	-39.148678	0.11490008	11743.634353876114
619	1.1125436	0.0	1.1125436	1.1125436	25.0	15475	37.904774	0.25450468	41.28728	36.98557	-39.286633	0.066155694	11762.054828882217
620	0.2867957	0.0	0.2867957	0.2867957	25.0	15500	38.0328	0.30750877	42.61039	31.895256	-39.42803	0.0960927	11781.716039180756
621	0.4284197	0.0	0.4284197	0.4284197	25.0	15525	38.15112	0.30598992	39.182888	33.025986	-39.55446	0.10161488	11800.365055561066
622	0.09389494	0.0	0.09389494	0.09389494	25.0	15550	38.287525	0.26981208	42.335472	37.040802	-39.69208	0.07352623	11818.783380270004
623	0.7394877	0.0	0.7394877	0.7394877	25.0	15575	38.407993	0.24878284	39.882343	36.08185	-39.826527	0.06452046	11837.269830703735
624	0.40946317	0.0	0.40946317	0.40946317	25.0	15600	38.530285	0.2660491	40.677372	34.168068	-39.954098	0.07706155	11855.68639087677
625	0.4793787	0.0	0.4793787	0.4793787	25.0	15625	38.6717	0.32286763	46.798515	35.105484	-40.060745	0.11104651	11874.080071687698
626	0.0	0.0	0.0	0.0	25.0	15650	38.78736	0.26816195	42.575333	35.927002	-40.206566	0.06989053	11892.529486656189
627	0.72172403	0.0	0.72172403	0.72172403	25.0	15675	38.914684	0.28799298	41.471626	35.89435	-40.319603	0.08505048	11910.941177368164
628	0.661735	0.0	0.661735	0.661735	25.0	15700	39.048725	0.3464926	48.45087	36.537582	-40.46577	0.1019624	11929.40530705452
629	0.7244575	0.0	0.7244575	0.7244575	25.0	15725	39.166576	0.25439355	40.467766	36.39399	-40.58174	0.07122786	11947.754823684692
630	0.21548828	0.0	0.21548828	0.21548828	25.0	15750	39.298405	0.32960436	42.790775	34.12404	-40.72144	0.10974975	11967.447765350342
631	0.32297584	0.0	0.32297584	0.32297584	25.0	15775	39.42146	0.27701864	43.64589	37.640068	-40.805866	0.08146173	11985.86571598053
632	0.16738392	0.0	0.16738392	0.16738392	25.0	15800	39.544815	0.242082	40.938026	36.999477	-40.952187	0.06322918	12004.346318483353
633	0.61313075	0.0	0.61313075	0.61313075	25.0	15825	39.66637	0.3335918	43.104046	35.492012	-41.114384	0.11635282	12022.879405736923
634	0.43735665	0.0	0.43735665	0.43735665	25.0	15850	39.801914	0.26803604	42.777622	36.542538	-41.21661	0.076984555	12041.355513334274
635	0.0	0.0	0.0	0.0	25.0	15875	39.925465	0.2255898	42.0138	39.09764	-41.36809	0.054034762	12059.737374544144
636	0.21459185	0.0	0.21459185	0.21459185	25.0	15900	40.055164	0.25153267	44.604424	38.66554	-41.497326	0.063752	12078.245519638062
637	0.43603656	0.0	0.43603656	0.43603656	25.0	15925	40.177013	0.2623948	42.34438	35.117474	-41.666386	0.07279733	12096.723719120026
638	0.33173808	0.0	0.33173808	0.33173808	25.0	15950	40.312798	0.3704449	42.789204	30.458628	-41.817093	0.14389935	12115.111850500107
639	0.22426184	0.0	0.22426184	0.22426184	25.0	15975	40.457417	0.26766637	43.320126	38.82474	-41.915478	0.0776283	12133.536258459091
640	0.4973617	0.0	0.4973617	0.4973617	25.0	16000	40.575184	0.28594092	42.63204	36.15935	-42.083794	0.082648285	12153.197203874588
641	0.06278558	0.0	0.06278558	0.06278558	25.0	16025	40.72327	0.30214503	44.347088	37.593872	-42.205547	0.10003248	12171.65570306778
642	0.15103711	0.0	0.15103711	0.15103711	25.0	16050	40.84313	0.29832706	44.345654	36.927788	-42.326183	0.08967764	12190.065287351608
643	0.2264488	0.0	0.2264488	0.2264488	25.0	16075	40.979126	0.23564282	43.88425	39.232544	-42.47349	0.06052884	12208.510196208954
644	0.0	0.0	0.0	0.0	25.0	16100	41.11053	0.26005226	45.221455	40.223198	-42.61631	0.06832982	12227.135994434357
645	0.0	0.0	0.0	0.0	25.0	16125	41.247486	0.2892133	46.832718	40.218124	-42.750854	0.074210905	12245.599459171295
646	0.0048980066	0.0	0.0048980066	0.0048980066	25.0	16150	41.38285	0.2617674	43.724686	38.957623	-42.897926	0.07455593	12264.046063899994
647	0.22968626	0.0	0.22968626	0.22968626	25.0	16175	41.51582	0.27947766	45.00924	38.986656	-43.036724	0.08264967	12282.461889505386
648	0.34830183	0.0	0.34830183	0.34830183	25.0	16200	41.651493	0.26869634	43.944286	37.80981	-43.199844	0.07866506	12300.827210187912
649	0.30844003	0.0	0.30844003	0.30844003	25.0	16225	41.789364	0.32302314	49.700603	39.541992	-43.31316	0.10987755	12319.264758586884
650	0.0	0.0	0.0	0.0	25.0	16250	41.919777	0.2928884	46.57327	38.230618	-43.447655	0.09407419	12339.198296546936
651	0.21898742	0.0	0.21898742	0.21898742	25.0	16275	42.063595	0.2898849	45.136417	37.87232	-43.60376	0.08749753	12357.67707157135
652	0.1634703	0.0	0.1634703	0.1634703	25.0	16300	42.19861	0.31662673	45.688168	37.82971	-43.728947	0.09889824	12376.063045024872
653	0.6942601	0.0	0.6942601	0.6942601	25.0	16325	42.3399	0.23315527	44.084118	41.310722	-43.88792	0.057185996	12394.422117948532
654	0.43070665	0.0	0.43070665	0.43070665	25.0	16350	42.471256	0.24223506	43.377262	41.043175	-44.044296	0.06202457	12412.911821603775
655	0.42132026	0.0	0.42132026	0.42132026	25.0	16375	42.6138	0.28766516	46.62295	39.672626	-44.184044	0.07625385	12431.335250854492
656	0.58200216	0.0	0.58200216	0.58200216	25.0	16400	42.75377	0.3001356	46.00256	38.63147	-44.337616	0.09103932	12449.92912364006
657	0.2174878	0.0	0.2174878	0.2174878	25.0	16425	42.904808	0.3017958	45.84328	39.00795	-44.490517	0.11053309	12468.361148834229
658	0.55147177	0.0	0.55147177	0.55147177	25.0	16450	43.040806	0.27637878	45.353256	40.674194	-44.643288	0.08065163	12486.9070956707
659	0.09651361	0.0	0.09651361	0.09651361	25.0	16475	43.194447	0.3828063	47.878254	35.80069	-44.744804	0.14505948	12505.342321634293
660	0.41963804	0.0	0.41963804	0.41963804	25.0	16500	43.323193	0.22660099	44.65329	42.48172	-44.89512	0.055660363	12525.13275885582
661	0.23000933	0.0	0.23000933	0.23000933	25.0	16525	43.469406	0.28395343	45.525066	41.195145	-45.071407	0.081414215	12543.48466515541
662	0.29955772	0.0	0.29955772	0.29955772	25.0	16550	43.61562	0.32008007	50.39905	39.228874	-45.212574	0.11177161	12561.892224311829
663	0.6708024	0.0	0.6708024	0.6708024	25.0	16575	43.758102	0.3262036	48.111176	39.860603	-45.308556	0.106555365	12580.41230559349
664	0.5806802	0.0	0.5806802	0.5806802	25.0	16600	43.893143	0.36615646	50.667694	39.131763	-45.479984	0.11761332	12598.891914129257
665	0.69304216	0.0	0.69304216	0.69304216	25.0	16625	44.032238	0.31410614	48.44541	41.97034	-45.662613	0.09912968	12617.342627763748
666	0.21752831	0.0	0.21752831	0.21752831	25.0	16650	44.18074	0.29812336	47.86668	41.518406	-45.830566	0.09864061	12635.752796411514
667	0.8018436	0.0	0.8018436	0.8018436	25.0	16675	44.33242	0.27218476	46.73594	42.62857	-45.965363	0.076419026	12654.209409475327
668	0.13494802	0.0	0.13494802	0.13494802	25.0	16700	44.472324	0.34088394	50.87244	38.95465	-46.132534	0.12531291	12672.75765323639
669	0.6937377	0.0	0.6937377	0.6937377	25.0	16725	44.625557	0.30129823	45.398685	39.754745	-46.33742	0.10000072	12691.24443435669
670	0.0	0.0	0.0	0.0	25.0	16750	44.788334	0.39937288	51.668533	41.547573	-46.481934	0.15576787	12711.087263345718
671	0.4127504	0.0	0.4127504	0.4127504	25.0	16775	44.920673	0.33081526	48.51439	40.541576	-46.588905	0.11035292	12729.57876586914
672	0.2471632	0.0	0.2471632	0.2471632	25.0	16800	45.094337	0.35096908	52.66491	44.072254	-46.773266	0.10824379	12748.126994132996
673	0.2433174	0.0	0.2433174	0.2433174	25.0	16825	45.230057	0.32574993	47.078014	39.483906	-46.878124	0.12361973	12766.629087924957
674	0.10318234	0.0	0.10318234	0.10318234	25.0	16850	45.37791	0.31784332	49.687435	41.760254	-47.050175	0.102064095	12785.175927639008
675	0.1476872	0.0	0.1476872	0.1476872	25.0	16875	45.540115	0.27070755	47.569717	43.637142	-47.17336	0.08223646	12803.703606367111
676	0.162898	0.0	0.162898	0.162898	25.0	16900	45.674328	0.26694083	48.62517	42.1114	-47.32125	0.075697415	12822.145235300064
677	0.0	0.0	0.0	0.0	25.0	16925	45.8317	0.3493705	51.181206	43.24781	-47.47328	0.12281967	12840.602976560593
678	0.8067948	0.0	0.8067948	0.8067948	25.0	16950	45.963573	0.30071858	48.919483	41.99178	-47.636887	0.09862204	12859.046580314636
