Epoch	AverageEpRet	StdEpRet	MaxEpRet	MinEpRet	EpLen	TotalEnvInteracts	AverageQVals	StdQVals	MaxQVals	MinQVals	LossPi	LossQ	Time
1	4.048285	0.0	4.048285	4.048285	25.0	25	0.15334554	0.29619762	1.4142157	-0.7605157	-0.25589538	0.035564292	19.236777782440186
2	7.0782495	0.0	7.0782495	7.0782495	25.0	50	0.2410708	0.26712742	1.3212029	-0.3278106	-2.022336	0.020010412	37.218931913375854
3	5.7734017	0.0	5.7734017	5.7734017	25.0	75	0.35399887	0.26031673	1.5601796	-0.36434254	-5.439514	0.017108377	55.23069882392883
4	8.313549	0.0	8.313549	8.313549	25.0	100	0.6182057	0.31854713	2.0631971	0.09571827	-7.1020565	0.028346239	73.19904470443726
5	3.0010996	0.0	3.0010996	3.0010996	25.0	125	1.0270369	1.1108052	7.5442758	-0.7699371	-1.3891554	1.2605451	91.24567341804504
6	5.4723625	0.0	5.4723625	5.4723625	25.0	150	1.272503	0.39132044	3.0358157	0.6329295	-1.4148872	0.09632342	109.24919867515564
7	1.292674	0.0	1.292674	1.292674	25.0	175	1.4154189	0.38541865	3.230884	0.9090245	-1.510098	0.088565975	127.3057188987732
8	0.4649822	0.0	0.4649822	0.4649822	25.0	200	1.3551619	0.35867542	3.103909	0.95373094	-1.4649125	0.042442493	145.3458058834076
9	0.46132582	0.0	0.46132582	0.46132582	25.0	225	1.3515424	0.33909634	2.9396489	0.9585586	-1.6203873	0.039453782	163.33379912376404
10	1.5304466	0.0	1.5304466	1.5304466	25.0	250	1.3488055	0.28712845	2.7291017	0.9210155	-1.5905191	0.028087087	181.65432858467102
11	0.1861897	0.0	0.1861897	0.1861897	25.0	275	1.3719666	0.24883905	2.6836295	1.0849122	-1.4545354	0.021273509	199.69916558265686
12	0.12809905	0.0	0.12809905	0.12809905	25.0	300	1.3902774	0.21468338	2.629286	1.1649947	-1.4459755	0.01643353	217.71771478652954
13	0.8481194	0.0	0.8481194	0.8481194	25.0	325	1.4260138	0.22773384	2.569847	1.1304997	-1.5577066	0.012561581	235.7204053401947
14	1.0370747	0.0	1.0370747	1.0370747	25.0	350	1.4893521	0.21096502	2.6056545	1.2344867	-1.7045971	0.013385662	253.76489901542664
15	0.15989593	0.0	0.15989593	0.15989593	25.0	375	1.5261377	0.19683622	2.65592	1.2946159	-1.9396902	0.017602948	271.78677582740784
16	0.95682836	0.0	0.95682836	0.95682836	25.0	400	1.5549968	0.19578868	2.671566	1.2811159	-1.8837548	0.014389152	289.8156991004944
17	0.6946842	0.0	0.6946842	0.6946842	25.0	425	1.5773642	0.20046373	2.7294931	1.3194914	-1.9023933	0.01546373	307.8132162094116
18	0.26722753	0.0	0.26722753	0.26722753	25.0	450	1.601655	0.18596448	2.812271	1.3754989	-1.837935	0.016215641	325.88414192199707
19	0.47140417	0.0	0.47140417	0.47140417	25.0	475	1.6324854	0.17888851	2.845258	1.3001212	-2.076068	0.013428786	343.9400317668915
20	0.0	0.0	0.0	0.0	25.0	500	1.6505357	0.16939585	2.920977	1.3372402	-2.054703	0.017945198	362.41855120658875
21	2.861851	0.0	2.861851	2.861851	25.0	525	1.7046205	0.16832907	2.9254982	1.3994617	-1.989264	0.012153116	380.5242054462433
22	1.1968423	0.0	1.1968423	1.1968423	25.0	550	1.8093933	0.17839861	2.9905365	1.5512663	-2.0064275	0.011720378	398.6512985229492
23	0.46426705	0.0	0.46426705	0.46426705	25.0	575	1.934289	0.1636213	3.0804102	1.706862	-2.0733552	0.011485814	416.73022961616516
24	0.5739211	0.0	0.5739211	0.5739211	25.0	600	2.0536213	0.18721731	3.286374	1.8200024	-2.383404	0.010520045	434.83783507347107
25	0.06575024	0.0	0.06575024	0.06575024	25.0	625	2.1579115	0.16777498	3.3645666	1.8027751	-2.3413532	0.011989743	452.9554798603058
26	0.3728949	0.0	0.3728949	0.3728949	25.0	650	2.2523503	0.13769868	3.383784	2.037072	-2.3962903	0.008188819	471.12137818336487
27	0.372279	0.0	0.372279	0.372279	25.0	675	2.3270283	0.14973088	3.492766	2.1213455	-2.4530382	0.00827862	489.2507679462433
28	0.11809509	0.0	0.11809509	0.11809509	25.0	700	2.372153	0.14397404	3.5037107	2.2190938	-2.444971	0.008086942	507.3206434249878
29	0.19762748	0.0	0.19762748	0.19762748	25.0	725	2.4211864	0.16690482	3.619264	2.237397	-2.539718	0.008619775	525.5042898654938
30	0.06140666	0.0	0.06140666	0.06140666	25.0	750	2.4624991	0.14491414	3.659579	2.3099566	-2.6456497	0.007881655	543.9843699932098
31	0.0	0.0	0.0	0.0	25.0	775	2.5136862	0.13226832	3.746297	2.3343084	-2.649851	0.0073814415	562.3034672737122
32	0.29904416	0.0	0.29904416	0.29904416	25.0	800	2.5656402	0.14485511	3.7974372	2.4111738	-2.6990778	0.0064464593	580.4347259998322
33	0.24993962	0.0	0.24993962	0.24993962	25.0	825	2.6195953	0.1438953	3.8309665	2.4603522	-2.8325467	0.008488602	598.6217274665833
34	0.0	0.0	0.0	0.0	25.0	850	2.6506083	0.14024304	3.8593915	2.4611063	-2.7500577	0.0072950083	616.7425308227539
35	0.45385826	0.0	0.45385826	0.45385826	25.0	875	2.6828418	0.13656962	3.9006646	2.503568	-2.7776232	0.006928643	635.0146317481995
36	0.0	0.0	0.0	0.0	25.0	900	2.7085657	0.11845691	3.921194	2.5668395	-2.815802	0.0072709834	653.2683000564575
37	0.5236615	0.0	0.5236615	0.5236615	25.0	925	2.7472715	0.14150901	3.988053	2.5868814	-2.8736274	0.007072538	671.462319612503
38	0.537313	0.0	0.537313	0.537313	25.0	950	2.773137	0.13140291	3.789821	2.59747	-2.8965137	0.007172869	689.5309245586395
39	0.25728735	0.0	0.25728735	0.25728735	25.0	975	2.8196247	0.14550044	4.070588	2.6461658	-2.955891	0.0067210468	707.6914231777191
40	0.16901958	0.0	0.16901958	0.16901958	25.0	1000	2.8431787	0.122394875	4.0914807	2.701837	-3.0415313	0.006148462	726.16357588768
41	0.10492677	0.0	0.10492677	0.10492677	25.0	1025	2.8749206	0.12547791	4.13149	2.7331226	-3.0205564	0.006739521	744.3702111244202
42	0.21327342	0.0	0.21327342	0.21327342	25.0	1050	2.888747	0.1233633	3.889016	2.7447226	-3.0036657	0.007307778	762.5661323070526
43	0.983742	0.0	0.983742	0.983742	25.0	1075	2.8979309	0.13164303	3.9287887	2.5561268	-3.116479	0.005934108	780.7598230838776
44	0.10778429	0.0	0.10778429	0.10778429	25.0	1100	2.911628	0.11763273	4.139611	2.772643	-3.0951002	0.0072263097	798.9857161045074
45	1.060947	0.0	1.060947	1.060947	25.0	1125	2.9316785	0.11541494	4.1394916	2.79117	-3.0595138	0.005548603	817.1770932674408
46	1.0259428	0.0	1.0259428	1.0259428	25.0	1150	2.966129	0.12798691	4.2232337	2.391401	-3.0815067	0.0057946225	835.2895202636719
47	0.24427761	0.0	0.24427761	0.24427761	25.0	1175	3.000667	0.11356819	3.9939444	2.8404582	-3.1343884	0.006338874	853.4661679267883
48	0.43764073	0.0	0.43764073	0.43764073	25.0	1200	3.0463402	0.13472806	4.27373	2.4299705	-3.1777103	0.0072676702	871.6000263690948
49	0.4795327	0.0	0.4795327	0.4795327	25.0	1225	3.0915623	0.12899908	4.33816	2.7752638	-3.301033	0.006162413	889.7716069221497
50	0.26069576	0.0	0.26069576	0.26069576	25.0	1250	3.1173944	0.11262842	4.362909	2.8879125	-3.3418396	0.007064907	908.2435805797577
51	0.6006299	0.0	0.6006299	0.6006299	25.0	1275	3.1532218	0.124522306	4.4282155	2.9530518	-3.32138	0.007010724	926.5655429363251
52	0.94298357	0.0	0.94298357	0.94298357	25.0	1300	3.1884396	0.12739395	4.3014035	2.9543352	-3.3215125	0.006181368	944.8775627613068
53	0.7477583	0.0	0.7477583	0.7477583	25.0	1325	3.2195067	0.11097555	4.258371	3.0523567	-3.3888357	0.0059980536	963.170428276062
54	0.09790918	0.0	0.09790918	0.09790918	25.0	1350	3.2631426	0.10160005	4.2807546	3.0099328	-3.4697516	0.006371727	981.3276119232178
55	0.43986773	0.0	0.43986773	0.43986773	25.0	1375	3.3003712	0.11675013	4.5903277	2.9835498	-3.5242066	0.008706445	999.7456691265106
56	0.37444258	0.0	0.37444258	0.37444258	25.0	1400	3.3361726	0.115609095	4.562217	3.0229654	-3.5775003	0.0067860847	1018.061320066452
57	0.3992216	0.0	0.3992216	0.3992216	25.0	1425	3.3695133	0.10845157	4.328135	2.533265	-3.5316648	0.008086652	1036.9510979652405
58	0.0	0.0	0.0	0.0	25.0	1450	3.4059603	0.111427166	4.6751447	2.9524503	-3.519662	0.0070510968	1055.485110282898
59	0.2192753	0.0	0.2192753	0.2192753	25.0	1475	3.4472153	0.124247976	4.881049	3.138597	-3.607035	0.0074189305	1074.1256709098816
60	0.0	0.0	0.0	0.0	25.0	1500	3.4882462	0.11936861	4.7128105	2.8116047	-3.7033143	0.008172056	1092.7301309108734
61	0.3131813	0.0	0.3131813	0.3131813	25.0	1525	3.513687	0.106599815	4.881284	3.2231839	-3.7642944	0.006260793	1110.9786903858185
62	0.34468374	0.0	0.34468374	0.34468374	25.0	1550	3.5523155	0.13388169	4.948141	2.7613924	-3.7802634	0.008426276	1129.2969677448273
63	0.94783175	0.0	0.94783175	0.94783175	25.0	1575	3.5990934	0.13390236	4.9277673	3.1269586	-3.809949	0.009525328	1147.5370087623596
64	0.20176424	0.0	0.20176424	0.20176424	25.0	1600	3.6428134	0.12837945	4.936859	3.0725164	-3.9390018	0.007941134	1165.8566687107086
65	0.3037016	0.0	0.3037016	0.3037016	25.0	1625	3.6776822	0.11379829	4.8469043	2.6835644	-3.9464943	0.008272276	1184.0384812355042
66	0.47078708	0.0	0.47078708	0.47078708	25.0	1650	3.7153394	0.10840486	4.6822715	3.4176447	-3.8984149	0.008885489	1202.2301752567291
67	0.70404303	0.0	0.70404303	0.70404303	25.0	1675	3.7608674	0.11475471	4.7748923	3.462784	-4.046705	0.0067923116	1220.3378109931946
68	0.0	0.0	0.0	0.0	25.0	1700	3.8051136	0.13404103	5.3049984	2.3565917	-4.066968	0.010046296	1238.4320344924927
69	0.13921814	0.0	0.13921814	0.13921814	25.0	1725	3.8620641	0.11417655	4.7638087	3.2168863	-4.053459	0.008459755	1256.5077817440033
70	0.3710224	0.0	0.3710224	0.3710224	25.0	1750	3.9036202	0.10734171	5.380351	3.5315864	-4.1095467	0.007573737	1275.091994047165
71	0.23990756	0.0	0.23990756	0.23990756	25.0	1775	3.9486103	0.120824575	5.292993	3.5738745	-4.160472	0.006415589	1293.247209072113
72	0.24574937	0.0	0.24574937	0.24574937	25.0	1800	3.9880066	0.10256654	4.962903	3.6095564	-4.1930957	0.0066377115	1311.4433090686798
73	0.27646106	0.0	0.27646106	0.27646106	25.0	1825	4.033156	0.10926022	5.0950704	3.8300757	-4.292226	0.008735677	1329.5439541339874
74	4.779129	0.0	4.779129	4.779129	25.0	1850	4.0698814	0.12336971	5.4359665	3.8813925	-4.5381813	0.0081872195	1347.7683732509613
75	0.77888554	0.0	0.77888554	0.77888554	25.0	1875	4.0917664	0.119647436	5.158709	3.861215	-4.647836	0.007636404	1365.9585931301117
76	0.25788337	0.0	0.25788337	0.25788337	25.0	1900	4.137815	0.1331502	5.349115	3.8841043	-4.5226364	0.0093498705	1384.0891273021698
77	0.45208117	0.0	0.45208117	0.45208117	25.0	1925	4.169004	0.118272424	5.498473	3.9060779	-4.486624	0.0072020506	1402.2858324050903
78	0.029801521	0.0	0.029801521	0.029801521	25.0	1950	4.22842	0.13504986	5.6673193	3.9238389	-4.6529417	0.009560501	1420.854988336563
79	0.8600718	0.0	0.8600718	0.8600718	25.0	1975	4.298783	0.115732215	5.4904914	4.0312424	-4.9909544	0.008688481	1438.9715824127197
80	0.24394737	0.0	0.24394737	0.24394737	25.0	2000	4.399267	0.117668025	5.47251	3.9596493	-4.9316926	0.012599435	1457.7906324863434
81	0.13211645	0.0	0.13211645	0.13211645	25.0	2025	4.490379	0.123218805	5.825263	4.147231	-4.855655	0.008724278	1476.0424392223358
82	0.00030458043	0.0	0.00030458043	0.00030458043	25.0	2050	4.575182	0.13238385	5.95059	3.7473936	-5.0847893	0.0073455344	1494.1983888149261
83	0.0	0.0	0.0	0.0	25.0	2075	4.6629095	0.12198731	5.9174023	4.2963195	-5.269887	0.010512208	1512.3393766880035
84	0.0	0.0	0.0	0.0	25.0	2100	4.738629	0.13449164	6.2189	4.1216383	-5.231848	0.01225863	1531.4469738006592
85	0.05743629	0.0	0.05743629	0.05743629	25.0	2125	4.8136754	0.14226083	6.148716	4.0392647	-5.271945	0.014362143	1549.9505641460419
86	1.0805085	0.0	1.0805085	1.0805085	25.0	2150	4.870642	0.13112226	6.256871	4.3249736	-5.2704506	0.011913418	1568.1226978302002
87	0.39589936	0.0	0.39589936	0.39589936	25.0	2175	4.914425	0.12732443	6.0049367	4.5356183	-5.2292247	0.010577585	1586.2683081626892
88	0.0	0.0	0.0	0.0	25.0	2200	4.955527	0.12179162	6.2288384	4.268614	-5.2490067	0.011501065	1604.4138672351837
89	0.09093633	0.0	0.09093633	0.09093633	25.0	2225	5.0022035	0.11495796	6.281018	4.281022	-5.222874	0.008987078	1622.5434954166412
90	0.0195819	0.0	0.0195819	0.0195819	25.0	2250	5.0619087	0.1166559	6.380878	3.4153867	-5.290467	0.015266338	1641.1617918014526
91	0.0	0.0	0.0	0.0	25.0	2275	5.132616	0.119451	6.5095057	4.62683	-5.3487687	0.010671684	1659.2973577976227
92	0.31555352	0.0	0.31555352	0.31555352	25.0	2300	5.1745205	0.09601337	6.234169	4.496723	-5.3886323	0.006989064	1677.4138395786285
93	0.24382661	0.0	0.24382661	0.24382661	25.0	2325	5.2243395	0.12527272	6.6184597	4.920205	-5.4365053	0.008443887	1695.616730928421
94	1.1502904	0.0	1.1502904	1.1502904	25.0	2350	5.2524815	0.13754673	6.852449	4.26961	-5.4833164	0.00896865	1713.8338787555695
95	0.0	0.0	0.0	0.0	25.0	2375	5.293609	0.1205725	6.6151175	4.3081303	-5.5202265	0.010889991	1731.9450612068176
96	0.4570083	0.0	0.4570083	0.4570083	25.0	2400	5.3223033	0.12204661	6.6735687	4.5932984	-5.5499377	0.01015212	1750.0822887420654
97	0.1677734	0.0	0.1677734	0.1677734	25.0	2425	5.3511024	0.10781049	7.085482	4.788302	-5.580743	0.009479624	1768.23725938797
98	0.3504164	0.0	0.3504164	0.3504164	25.0	2450	5.3867188	0.12312014	7.0779743	4.961471	-5.605891	0.010460232	1786.3945326805115
99	0.113812484	0.0	0.113812484	0.113812484	25.0	2475	5.411067	0.11528457	6.578217	4.9062014	-5.623677	0.011128417	1804.6018900871277
100	0.03314007	0.0	0.03314007	0.03314007	25.0	2500	5.441369	0.1247516	6.775783	4.505535	-5.64518	0.012103762	1823.2891376018524
101	0.77105755	0.0	0.77105755	0.77105755	25.0	2525	5.4619594	0.13247886	6.7628207	4.539327	-5.669087	0.0109623745	1841.9372715950012
102	0.15330313	0.0	0.15330313	0.15330313	25.0	2550	5.4835753	0.1118287	6.7419686	4.8370037	-5.8165803	0.0089335805	1860.325692653656
103	0.7516906	0.0	0.7516906	0.7516906	25.0	2575	5.506459	0.1208178	6.79106	4.9582033	-5.932238	0.009459674	1878.6264708042145
104	0.01605439	0.0	0.01605439	0.01605439	25.0	2600	5.540866	0.117077716	7.3526983	4.500134	-5.882517	0.011434358	1896.7990617752075
105	0.07714578	0.0	0.07714578	0.07714578	25.0	2625	5.582424	0.12136071	7.0240545	5.204644	-5.8305774	0.008525387	1914.9716711044312
106	1.3075017	0.0	1.3075017	1.3075017	25.0	2650	5.629118	0.116736785	6.98439	5.1029043	-5.887419	0.008086337	1933.1641278266907
107	0.6144718	0.0	0.6144718	0.6144718	25.0	2675	5.6837687	0.106568225	6.990792	5.2838287	-5.9556737	0.0072223125	1951.4351706504822
108	0.70241106	0.0	0.70241106	0.70241106	25.0	2700	5.74964	0.120604254	7.0731735	5.127097	-6.0110083	0.009869823	1969.7364060878754
109	1.6161809	0.0	1.6161809	1.6161809	25.0	2725	5.80338	0.13225663	7.5923676	5.330863	-6.0935607	0.012591657	1987.9571866989136
110	0.1204009	0.0	0.1204009	0.1204009	25.0	2750	5.82264	0.108876124	7.5855026	5.100424	-6.155097	0.008372973	2006.5585839748383
111	0.2516855	0.0	0.2516855	0.2516855	25.0	2775	5.8585534	0.09922153	7.061435	5.3365707	-6.1459937	0.00752434	2024.704193353653
112	0.4594523	0.0	0.4594523	0.4594523	25.0	2800	5.9014473	0.112330414	7.29287	5.6016626	-6.1751447	0.009282839	2042.8227915763855
113	0.007045148	0.0	0.007045148	0.007045148	25.0	2825	5.93016	0.13200878	7.604761	4.5523586	-6.1889997	0.010223479	2061.007839679718
114	0.70788497	0.0	0.70788497	0.70788497	25.0	2850	5.9692125	0.11163946	7.474409	5.5940666	-6.2462063	0.010045783	2079.2323727607727
115	0.0	0.0	0.0	0.0	25.0	2875	6.0123806	0.14235987	8.073293	5.576645	-6.3569927	0.009901737	2097.397251844406
116	0.35350415	0.0	0.35350415	0.35350415	25.0	2900	6.0460277	0.112874076	7.2893615	5.2113748	-6.427784	0.013896252	2115.6214060783386
117	0.48130855	0.0	0.48130855	0.48130855	25.0	2925	6.0924973	0.14388996	8.287062	5.4130073	-6.464751	0.012599129	2133.853256225586
118	0.29791224	0.0	0.29791224	0.29791224	25.0	2950	6.133227	0.109988	7.3647385	5.6680665	-6.5060453	0.009047533	2152.163714170456
119	0.6959803	0.0	0.6959803	0.6959803	25.0	2975	6.186397	0.12544376	7.532986	5.6533494	-6.505368	0.0115248505	2170.526181936264
120	0.29461315	0.0	0.29461315	0.29461315	25.0	3000	6.212766	0.09847319	7.383364	5.463156	-6.5533485	0.008050219	2189.2118451595306
121	0.23584236	0.0	0.23584236	0.23584236	25.0	3025	6.2547913	0.11666361	7.725728	5.1680045	-6.655459	0.008891006	2207.478899240494
122	0.3077737	0.0	0.3077737	0.3077737	25.0	3050	6.297038	0.1126347	7.8393764	5.571226	-6.6737475	0.008572105	2225.72319483757
123	0.09074234	0.0	0.09074234	0.09074234	25.0	3075	6.33057	0.10095266	7.6713033	5.8212457	-6.6433806	0.008627767	2243.9281375408173
124	0.058750264	0.0	0.058750264	0.058750264	25.0	3100	6.3836045	0.12191174	7.829095	5.6111636	-6.726061	0.01184077	2262.230002641678
125	0.0	0.0	0.0	0.0	25.0	3125	6.4290767	0.11830771	7.6664586	6.0311036	-6.776548	0.011696	2280.5547733306885
126	0.12433143	0.0	0.12433143	0.12433143	25.0	3150	6.477306	0.12842613	7.765776	5.296441	-6.7878003	0.012905547	2298.89853143692
127	0.2585141	0.0	0.2585141	0.2585141	25.0	3175	6.5368886	0.13039671	8.1722	5.915244	-6.823735	0.0107781915	2317.122853755951
128	0.9232793	0.0	0.9232793	0.9232793	25.0	3200	6.590494	0.12492721	7.8177876	5.3544097	-6.875999	0.014535992	2335.3910706043243
129	0.15060048	0.0	0.15060048	0.15060048	25.0	3225	6.6310964	0.13988006	8.6054125	5.3846517	-6.9188747	0.016458372	2353.6674275398254
130	0.19262785	0.0	0.19262785	0.19262785	25.0	3250	6.6655126	0.11503229	8.19764	5.5484133	-6.964473	0.011870218	2372.4765994548798
131	0.30018508	0.0	0.30018508	0.30018508	25.0	3275	6.7016664	0.12657516	7.9793186	5.708393	-6.9949803	0.012005176	2390.7823979854584
132	0.6331073	0.0	0.6331073	0.6331073	25.0	3300	6.7240295	0.13567387	8.461606	5.0756307	-7.0246067	0.012648556	2409.0448491573334
133	0.22603156	0.0	0.22603156	0.22603156	25.0	3325	6.7477813	0.11776732	8.743648	6.0296016	-7.0496306	0.011561426	2427.2618050575256
134	0.548591	0.0	0.548591	0.548591	25.0	3350	6.7780886	0.11515262	8.091527	5.678219	-7.046843	0.011678107	2445.611205101013
135	0.3641155	0.0	0.3641155	0.3641155	25.0	3375	6.813731	0.12037444	8.365993	6.087892	-7.1171503	0.012380035	2463.8663988113403
136	0.061405245	0.0	0.061405245	0.061405245	25.0	3400	6.8492665	0.124673486	8.208035	5.7506166	-7.1452446	0.01236343	2482.146026611328
137	0.1860036	0.0	0.1860036	0.1860036	25.0	3425	6.888356	0.1410426	8.300237	4.9856887	-7.1601048	0.012899854	2500.3664615154266
138	0.17439203	0.0	0.17439203	0.17439203	25.0	3450	6.9157305	0.12468776	8.210929	6.057344	-7.1839724	0.009622844	2521.5698323249817
139	0.22781223	0.0	0.22781223	0.22781223	25.0	3475	6.9473414	0.12357328	8.718229	5.2267303	-7.2818203	0.014397541	2539.827461004257
140	0.017875884	0.0	0.017875884	0.017875884	25.0	3500	6.9745684	0.10449042	8.182914	6.1978045	-7.48266	0.009772744	2558.503199338913
141	0.0	0.0	0.0	0.0	25.0	3525	7.006743	0.1262741	8.938409	6.431784	-7.395159	0.011694466	2576.787051677704
142	0.0	0.0	0.0	0.0	25.0	3550	7.017761	0.110134386	8.421621	6.5475674	-7.3497577	0.011272893	2595.038300514221
143	0.5195256	0.0	0.5195256	0.5195256	25.0	3575	7.056885	0.099198945	8.150571	6.476882	-7.3959785	0.010645935	2613.339118719101
144	0.14717114	0.0	0.14717114	0.14717114	25.0	3600	7.129089	0.10159102	8.297459	6.502631	-7.461223	0.011726811	2631.640689611435
145	0.0	0.0	0.0	0.0	25.0	3625	7.2064514	0.11580193	8.784112	6.5608187	-7.5272756	0.010857356	2649.9112362861633
146	0.6271931	0.0	0.6271931	0.6271931	25.0	3650	7.274005	0.121676065	8.828226	6.8526373	-7.602976	0.010929235	2668.1858699321747
147	0.21123272	0.0	0.21123272	0.21123272	25.0	3675	7.3194885	0.10699576	8.484777	6.525702	-7.640449	0.009023741	2686.450600862503
148	0.15637326	0.0	0.15637326	0.15637326	25.0	3700	7.3626037	0.12631288	9.198781	6.7625713	-7.685608	0.012369152	2704.80371761322
149	0.28305835	0.0	0.28305835	0.28305835	25.0	3725	7.394813	0.15098745	8.974459	6.5036664	-7.757639	0.01685337	2722.986204147339
150	0.0	0.0	0.0	0.0	25.0	3750	7.424909	0.105449274	8.734512	6.6308165	-7.754604	0.011831032	2741.6667556762695
151	0.36219782	0.0	0.36219782	0.36219782	25.0	3775	7.4590235	0.13031325	9.135238	6.918579	-7.7900515	0.013213031	2760.0154094696045
152	0.29021826	0.0	0.29021826	0.29021826	25.0	3800	7.493233	0.14867052	9.4804125	6.9139543	-7.8146205	0.012409159	2778.1557013988495
153	0.0	0.0	0.0	0.0	25.0	3825	7.526846	0.1298444	8.84288	5.8855605	-7.931772	0.0153471045	2796.320623397827
154	0.0007064553	0.0	0.0007064553	0.0007064553	25.0	3850	7.56657	0.121398196	9.185109	7.0915747	-8.084198	0.011709651	2814.4375429153442
155	0.38977948	0.0	0.38977948	0.38977948	25.0	3875	7.605647	0.14550158	9.233634	6.5877404	-8.096742	0.017604845	2832.6236929893494
156	0.06863813	0.0	0.06863813	0.06863813	25.0	3900	7.645021	0.13288599	9.476247	6.973841	-8.036539	0.014141296	2850.7887556552887
157	0.0	0.0	0.0	0.0	25.0	3925	7.69397	0.13301606	9.568965	6.983506	-8.031219	0.014796198	2868.9761505126953
158	0.39406654	0.0	0.39406654	0.39406654	25.0	3950	7.7595873	0.11969918	9.273442	6.774226	-8.102466	0.012503125	2887.123587369919
159	0.76550245	0.0	0.76550245	0.76550245	25.0	3975	7.83376	0.14375462	9.489175	6.936725	-8.213646	0.015053624	2905.3981087207794
160	0.31600535	0.0	0.31600535	0.31600535	25.0	4000	7.8925714	0.1355955	9.771393	6.4566627	-8.311872	0.013926012	2924.7686643600464
161	0.7485816	0.0	0.7485816	0.7485816	25.0	4025	7.948402	0.13085184	11.021238	7.2275596	-8.352725	0.017932814	2943.4221794605255
162	0.15553257	0.0	0.15553257	0.15553257	25.0	4050	7.998054	0.14986987	9.376571	4.70811	-8.334369	0.018571578	2961.642196893692
163	0.2359476	0.0	0.2359476	0.2359476	25.0	4075	8.040139	0.1452652	11.205352	6.733914	-8.437784	0.016118305	2979.8882880210876
164	0.43917388	0.0	0.43917388	0.43917388	25.0	4100	8.093098	0.11329348	9.467845	7.50049	-8.439476	0.012480687	2998.0291335582733
165	0.064783186	0.0	0.064783186	0.064783186	25.0	4125	8.132539	0.13817358	10.0276985	7.5232034	-8.47851	0.013627732	3016.1931567192078
166	0.28306007	0.0	0.28306007	0.28306007	25.0	4150	8.164223	0.10643187	9.363853	7.2992783	-8.488255	0.010669308	3034.352602481842
167	0.3700881	0.0	0.3700881	0.3700881	25.0	4175	8.216964	0.13555712	9.854545	7.05315	-8.52932	0.011506102	3052.506054162979
168	0.0	0.0	0.0	0.0	25.0	4200	8.259134	0.12249603	9.886847	7.467057	-8.582546	0.012640486	3070.6770503520966
169	0.5650356	0.0	0.5650356	0.5650356	25.0	4225	8.31607	0.119699985	9.463918	7.5505166	-8.636908	0.014479159	3088.8915300369263
170	0.24754368	0.0	0.24754368	0.24754368	25.0	4250	8.353194	0.1384247	10.337541	6.7921896	-8.67195	0.015965778	3107.5813601017
171	0.50172704	0.0	0.50172704	0.50172704	25.0	4275	8.390746	0.1292096	9.91957	7.7678766	-8.802526	0.013085541	3125.8432178497314
172	0.46326363	0.0	0.46326363	0.46326363	25.0	4300	8.43138	0.14898561	10.307953	7.6609626	-8.8268795	0.014466212	3144.095011472702
173	0.0341928	0.0	0.0341928	0.0341928	25.0	4325	8.462458	0.123386756	10.041762	7.9789205	-8.8544035	0.012131002	3162.4858758449554
174	0.585544	0.0	0.585544	0.585544	25.0	4350	8.491932	0.1331509	10.3892145	7.698539	-8.888469	0.01044895	3180.709852695465
175	0.11624703	0.0	0.11624703	0.11624703	25.0	4375	8.523807	0.10845288	9.838959	7.5598526	-8.869126	0.011725844	3198.9212794303894
176	0.09756814	0.0	0.09756814	0.09756814	25.0	4400	8.561051	0.122644216	9.7900505	7.842749	-8.86514	0.013439263	3217.1582956314087
177	0.22362208	0.0	0.22362208	0.22362208	25.0	4425	8.586783	0.13252923	10.327792	7.5798707	-8.924256	0.013107176	3235.3656117916107
178	0.71367	0.0	0.71367	0.71367	25.0	4450	8.633746	0.12900223	10.261349	8.2721195	-8.96187	0.011513501	3253.5996618270874
179	0.87000835	0.0	0.87000835	0.87000835	25.0	4475	8.693866	0.13311099	10.105012	7.4134655	-9.017425	0.01433381	3271.8151519298553
180	0.0	0.0	0.0	0.0	25.0	4500	8.743756	0.11568324	10.345417	8.466388	-9.068783	0.009140575	3290.6848204135895
181	0.0	0.0	0.0	0.0	25.0	4525	8.796966	0.12431207	10.835807	7.981612	-9.102706	0.012646757	3308.944280385971
182	0.655079	0.0	0.655079	0.655079	25.0	4550	8.8301	0.15853772	10.946805	7.664259	-9.174046	0.0132544935	3327.1194071769714
183	0.06814194	0.0	0.06814194	0.06814194	25.0	4575	8.860241	0.1110677	9.973925	8.3131075	-9.1732025	0.01112313	3345.2814371585846
184	0.19002187	0.0	0.19002187	0.19002187	25.0	4600	8.886523	0.100291125	10.239821	8.374636	-9.230899	0.011089763	3363.517014980316
185	0.20125899	0.0	0.20125899	0.20125899	25.0	4625	8.922849	0.11433864	10.712741	8.3608885	-9.263256	0.010177765	3381.7525293827057
186	0.58441436	0.0	0.58441436	0.58441436	25.0	4650	8.95867	0.12340199	11.011029	8.393681	-9.287525	0.012327056	3399.9961235523224
187	1.055782	0.0	1.055782	1.055782	25.0	4675	8.986563	0.117066145	10.179847	7.940233	-9.313397	0.011381927	3418.2043731212616
188	0.23993498	0.0	0.23993498	0.23993498	25.0	4700	9.01383	0.11384869	10.180147	8.210973	-9.3660965	0.011128685	3436.394589662552
189	0.0	0.0	0.0	0.0	25.0	4725	9.045847	0.13027756	10.835075	8.063263	-9.399601	0.011565082	3454.6323869228363
190	0.6436543	0.0	0.6436543	0.6436543	25.0	4750	9.070045	0.12029737	11.317737	8.373219	-9.3959875	0.010990279	3473.4279370307922
191	0.52731526	0.0	0.52731526	0.52731526	25.0	4775	9.102177	0.12935708	10.952591	8.476673	-9.430855	0.011679376	3491.625548839569
192	0.31738067	0.0	0.31738067	0.31738067	25.0	4800	9.132896	0.12633249	10.567644	8.254335	-9.475674	0.0125981625	3509.83105301857
193	0.1707132	0.0	0.1707132	0.1707132	25.0	4825	9.168404	0.1327576	11.124932	8.57089	-9.539547	0.01346651	3528.0049045085907
194	0.5772688	0.0	0.5772688	0.5772688	25.0	4850	9.197127	0.15754059	11.521793	7.7593637	-9.634411	0.02337246	3546.250981092453
195	0.9845437	0.0	0.9845437	0.9845437	25.0	4875	9.235925	0.13929541	11.424502	8.516134	-9.621366	0.013693669	3564.4040830135345
196	0.14246857	0.0	0.14246857	0.14246857	25.0	4900	9.272839	0.13433623	11.14669	8.404339	-9.686703	0.014446948	3582.8666939735413
197	0.628589	0.0	0.628589	0.628589	25.0	4925	9.308814	0.11319784	10.626777	8.85927	-9.693585	0.011648817	3601.032875061035
198	0.23938555	0.0	0.23938555	0.23938555	25.0	4950	9.359676	0.16143468	11.295611	7.065944	-9.708663	0.018367408	3619.2894496917725
199	0.0	0.0	0.0	0.0	25.0	4975	9.395537	0.14533365	11.146732	7.8931518	-9.781661	0.019124193	3637.5571110248566
200	0.3457361	0.0	0.3457361	0.3457361	25.0	5000	9.440252	0.13352886	11.314689	8.128646	-9.817753	0.0146487495	3656.4261400699615
201	1.1821936	0.0	1.1821936	1.1821936	25.0	5025	9.474108	0.14371972	11.962308	8.315442	-9.836544	0.018611515	3674.5640218257904
202	0.96998495	0.0	0.96998495	0.96998495	25.0	5050	9.505003	0.12066054	10.903354	8.786651	-9.87278	0.013392155	3693.3097643852234
203	0.48549145	0.0	0.48549145	0.48549145	25.0	5075	9.543728	0.1350693	11.078871	8.575137	-9.906134	0.016545642	3711.8980848789215
204	0.6780147	0.0	0.6780147	0.6780147	25.0	5100	9.573956	0.13714157	11.7436695	8.523689	-9.935865	0.01681343	3730.1795349121094
205	0.10062881	0.0	0.10062881	0.10062881	25.0	5125	9.614518	0.12589355	11.180246	9.00262	-9.989811	0.014823108	3748.446178674698
206	0.27932444	0.0	0.27932444	0.27932444	25.0	5150	9.655846	0.16232525	12.690461	8.299667	-10.013557	0.01982143	3766.674418449402
207	0.06521586	0.0	0.06521586	0.06521586	25.0	5175	9.679565	0.15625487	11.325446	8.218115	-10.051598	0.022021044	3785.055197954178
208	0.72649676	0.0	0.72649676	0.72649676	25.0	5200	9.72787	0.16134396	11.708576	7.9690547	-10.087628	0.022073347	3803.2826578617096
209	0.5658692	0.0	0.5658692	0.5658692	25.0	5225	9.750979	0.1342854	11.853952	8.540546	-10.134994	0.018795107	3821.4847671985626
210	0.56409776	0.0	0.56409776	0.56409776	25.0	5250	9.808144	0.18107727	11.665955	7.680014	-10.20289	0.02822113	3840.303443670273
211	0.20571621	0.0	0.20571621	0.20571621	25.0	5275	9.834195	0.15721804	12.146218	7.917775	-10.220757	0.025702879	3858.6055788993835
212	0.64808404	0.0	0.64808404	0.64808404	25.0	5300	9.865792	0.13927114	11.074175	8.868988	-10.250347	0.022623878	3876.9000387191772
213	0.017130509	0.0	0.017130509	0.017130509	25.0	5325	9.905288	0.1378247	11.648718	8.611978	-10.281587	0.018511787	3895.1165974140167
214	1.1125656	0.0	1.1125656	1.1125656	25.0	5350	9.941733	0.16284916	12.4999695	7.5317554	-10.318974	0.02642823	3913.3069067001343
215	0.943658	0.0	0.943658	0.943658	25.0	5375	9.979702	0.1477729	12.105774	8.462027	-10.354916	0.019213188	3931.4988107681274
216	0.21084698	0.0	0.21084698	0.21084698	25.0	5400	10.01443	0.145361	11.918113	9.270311	-10.391862	0.016729005	3949.7085394859314
217	0.15080637	0.0	0.15080637	0.15080637	25.0	5425	10.049149	0.12675416	11.982859	9.471103	-10.440438	0.017267417	3968.369304418564
218	0.14754911	0.0	0.14754911	0.14754911	25.0	5450	10.086869	0.13413839	11.9817095	9.208308	-10.469517	0.014705713	3986.560872077942
219	2.5753105	0.0	2.5753105	2.5753105	25.0	5475	10.1339035	0.12012432	11.988335	9.875135	-10.520984	0.01363624	4004.7418727874756
220	0.096648164	0.0	0.096648164	0.096648164	25.0	5500	10.165833	0.1315683	11.761333	9.566552	-10.559214	0.014755995	4023.521484375
221	0.05647935	0.0	0.05647935	0.05647935	25.0	5525	10.21381	0.14911355	11.91981	8.081438	-10.588321	0.018695889	4041.6768910884857
222	0.75281054	0.0	0.75281054	0.75281054	25.0	5550	10.24125	0.11128087	11.577714	9.4058075	-10.647862	0.012048028	4059.924110889435
223	0.22513598	0.0	0.22513598	0.22513598	25.0	5575	10.282148	0.12310226	11.8001375	9.368454	-10.676025	0.012602958	4078.1681711673737
224	1.0236303	0.0	1.0236303	1.0236303	25.0	5600	10.32104	0.11812361	12.828953	9.977029	-10.724295	0.016171765	4097.001657247543
225	0.22838144	0.0	0.22838144	0.22838144	25.0	5625	10.362489	0.13818389	12.705505	9.321524	-10.753742	0.014067355	4115.502945661545
226	0.35441932	0.0	0.35441932	0.35441932	25.0	5650	10.394857	0.13708706	11.863791	9.082139	-10.79083	0.016199782	4133.683757305145
227	0.35229152	0.0	0.35229152	0.35229152	25.0	5675	10.441836	0.12363482	12.182766	9.968549	-10.832384	0.0123985205	4151.899596452713
228	0.19227012	0.0	0.19227012	0.19227012	25.0	5700	10.475947	0.14027606	12.012901	9.767375	-10.864208	0.016282639	4170.139008998871
229	0.9708348	0.0	0.9708348	0.9708348	25.0	5725	10.517212	0.113118276	12.239228	9.955413	-10.914684	0.013209729	4188.429320335388
230	0.42142925	0.0	0.42142925	0.42142925	25.0	5750	10.5457325	0.12556602	12.178303	8.682452	-10.946774	0.013587195	4207.233251094818
231	0.29259968	0.0	0.29259968	0.29259968	25.0	5775	10.589106	0.11463841	12.098719	9.8197	-10.9987545	0.013621783	4225.433963537216
232	0.0	0.0	0.0	0.0	25.0	5800	10.628552	0.119249426	12.3450775	9.949976	-11.031292	0.012620505	4243.601738214493
233	0.19147204	0.0	0.19147204	0.19147204	25.0	5825	10.671318	0.13019085	12.831075	9.987882	-11.08864	0.014603321	4261.758496761322
234	0.8463434	0.0	0.8463434	0.8463434	25.0	5850	10.712303	0.12908426	12.3674965	10.067834	-11.118339	0.013267581	4279.984925270081
235	0.008388173	0.0	0.008388173	0.008388173	25.0	5875	10.745022	0.11226621	12.326792	10.340984	-11.153621	0.01347037	4298.128769159317
236	0.63058364	0.0	0.63058364	0.63058364	25.0	5900	10.790167	0.12335141	12.09772	10.218226	-11.208285	0.015096874	4316.2574961185455
237	0.39055425	0.0	0.39055425	0.39055425	25.0	5925	10.830033	0.14829832	12.874331	9.522798	-11.235981	0.018571056	4334.511470079422
238	0.0	0.0	0.0	0.0	25.0	5950	10.869285	0.13175276	12.907455	9.490771	-11.302328	0.019311452	4352.741788625717
239	0.0	0.0	0.0	0.0	25.0	5975	10.908735	0.1309065	12.309667	10.118192	-11.314001	0.015055219	4371.144822359085
240	0.4806375	0.0	0.4806375	0.4806375	25.0	6000	10.948596	0.13897659	12.88588	10.3045435	-11.375614	0.016076626	4389.970916986465
241	0.39454013	0.0	0.39454013	0.39454013	25.0	6025	10.989009	0.15096997	14.023505	9.810856	-11.403988	0.021783018	4408.1999452114105
242	0.0	0.0	0.0	0.0	25.0	6050	11.025801	0.13946266	13.703678	10.02995	-11.4436	0.020966893	4426.378057956696
243	0.69485325	0.0	0.69485325	0.69485325	25.0	6075	11.0740795	0.13919362	12.455557	9.827264	-11.501874	0.021378634	4444.617498397827
244	0.41197777	0.0	0.41197777	0.41197777	25.0	6100	11.111765	0.14540465	13.0722685	10.103492	-11.531583	0.016317941	4462.8692853450775
245	0.42852312	0.0	0.42852312	0.42852312	25.0	6125	11.151898	0.17239814	13.423628	7.753382	-11.570257	0.027883265	4481.111680269241
246	0.0	0.0	0.0	0.0	25.0	6150	11.199097	0.16436884	13.333459	10.195425	-11.616202	0.020847484	4499.3430190086365
247	0.43496233	0.0	0.43496233	0.43496233	25.0	6175	11.240244	0.1720563	13.155852	9.7956085	-11.670044	0.024483921	4517.556817770004
248	0.5447806	0.0	0.5447806	0.5447806	25.0	6200	11.278973	0.14212924	12.537969	9.264706	-11.706696	0.020984013	4535.873022317886
249	0.30218798	0.0	0.30218798	0.30218798	25.0	6225	11.309961	0.1313531	13.476222	10.083913	-11.748868	0.017852573	4554.109618425369
250	0.6365318	0.0	0.6365318	0.6365318	25.0	6250	11.357976	0.12905723	13.793274	10.148454	-11.784525	0.01933995	4573.001794338226
251	0.642184	0.0	0.642184	0.642184	25.0	6275	11.398284	0.13810824	12.9740305	10.215915	-11.833151	0.021748137	4591.211720228195
252	0.11676066	0.0	0.11676066	0.11676066	25.0	6300	11.443245	0.1546194	13.052716	10.114444	-11.876422	0.021011911	4609.448570728302
253	4.321572	0.0	4.321572	4.321572	25.0	6325	11.487993	0.15350175	14.026156	10.3480015	-11.948909	0.023015097	4627.678429841995
254	1.0213057	0.0	1.0213057	1.0213057	25.0	6350	11.5218115	0.13794452	13.164818	9.503157	-11.975478	0.021288754	4645.867016077042
255	0.7011428	0.0	0.7011428	0.7011428	25.0	6375	11.563898	0.14540125	13.503855	9.656495	-12.02253	0.019897707	4664.040171146393
256	0.88938886	0.0	0.88938886	0.88938886	25.0	6400	11.609104	0.1508101	14.033608	10.815787	-12.058305	0.021686161	4682.311305761337
257	0.0	0.0	0.0	0.0	25.0	6425	11.657112	0.16517985	13.756185	8.677858	-12.11043	0.026408887	4700.535267829895
258	0.40096635	0.0	0.40096635	0.40096635	25.0	6450	11.703727	0.13260773	13.488629	10.272953	-12.149955	0.020243254	4718.682610034943
259	0.0	0.0	0.0	0.0	25.0	6475	11.742022	0.11620106	13.660787	10.791945	-12.199082	0.016208969	4736.914665937424
260	0.32474366	0.0	0.32474366	0.32474366	25.0	6500	11.787867	0.12549764	13.209959	10.576567	-12.251369	0.016932016	4755.777173995972
261	0.113474704	0.0	0.113474704	0.113474704	25.0	6525	11.841121	0.16003558	14.844172	11.064429	-12.296599	0.026123762	4773.955867290497
262	0.11813742	0.0	0.11813742	0.11813742	25.0	6550	11.879072	0.14161812	13.78217	10.69297	-12.342498	0.022662366	4792.469211101532
263	0.23936303	0.0	0.23936303	0.23936303	25.0	6575	11.917576	0.11998658	12.969429	9.445417	-12.374065	0.018230487	4811.02440738678
264	0.39440858	0.0	0.39440858	0.39440858	25.0	6600	11.968297	0.14491272	13.946237	10.513747	-12.416568	0.019700278	4829.731667518616
265	0.8179367	0.0	0.8179367	0.8179367	25.0	6625	12.013512	0.16167542	13.961047	9.80144	-12.465421	0.024414584	4848.296767950058
266	0.20732631	0.0	0.20732631	0.20732631	25.0	6650	12.057909	0.14888853	14.453933	11.340984	-12.498082	0.021018533	4866.99969792366
267	0.19064897	0.0	0.19064897	0.19064897	25.0	6675	12.088252	0.12886155	13.490771	10.157008	-12.549714	0.016444908	4885.317847490311
268	0.51014376	0.0	0.51014376	0.51014376	25.0	6700	12.139739	0.12908049	14.304517	10.960914	-12.585518	0.01570387	4903.5309908390045
269	0.21524219	0.0	0.21524219	0.21524219	25.0	6725	12.181001	0.14604507	14.87269	10.696564	-12.634858	0.021853149	4921.7393963336945
270	0.7354283	0.0	0.7354283	0.7354283	25.0	6750	12.2280245	0.18251982	15.270157	10.383537	-12.705305	0.032476887	4940.568264245987
271	0.0	0.0	0.0	0.0	25.0	6775	12.275971	0.14692667	13.938234	10.610605	-12.727983	0.017805442	4958.705802440643
272	0.7821998	0.0	0.7821998	0.7821998	25.0	6800	12.308468	0.12529613	13.753129	11.635964	-12.776803	0.016546829	4976.850305557251
273	0.96007293	0.0	0.96007293	0.96007293	25.0	6825	12.360007	0.11578736	13.753782	11.681446	-12.83659	0.015410371	4994.988940000534
274	0.034475796	0.0	0.034475796	0.034475796	25.0	6850	12.4013815	0.14281164	13.902988	9.944826	-12.874331	0.018692644	5013.091292381287
275	0.64362144	0.0	0.64362144	0.64362144	25.0	6875	12.444902	0.1334407	14.10461	11.726645	-12.920896	0.019662874	5031.258467674255
276	0.14106718	0.0	0.14106718	0.14106718	25.0	6900	12.495627	0.13742211	14.608993	11.675562	-12.968417	0.017684272	5049.399374961853
277	0.1574289	0.0	0.1574289	0.1574289	25.0	6925	12.533706	0.12422548	14.669976	11.789872	-13.006927	0.01426113	5067.72426199913
278	0.28944868	0.0	0.28944868	0.28944868	25.0	6950	12.582777	0.14126004	15.931412	12.17456	-13.080801	0.017576512	5085.967950105667
279	0.5909496	0.0	0.5909496	0.5909496	25.0	6975	12.629774	0.11506913	13.991889	11.665836	-13.195731	0.016446752	5104.53434753418
280	0.17951664	0.0	0.17951664	0.17951664	25.0	7000	12.679085	0.13884374	14.19666	11.870336	-13.247334	0.01660762	5123.52997303009
281	0.37734184	0.0	0.37734184	0.37734184	25.0	7025	12.719344	0.10283335	14.010771	11.9534445	-13.284116	0.013742173	5141.707509994507
282	0.039635107	0.0	0.039635107	0.039635107	25.0	7050	12.780544	0.1461423	14.745852	11.564492	-13.3253975	0.01973998	5159.930586576462
283	0.3670208	0.0	0.3670208	0.3670208	25.0	7075	12.849451	0.1604315	14.94277	11.26584	-13.388162	0.026107866	5178.091392040253
284	0.7184695	0.0	0.7184695	0.7184695	25.0	7100	12.909059	0.1404816	14.458752	11.346682	-13.467669	0.022923488	5196.265574932098
285	0.35254893	0.0	0.35254893	0.35254893	25.0	7125	12.988543	0.16232748	15.003407	10.737294	-13.540178	0.024913251	5214.413192749023
286	0.20902851	0.0	0.20902851	0.20902851	25.0	7150	13.041758	0.1413159	14.997042	11.832216	-13.615135	0.021896157	5232.658256530762
287	0.6368512	0.0	0.6368512	0.6368512	25.0	7175	13.098059	0.18395369	15.447478	10.041852	-13.660676	0.03124346	5250.825212240219
288	0.117688455	0.0	0.117688455	0.117688455	25.0	7200	13.146187	0.17682382	16.01975	10.995702	-13.695687	0.03127039	5269.033680677414
289	0.0	0.0	0.0	0.0	25.0	7225	13.207362	0.15019214	15.044148	11.870307	-13.764551	0.020584906	5287.205195426941
290	0.42553306	0.0	0.42553306	0.42553306	25.0	7250	13.2576685	0.11816002	14.480473	12.601545	-13.812826	0.015835147	5306.107785463333
291	0.41468152	0.0	0.41468152	0.41468152	25.0	7275	13.323398	0.15489721	15.745887	11.924679	-13.861909	0.022319555	5324.2386882305145
292	0.12933801	0.0	0.12933801	0.12933801	25.0	7300	13.374198	0.12746772	14.932648	12.61859	-13.892325	0.017263453	5342.405180931091
293	0.4315638	0.0	0.4315638	0.4315638	25.0	7325	13.426592	0.15936635	15.399307	12.43307	-13.955279	0.02242473	5360.589023590088
294	0.0	0.0	0.0	0.0	25.0	7350	13.483173	0.19221096	16.609776	11.775098	-14.000594	0.038647674	5378.769215345383
295	0.36326793	0.0	0.36326793	0.36326793	25.0	7375	13.5377445	0.16059513	15.421313	12.432064	-14.076857	0.024011958	5396.940181255341
296	0.8569387	0.0	0.8569387	0.8569387	25.0	7400	13.587979	0.1264436	15.029981	12.523437	-14.11825	0.01941144	5415.164617300034
297	0.7820121	0.0	0.7820121	0.7820121	25.0	7425	13.635996	0.1401747	15.200723	12.252002	-14.177516	0.020737095	5433.392209768295
298	0.0050945147	0.0	0.0050945147	0.0050945147	25.0	7450	13.69096	0.16333668	15.723198	10.255801	-14.249694	0.023707729	5451.666590929031
299	0.22003672	0.0	0.22003672	0.22003672	25.0	7475	13.734134	0.17638932	16.040825	12.103346	-14.277013	0.02872964	5469.98569560051
300	0.21257873	0.0	0.21257873	0.21257873	25.0	7500	13.785444	0.16635641	17.50328	13.24148	-14.32571	0.024636311	5488.975288391113
301	0.19733834	0.0	0.19733834	0.19733834	25.0	7525	13.835996	0.13332817	15.591	12.161419	-14.392461	0.019596614	5507.222173213959
302	1.2168703	0.0	1.2168703	1.2168703	25.0	7550	13.894308	0.13994825	15.720259	12.854496	-14.462619	0.01895342	5525.494910955429
303	0.0	0.0	0.0	0.0	25.0	7575	13.955261	0.17413169	17.098864	11.373111	-14.604561	0.035650183	5543.751743793488
304	1.361403	0.0	1.361403	1.361403	25.0	7600	14.0239725	0.1557275	16.05129	12.680233	-14.690103	0.028067084	5562.098926544189
305	0.0	0.0	0.0	0.0	25.0	7625	14.068618	0.15688576	17.064342	12.513273	-14.800209	0.02111614	5580.334624290466
306	0.729126	0.0	0.729126	0.729126	25.0	7650	14.124048	0.15201418	16.448063	12.613364	-15.157356	0.027493812	5598.675795793533
307	0.5666939	0.0	0.5666939	0.5666939	25.0	7675	14.205357	0.14229116	15.786014	13.167355	-15.355787	0.022097586	5616.8543491363525
308	0.9724469	0.0	0.9724469	0.9724469	25.0	7700	14.3063545	0.14472239	15.974821	12.923501	-15.301902	0.026453812	5635.1264708042145
309	0.41755182	0.0	0.41755182	0.41755182	25.0	7725	14.418576	0.15295301	16.043474	13.539617	-15.162197	0.020696841	5653.434734106064
310	0.031187087	0.0	0.031187087	0.031187087	25.0	7750	14.556609	0.15086423	16.099064	11.890561	-15.299547	0.024355743	5672.500198125839
311	0.47665963	0.0	0.47665963	0.47665963	25.0	7775	14.770522	0.17421433	17.58579	13.568622	-15.535996	0.027962726	5690.821089982986
312	0.5654973	0.0	0.5654973	0.5654973	25.0	7800	14.935332	0.15699899	16.555391	14.060726	-15.705249	0.026599178	5709.080149650574
313	0.37505624	0.0	0.37505624	0.37505624	25.0	7825	15.055586	0.1502387	17.040281	14.377798	-15.685591	0.022761038	5727.347460031509
314	0.8491192	0.0	0.8491192	0.8491192	25.0	7850	15.155105	0.15081735	16.652353	13.342222	-15.766738	0.022888618	5745.586051464081
315	1.0186145	0.0	1.0186145	1.0186145	25.0	7875	15.271079	0.18555449	18.453897	13.561379	-15.818474	0.031155678	5763.811485528946
316	0.095812686	0.0	0.095812686	0.095812686	25.0	7900	15.382921	0.16932967	17.989286	14.499826	-16.009993	0.027834358	5783.191424846649
317	0.39575773	0.0	0.39575773	0.39575773	25.0	7925	15.483857	0.13050507	17.476343	14.606753	-16.069958	0.018925421	5801.553015708923
318	0.06563545	0.0	0.06563545	0.06563545	25.0	7950	15.56933	0.17665125	19.253374	14.233043	-16.159887	0.027750041	5819.797371864319
319	0.23575525	0.0	0.23575525	0.23575525	25.0	7975	15.629265	0.17571877	17.468376	12.494373	-16.20923	0.034729533	5838.233131885529
320	0.6179926	0.0	0.6179926	0.6179926	25.0	8000	15.660571	0.1565867	17.171995	14.313333	-16.252636	0.027809117	5857.3882212638855
321	0.74023473	0.0	0.74023473	0.74023473	25.0	8025	15.706028	0.18309127	17.890493	13.380883	-16.327	0.032498658	5875.596638679504
322	0.8889771	0.0	0.8889771	0.8889771	25.0	8050	15.750674	0.16099085	18.07688	15.065853	-16.351225	0.023348909	5894.908550739288
323	0.46671566	0.0	0.46671566	0.46671566	25.0	8075	15.797203	0.15969785	18.764008	14.810212	-16.405968	0.026903577	5913.1689348220825
324	0.07170099	0.0	0.07170099	0.07170099	25.0	8100	15.84743	0.17153935	18.103367	13.756727	-16.412304	0.03069898	5931.603678226471
325	0.013197032	0.0	0.013197032	0.013197032	25.0	8125	15.892409	0.21170267	19.05996	13.062537	-16.462662	0.045850787	5950.2752294540405
326	0.36256033	0.0	0.36256033	0.36256033	25.0	8150	15.948403	0.2012521	18.434292	14.420927	-16.534382	0.02808326	5968.605077266693
327	0.2222797	0.0	0.2222797	0.2222797	25.0	8175	16.000204	0.17447399	18.5109	13.43024	-16.581022	0.027076196	5987.00693321228
328	0.14247109	0.0	0.14247109	0.14247109	25.0	8200	16.050817	0.13685296	17.79961	15.23848	-16.659407	0.021000395	6005.415514945984
329	0.27481538	0.0	0.27481538	0.27481538	25.0	8225	16.108648	0.14800084	17.83703	15.47426	-16.699354	0.025960863	6023.698775053024
330	0.6487416	0.0	0.6487416	0.6487416	25.0	8250	16.160166	0.17990537	18.469275	13.691156	-16.752665	0.031816255	6042.745875597
331	0.31877068	0.0	0.31877068	0.31877068	25.0	8275	16.209572	0.15736438	17.973028	14.497504	-16.800016	0.02527392	6060.982892274857
332	0.24665669	0.0	0.24665669	0.24665669	25.0	8300	16.27084	0.17777464	19.58588	15.892696	-16.856316	0.028163457	6079.274531841278
333	0.24831611	0.0	0.24831611	0.24831611	25.0	8325	16.32109	0.22616252	20.758587	13.474672	-16.930225	0.04846196	6097.502998113632
334	0.48781824	0.0	0.48781824	0.48781824	25.0	8350	16.374308	0.14735453	18.36326	15.02216	-16.980288	0.024752986	6115.687984704971
335	1.0561122	0.0	1.0561122	1.0561122	25.0	8375	16.425997	0.19010465	18.063581	12.544029	-17.026796	0.040018357	6134.150019407272
336	0.44988054	0.0	0.44988054	0.44988054	25.0	8400	16.485014	0.16763742	18.435099	13.615457	-17.08386	0.03109003	6152.411016941071
337	0.0	0.0	0.0	0.0	25.0	8425	16.53214	0.16854893	18.932251	15.183638	-17.15121	0.028523179	6170.657362699509
338	0.32269335	0.0	0.32269335	0.32269335	25.0	8450	16.590103	0.13901739	18.58533	15.598859	-17.233406	0.02480255	6189.168961048126
339	0.17417316	0.0	0.17417316	0.17417316	25.0	8475	16.651917	0.18019268	18.433529	14.544695	-17.27349	0.030753238	6207.462891578674
340	0.5103502	0.0	0.5103502	0.5103502	25.0	8500	16.703447	0.17975532	18.812216	15.1896715	-17.344	0.036054082	6226.453718423843
341	1.9162427	0.0	1.9162427	1.9162427	25.0	8525	16.763805	0.17628978	19.30896	14.876133	-17.366463	0.028123748	6245.69788813591
342	0.05610365	0.0	0.05610365	0.05610365	25.0	8550	16.818905	0.17985322	20.35002	15.2113905	-17.449408	0.029731069	6263.878266096115
343	1.0656295	0.0	1.0656295	1.0656295	25.0	8575	16.866692	0.14511648	17.929876	14.810634	-17.508707	0.026660364	6282.065435409546
344	0.4509831	0.0	0.4509831	0.4509831	25.0	8600	16.931686	0.16588376	19.99047	14.933366	-17.567924	0.0306573	6300.221378803253
345	0.28403756	0.0	0.28403756	0.28403756	25.0	8625	16.99082	0.17751253	19.685135	14.663807	-17.629982	0.029429335	6319.24889922142
346	0.34528685	0.0	0.34528685	0.34528685	25.0	8650	17.046688	0.15632594	19.46137	16.06133	-17.696962	0.025884962	6337.4311401844025
347	0.35987204	0.0	0.35987204	0.35987204	25.0	8675	17.102266	0.14438462	18.905767	15.686453	-17.751049	0.025974436	6355.603196144104
348	0.0	0.0	0.0	0.0	25.0	8700	17.173246	0.14683561	18.790968	16.766386	-17.789522	0.02686155	6374.675387382507
349	0.63594335	0.0	0.63594335	0.63594335	25.0	8725	17.219175	0.14869525	18.91838	14.729059	-17.849586	0.025142323	6392.869592666626
350	0.24274534	0.0	0.24274534	0.24274534	25.0	8750	17.279654	0.16711017	18.753412	15.212147	-17.926666	0.032445893	6411.834214925766
351	0.3466499	0.0	0.3466499	0.3466499	25.0	8775	17.346748	0.16672224	19.7604	16.37292	-17.993662	0.02890051	6429.98935008049
352	0.7402004	0.0	0.7402004	0.7402004	25.0	8800	17.399145	0.15161298	18.929333	15.877769	-18.042065	0.027374865	6448.16041970253
353	0.36012518	0.0	0.36012518	0.36012518	25.0	8825	17.461687	0.18594475	21.440845	16.535738	-18.105486	0.030302357	6466.336995601654
354	0.0	0.0	0.0	0.0	25.0	8850	17.51371	0.171525	20.73636	16.26448	-18.153475	0.029921867	6484.501888513565
355	0.35016143	0.0	0.35016143	0.35016143	25.0	8875	17.566778	0.13717441	19.359234	16.1842	-18.23292	0.020511135	6502.793325662613
356	0.14934155	0.0	0.14934155	0.14934155	25.0	8900	17.632597	0.14884675	20.28991	15.875074	-18.294825	0.02326434	6521.13631939888
357	0.92903507	0.0	0.92903507	0.92903507	25.0	8925	17.697649	0.19489223	21.341967	16.134087	-18.361418	0.029564532	6539.383111000061
358	0.6449258	0.0	0.6449258	0.6449258	25.0	8950	17.75304	0.15792948	19.568264	16.529177	-18.403807	0.027524224	6557.960671424866
359	1.3645179	0.0	1.3645179	1.3645179	25.0	8975	17.816774	0.18194036	21.552275	16.840055	-18.512518	0.036292087	6576.197477579117
360	0.23413782	0.0	0.23413782	0.23413782	25.0	9000	17.885107	0.1649898	20.228148	16.657955	-18.572033	0.02882098	6595.466160774231
361	0.17031625	0.0	0.17031625	0.17031625	25.0	9025	17.944666	0.16285962	19.975857	15.035806	-18.641705	0.032288026	6613.982172250748
362	0.0	0.0	0.0	0.0	25.0	9050	18.013178	0.1903452	19.927214	15.456683	-18.669867	0.035692897	6632.642015695572
363	0.38793173	0.0	0.38793173	0.38793173	25.0	9075	18.066505	0.18295595	21.244654	16.10354	-18.73671	0.032334134	6651.046082019806
364	0.26614702	0.0	0.26614702	0.26614702	25.0	9100	18.131207	0.21703954	23.003962	16.206163	-18.79824	0.046478324	6669.326213121414
365	0.8083377	0.0	0.8083377	0.8083377	25.0	9125	18.194044	0.2610375	21.979689	13.575822	-18.880377	0.07464803	6687.7187530994415
366	0.0	0.0	0.0	0.0	25.0	9150	18.245255	0.18060707	21.133093	15.869447	-18.92797	0.035124086	6706.245265960693
367	0.0	0.0	0.0	0.0	25.0	9175	18.311054	0.2096849	21.913252	15.113164	-19.004719	0.046254862	6724.565549612045
368	0.5813975	0.0	0.5813975	0.5813975	25.0	9200	18.372658	0.17766923	22.410494	17.25953	-19.060371	0.032846287	6742.927497625351
369	0.43670806	0.0	0.43670806	0.43670806	25.0	9225	18.42823	0.19126219	20.982496	15.156878	-19.126907	0.04025871	6761.17809844017
370	0.8546209	0.0	0.8546209	0.8546209	25.0	9250	18.491753	0.20289007	22.73692	15.730255	-19.179012	0.04358489	6780.24919462204
371	0.26511782	0.0	0.26511782	0.26511782	25.0	9275	18.55807	0.18385826	21.857485	17.746754	-19.257597	0.028945576	6798.495687961578
372	0.29509565	0.0	0.29509565	0.29509565	25.0	9300	18.615292	0.19446743	21.942636	15.675744	-19.316788	0.0359687	6816.75937461853
373	0.88242024	0.0	0.88242024	0.88242024	25.0	9325	18.68054	0.18220557	20.723457	16.392414	-19.39459	0.03931057	6834.9492864608765
374	0.95948124	0.0	0.95948124	0.95948124	25.0	9350	18.757753	0.1522566	20.468546	17.387566	-19.462214	0.029288566	6853.1295692920685
375	0.8584711	0.0	0.8584711	0.8584711	25.0	9375	18.817595	0.23167382	21.090006	13.042926	-19.515089	0.04981844	6871.425226211548
376	0.30453178	0.0	0.30453178	0.30453178	25.0	9400	18.883715	0.15658548	20.624943	17.869146	-19.614285	0.025069142	6889.678575515747
377	0.24993558	0.0	0.24993558	0.24993558	25.0	9425	18.94314	0.16964637	22.426931	17.880133	-19.644665	0.03168449	6908.048988819122
378	0.8911386	0.0	0.8911386	0.8911386	25.0	9450	19.020699	0.23704442	22.768257	16.96582	-19.722473	0.05074861	6926.70876288414
379	0.0	0.0	0.0	0.0	25.0	9475	19.069433	0.15422402	20.2333	16.381504	-19.800335	0.03278877	6945.057295084
380	0.2933765	0.0	0.2933765	0.2933765	25.0	9500	19.152058	0.16599847	21.599066	18.41779	-19.87009	0.028199237	6964.196800708771
381	0.13436726	0.0	0.13436726	0.13436726	25.0	9525	19.205175	0.1724798	20.867252	17.552372	-19.913795	0.028625367	6982.399731874466
382	0.0	0.0	0.0	0.0	25.0	9550	19.27889	0.16079418	20.6657	17.025736	-20.032263	0.03203576	7000.642191886902
383	0.4260419	0.0	0.4260419	0.4260419	25.0	9575	19.344843	0.18219927	22.585928	17.082745	-20.082851	0.03165908	7018.836974143982
384	0.12507132	0.0	0.12507132	0.12507132	25.0	9600	19.412958	0.18934129	23.322222	17.422485	-20.11001	0.032057334	7037.024920940399
385	1.2473335	0.0	1.2473335	1.2473335	25.0	9625	19.4706	0.18199849	20.891054	18.505573	-20.212805	0.03527967	7055.263289928436
386	0.7872114	0.0	0.7872114	0.7872114	25.0	9650	19.545116	0.18839635	21.763336	17.873966	-20.336422	0.035489824	7073.476639032364
387	1.0530186	0.0	1.0530186	1.0530186	25.0	9675	19.621964	0.15810157	21.063871	18.480236	-20.509089	0.031506777	7091.643911123276
388	0.43338177	0.0	0.43338177	0.43338177	25.0	9700	19.68132	0.15503578	21.332785	18.78577	-20.56054	0.025244823	7109.952779054642
389	1.1619687	0.0	1.1619687	1.1619687	25.0	9725	19.765514	0.16537635	21.502022	18.634308	-20.636032	0.024404	7128.191941976547
390	0.32309008	0.0	0.32309008	0.32309008	25.0	9750	19.91245	0.16935907	22.284124	17.981972	-20.778982	0.026010564	7147.330197811127
391	0.8653831	0.0	0.8653831	0.8653831	25.0	9775	20.037361	0.17339502	22.26603	18.947016	-20.871862	0.03221406	7165.503660917282
392	0.34181485	0.0	0.34181485	0.34181485	25.0	9800	20.128197	0.17503132	23.1115	19.345348	-20.962278	0.024435973	7183.69974565506
393	0.9145266	0.0	0.9145266	0.9145266	25.0	9825	20.201288	0.178662	22.578892	18.612247	-21.041723	0.032631613	7201.892925262451
394	0.03842692	0.0	0.03842692	0.03842692	25.0	9850	20.27915	0.16127421	21.389507	18.500612	-21.107756	0.033664837	7220.157611370087
395	0.20480539	0.0	0.20480539	0.20480539	25.0	9875	20.355816	0.17107897	22.11628	19.725494	-21.177752	0.029004568	7238.33869934082
396	0.26809973	0.0	0.26809973	0.26809973	25.0	9900	20.430168	0.18579213	22.972126	18.409634	-21.246828	0.037855905	7256.834376573563
397	0.34409463	0.0	0.34409463	0.34409463	25.0	9925	20.50748	0.18044095	23.904545	20.00236	-21.305574	0.025993932	7275.0506772994995
398	0.9079493	0.0	0.9079493	0.9079493	25.0	9950	20.574482	0.15993325	22.31371	18.866623	-21.390162	0.032695945	7293.267480611801
399	0.55174106	0.0	0.55174106	0.55174106	25.0	9975	20.658491	0.18472974	23.338404	19.499603	-21.466396	0.03515661	7311.5321679115295
400	0.57792336	0.0	0.57792336	0.57792336	25.0	10000	20.72719	0.17070757	23.522348	19.138369	-21.520926	0.03161538	7330.680139064789
401	0.4203221	0.0	0.4203221	0.4203221	25.0	10025	20.810453	0.1866852	23.260462	19.731636	-21.620605	0.037887312	7348.957241296768
402	0.15250443	0.0	0.15250443	0.15250443	25.0	10050	20.880074	0.16384593	23.191353	19.689016	-21.663286	0.026737023	7367.265044927597
403	0.73428226	0.0	0.73428226	0.73428226	25.0	10075	20.951916	0.19055732	23.07554	18.801243	-21.732637	0.036881886	7385.509596824646
404	0.06768151	0.0	0.06768151	0.06768151	25.0	10100	21.023222	0.16914865	23.539541	19.826141	-21.822824	0.030225363	7403.707737445831
405	0.47572753	0.0	0.47572753	0.47572753	25.0	10125	21.105375	0.18443972	23.151714	19.877678	-21.898909	0.028362418	7421.944832324982
406	0.43565083	0.0	0.43565083	0.43565083	25.0	10150	21.170195	0.15101708	23.0094	20.465004	-21.964876	0.0291128	7440.20670747757
407	0.37133104	0.0	0.37133104	0.37133104	25.0	10175	21.250298	0.1848295	22.9857	19.66555	-22.075813	0.03375785	7458.502876758575
408	0.058542345	0.0	0.058542345	0.058542345	25.0	10200	21.318785	0.18295984	23.598482	19.885857	-22.148705	0.039370194	7476.706562280655
409	0.2390445	0.0	0.2390445	0.2390445	25.0	10225	21.401478	0.19713058	23.910202	19.144323	-22.212036	0.04041099	7494.9545221328735
410	0.06341282	0.0	0.06341282	0.06341282	25.0	10250	21.46961	0.19049305	23.533627	18.747042	-22.279526	0.039348368	7514.163655996323
411	0.1754303	0.0	0.1754303	0.1754303	25.0	10275	21.550694	0.19915274	24.529161	20.5346	-22.355885	0.038761802	7532.41877412796
412	0.013986303	0.0	0.013986303	0.013986303	25.0	10300	21.615826	0.24026817	24.747776	18.11725	-22.42947	0.06010777	7550.646706342697
413	0.64780986	0.0	0.64780986	0.64780986	25.0	10325	21.693832	0.17187934	23.906803	19.501411	-22.532759	0.030925512	7568.82864356041
414	0.6665687	0.0	0.6665687	0.6665687	25.0	10350	21.778973	0.22909573	25.447397	19.40284	-22.6092	0.055743255	7586.9756145477295
415	0.4317909	0.0	0.4317909	0.4317909	25.0	10375	21.852324	0.25030932	26.344559	18.826311	-22.69357	0.055062104	7605.119777917862
416	0.59451413	0.0	0.59451413	0.59451413	25.0	10400	21.929405	0.22350952	24.314661	19.384644	-22.797834	0.054782063	7623.246004581451
417	0.6887456	0.0	0.6887456	0.6887456	25.0	10425	22.0006	0.19085301	24.512926	19.94085	-22.845617	0.03924571	7641.433718204498
418	0.69433194	0.0	0.69433194	0.69433194	25.0	10450	22.087193	0.16320843	23.99678	21.003033	-22.949001	0.029420016	7659.598681926727
419	0.36563385	0.0	0.36563385	0.36563385	25.0	10475	22.164019	0.23466654	24.295942	20.208876	-23.0038	0.05718861	7677.746000766754
420	0.30227208	0.0	0.30227208	0.30227208	25.0	10500	22.251951	0.21742202	27.262426	20.359203	-23.084213	0.05436232	7696.791958808899
421	0.090544544	0.0	0.090544544	0.090544544	25.0	10525	22.322315	0.19893116	25.204567	20.27974	-23.180138	0.043762866	7714.960060119629
422	0.4369017	0.0	0.4369017	0.4369017	25.0	10550	22.400015	0.19462034	26.420494	20.162493	-23.256886	0.04297514	7733.172610044479
423	0.2822485	0.0	0.2822485	0.2822485	25.0	10575	22.474861	0.20468119	24.122719	18.230503	-23.335459	0.050024986	7751.326757907867
424	1.0717809	0.0	1.0717809	1.0717809	25.0	10600	22.553755	0.23306535	27.632608	19.839546	-23.405083	0.057983622	7769.4544224739075
425	0.37979758	0.0	0.37979758	0.37979758	25.0	10625	22.630587	0.26112658	28.231739	20.199371	-23.480928	0.07573535	7787.597360134125
426	0.09583181	0.0	0.09583181	0.09583181	25.0	10650	22.71554	0.19569509	25.476402	21.517792	-23.574173	0.036041155	7805.759563922882
427	0.16456361	0.0	0.16456361	0.16456361	25.0	10675	22.792387	0.15923929	24.884167	21.982298	-23.65829	0.028240837	7823.931474208832
428	0.13932829	0.0	0.13932829	0.13932829	25.0	10700	22.88137	0.20201911	26.008831	21.484974	-23.755974	0.041299723	7842.0483231544495
429	0.8950646	0.0	0.8950646	0.8950646	25.0	10725	22.95603	0.2234152	26.758774	19.439947	-23.837742	0.056698907	7860.173555612564
430	1.1296915	0.0	1.1296915	1.1296915	25.0	10750	23.030354	0.21550727	25.705284	19.597385	-23.89884	0.046354223	7879.389386177063
431	0.47056273	0.0	0.47056273	0.47056273	25.0	10775	23.11831	0.2157417	27.370811	21.88576	-23.968517	0.044891015	7897.526784896851
432	0.102425136	0.0	0.102425136	0.102425136	25.0	10800	23.192778	0.19775763	27.168913	21.940456	-24.060863	0.036861353	7915.664927721024
433	1.2905791	0.0	1.2905791	1.2905791	25.0	10825	23.264788	0.18215783	26.490147	21.807003	-24.138796	0.039366215	7933.892866611481
434	0.8410733	0.0	0.8410733	0.8410733	25.0	10850	23.345661	0.25637278	27.494213	19.18464	-24.209892	0.061826378	7952.11686372757
435	0.30859318	0.0	0.30859318	0.30859318	25.0	10875	23.428791	0.18338817	25.498772	21.308733	-24.307446	0.03964336	7970.405396938324
436	1.7982041	0.0	1.7982041	1.7982041	25.0	10900	23.510021	0.20385377	25.744295	21.298094	-24.415699	0.043707177	7988.664321899414
437	0.051935762	0.0	0.051935762	0.051935762	25.0	10925	23.582542	0.19326003	25.456451	20.124666	-24.485573	0.0435251	8006.860644817352
438	0.1317833	0.0	0.1317833	0.1317833	25.0	10950	23.670324	0.2234198	26.288967	19.311764	-24.545574	0.056308344	8025.066920995712
439	0.46558094	0.0	0.46558094	0.46558094	25.0	10975	23.747612	0.18308233	25.654387	22.174437	-24.644957	0.03691865	8044.512469291687
440	0.28945455	0.0	0.28945455	0.28945455	25.0	11000	23.830116	0.20172372	25.7978	22.174913	-24.721811	0.042509004	8063.773244142532
441	0.7784015	0.0	0.7784015	0.7784015	25.0	11025	23.911264	0.22446108	27.311314	21.083721	-24.814497	0.050227195	8082.385127544403
442	0.0	0.0	0.0	0.0	25.0	11050	23.995247	0.1942361	26.052525	22.344261	-24.894129	0.039046947	8100.956029415131
443	0.5067709	0.0	0.5067709	0.5067709	25.0	11075	24.058594	0.20077766	25.734833	21.261404	-24.963778	0.047175016	8119.362182378769
444	0.13901609	0.0	0.13901609	0.13901609	25.0	11100	24.15645	0.21321465	27.380035	21.77281	-25.049864	0.04851171	8137.5876677036285
445	0.0	0.0	0.0	0.0	25.0	11125	24.228016	0.15603274	25.69074	22.899326	-25.119343	0.03015289	8155.819062232971
446	0.16382667	0.0	0.16382667	0.16382667	25.0	11150	24.30609	0.17818809	25.77598	23.143425	-25.224503	0.036325186	8174.213810443878
447	0.20105822	0.0	0.20105822	0.20105822	25.0	11175	24.384066	0.20496282	27.823933	22.325605	-25.298246	0.045176577	8192.473680734634
448	0.9918428	0.0	0.9918428	0.9918428	25.0	11200	24.46486	0.17064032	26.146534	22.997274	-25.3946	0.032003146	8210.772956609726
449	0.29477608	0.0	0.29477608	0.29477608	25.0	11225	24.551138	0.23327541	27.698568	21.780191	-25.48889	0.055886813	8228.995262861252
450	0.78935677	0.0	0.78935677	0.78935677	25.0	11250	24.643343	0.19695972	26.869217	23.891483	-25.589075	0.04565513	8248.180026769638
451	0.023207923	0.0	0.023207923	0.023207923	25.0	11275	24.722176	0.18855765	26.347971	23.218088	-25.636656	0.040066145	8266.436527490616
452	0.10642693	0.0	0.10642693	0.10642693	25.0	11300	24.81306	0.20508714	27.346357	23.197165	-25.73447	0.044870723	8284.78631234169
453	0.1363603	0.0	0.1363603	0.1363603	25.0	11325	24.890863	0.18430597	27.356596	22.139112	-25.819136	0.0368169	8303.022081375122
454	0.26978183	0.0	0.26978183	0.26978183	25.0	11350	24.977436	0.22432308	28.77151	22.08622	-25.911602	0.052885972	8321.244618177414
455	0.30990955	0.0	0.30990955	0.30990955	25.0	11375	25.06312	0.2593337	27.690472	19.886179	-25.981844	0.06391465	8339.454774141312
456	0.017079752	0.0	0.017079752	0.017079752	25.0	11400	25.145708	0.1734794	27.284441	23.66149	-26.07244	0.034176387	8357.63627910614
457	0.0	0.0	0.0	0.0	25.0	11425	25.233414	0.18565382	27.693563	24.58189	-26.180397	0.0385033	8375.870657682419
458	0.23744355	0.0	0.23744355	0.23744355	25.0	11450	25.31398	0.18335566	27.400297	24.005766	-26.268686	0.038889278	8394.102865934372
459	0.0	0.0	0.0	0.0	25.0	11475	25.4127	0.21819328	28.304777	22.77778	-26.380714	0.050342754	8412.297574043274
460	0.0	0.0	0.0	0.0	25.0	11500	25.502691	0.22131866	28.986526	23.808075	-26.443836	0.040129825	8431.520887851715
461	0.27929503	0.0	0.27929503	0.27929503	25.0	11525	25.575987	0.1881175	26.88099	24.860195	-26.554104	0.038173277	8449.74358868599
462	0.0	0.0	0.0	0.0	25.0	11550	25.67388	0.18946962	27.76862	23.632889	-26.647026	0.031400498	8467.945215940475
463	0.0	0.0	0.0	0.0	25.0	11575	25.760899	0.17335695	27.327232	24.729914	-26.721611	0.03160273	8486.172149896622
464	0.17963047	0.0	0.17963047	0.17963047	25.0	11600	25.84084	0.2151459	28.781971	23.985252	-26.793692	0.04654413	8504.431092500687
465	0.34652445	0.0	0.34652445	0.34652445	25.0	11625	25.93688	0.24430095	28.601723	21.400167	-26.906267	0.055540696	8522.64728975296
466	0.2735806	0.0	0.2735806	0.2735806	25.0	11650	26.019707	0.2182238	29.537407	25.203049	-26.9932	0.04459913	8540.928430080414
467	0.0	0.0	0.0	0.0	25.0	11675	26.109404	0.23042594	31.43645	24.291656	-27.091621	0.05915426	8559.11552786827
468	0.0	0.0	0.0	0.0	25.0	11700	26.19384	0.30400953	30.037964	22.17829	-27.185308	0.09902551	8577.342451810837
469	0.20244175	0.0	0.20244175	0.20244175	25.0	11725	26.285948	0.2841713	31.667559	22.5379	-27.278862	0.07340392	8595.542997837067
470	0.19427277	0.0	0.19427277	0.19427277	25.0	11750	26.378494	0.17618589	28.591177	25.756336	-27.36056	0.03649975	8614.767302513123
471	0.71912545	0.0	0.71912545	0.71912545	25.0	11775	26.4661	0.24639915	31.621151	23.524021	-27.456282	0.07084325	8632.952276229858
472	0.4368395	0.0	0.4368395	0.4368395	25.0	11800	26.551552	0.2684601	31.22009	21.266619	-27.530195	0.07676308	8651.182725191116
473	0.30753025	0.0	0.30753025	0.30753025	25.0	11825	26.639969	0.18118757	28.264328	25.808191	-27.63789	0.033734366	8669.4740960598
474	0.38511977	0.0	0.38511977	0.38511977	25.0	11850	26.737446	0.2672576	34.409122	26.0104	-27.748602	0.05836942	8687.889654874802
475	0.3545404	0.0	0.3545404	0.3545404	25.0	11875	26.81455	0.21861595	29.290186	24.607449	-27.85073	0.04649447	8706.357615232468
476	0.34971297	0.0	0.34971297	0.34971297	25.0	11900	26.906898	0.18698531	29.247335	25.539845	-27.915886	0.033623222	8724.55270242691
477	0.20105803	0.0	0.20105803	0.20105803	25.0	11925	27.008902	0.24331662	29.529627	23.690231	-28.017885	0.060709976	8745.845838069916
478	0.56909823	0.0	0.56909823	0.56909823	25.0	11950	27.091143	0.24883604	30.571615	24.323183	-28.083796	0.0682561	8764.113509654999
479	0.5042273	0.0	0.5042273	0.5042273	25.0	11975	27.1817	0.20002933	29.123692	25.184023	-28.197847	0.0497051	8782.330835819244
480	1.2723064	0.0	1.2723064	1.2723064	25.0	12000	27.284311	0.27019536	31.05438	24.513906	-28.308872	0.06856723	8801.573598623276
481	0.9491085	0.0	0.9491085	0.9491085	25.0	12025	27.361391	0.19449826	28.922953	25.28878	-28.394129	0.0436063	8819.825322628021
482	0.5617856	0.0	0.5617856	0.5617856	25.0	12050	27.458582	0.21540973	30.979885	23.829582	-28.494106	0.050579753	8838.083576202393
483	0.23095323	0.0	0.23095323	0.23095323	25.0	12075	27.550312	0.21415628	30.813696	26.013851	-28.607664	0.04701873	8856.404500246048
484	0.06988413	0.0	0.06988413	0.06988413	25.0	12100	27.657116	0.22637585	30.51069	24.915583	-28.671133	0.053992223	8874.740533351898
485	0.4786391	0.0	0.4786391	0.4786391	25.0	12125	27.743599	0.21315016	30.67853	26.67168	-28.779797	0.042144638	8892.959199428558
486	0.56316584	0.0	0.56316584	0.56316584	25.0	12150	27.831388	0.25748372	32.188732	24.06153	-28.876423	0.06893256	8911.183466434479
487	0.8136403	0.0	0.8136403	0.8136403	25.0	12175	27.931913	0.21894296	31.229122	25.857122	-29.001175	0.048607998	8929.436784505844
488	0.3052446	0.0	0.3052446	0.3052446	25.0	12200	28.034931	0.23763749	30.911522	26.802511	-29.08166	0.05376187	8947.64229106903
489	0.8505513	0.0	0.8505513	0.8505513	25.0	12225	28.120823	0.24235052	32.29174	24.10884	-29.167608	0.063545644	8965.863425254822
490	0.3013479	0.0	0.3013479	0.3013479	25.0	12250	28.207369	0.2646458	29.485142	22.529806	-29.262733	0.07707089	8985.081048250198
491	0.048223376	0.0	0.048223376	0.048223376	25.0	12275	28.312935	0.24074486	31.565361	26.574554	-29.364073	0.06177719	9003.313929796219
492	0.2339037	0.0	0.2339037	0.2339037	25.0	12300	28.399546	0.22458592	30.674025	25.013811	-29.474628	0.052410092	9021.611263275146
493	0.20166755	0.0	0.20166755	0.20166755	25.0	12325	28.501928	0.22250886	32.155437	26.235521	-29.570757	0.053368285	9039.923727750778
494	0.3356461	0.0	0.3356461	0.3356461	25.0	12350	28.605934	0.2602008	32.304653	26.027151	-29.680271	0.072070844	9058.324558734894
495	0.3302788	0.0	0.3302788	0.3302788	25.0	12375	28.696787	0.23533459	33.456364	25.379387	-29.775532	0.058557592	9076.579843997955
496	1.1414803	0.0	1.1414803	1.1414803	25.0	12400	28.792871	0.25471592	31.797474	24.684397	-29.89331	0.0686315	9094.889939069748
497	0.30538362	0.0	0.30538362	0.30538362	25.0	12425	28.902851	0.2568778	32.717182	27.732605	-29.967915	0.061690584	9113.120438337326
498	0.0	0.0	0.0	0.0	25.0	12450	28.98891	0.21450292	30.308048	26.25552	-30.090925	0.05385019	9131.358774900436
499	0.0	0.0	0.0	0.0	25.0	12475	29.089737	0.24856153	33.568707	27.019588	-30.163641	0.06214072	9149.612616300583
500	0.5437235	0.0	0.5437235	0.5437235	25.0	12500	29.196463	0.2588738	32.042408	24.204401	-30.299952	0.07221468	9169.056592226028
501	0.63160306	0.0	0.63160306	0.63160306	25.0	12525	29.291113	0.21883468	31.592754	26.253904	-30.417957	0.05378373	9187.326131105423
502	0.11248583	0.0	0.11248583	0.11248583	25.0	12550	29.396025	0.19097845	31.006897	28.248547	-30.49185	0.037587117	9205.63829255104
503	0.8857181	0.0	0.8857181	0.8857181	25.0	12575	29.493511	0.2162131	33.345116	27.942137	-30.605202	0.046470046	9223.912762880325
504	0.6502739	0.0	0.6502739	0.6502739	25.0	12600	29.590958	0.20974955	32.76615	27.957352	-30.696007	0.046889577	9242.195659399033
505	0.06949502	0.0	0.06949502	0.06949502	25.0	12625	29.685884	0.2226422	32.906536	26.626617	-30.79959	0.059501626	9260.406061410904
506	0.46872994	0.0	0.46872994	0.46872994	25.0	12650	29.790722	0.23050082	34.318783	28.184685	-30.921465	0.056579977	9279.315187692642
507	0.062685944	0.0	0.062685944	0.062685944	25.0	12675	29.897743	0.26616907	34.398575	26.596687	-31.011518	0.06917712	9297.594846725464
508	0.2884124	0.0	0.2884124	0.2884124	25.0	12700	29.996025	0.22489333	34.064888	27.874277	-31.115728	0.048943263	9315.835003852844
509	0.0	0.0	0.0	0.0	25.0	12725	30.092491	0.22297172	32.06964	26.90023	-31.224716	0.054780327	9334.358762741089
510	0.3046887	0.0	0.3046887	0.3046887	25.0	12750	30.198818	0.23873429	33.53601	28.030827	-31.335716	0.060009956	9353.613167762756
511	0.0	0.0	0.0	0.0	25.0	12775	30.306879	0.21334131	33.408707	27.93484	-31.46609	0.04824483	9371.819287538528
512	0.032701027	0.0	0.032701027	0.032701027	25.0	12800	30.398829	0.24527343	32.39135	26.196363	-31.533619	0.071923524	9390.930907011032
513	0.78665626	0.0	0.78665626	0.78665626	25.0	12825	30.519253	0.30079964	35.218292	28.639605	-31.676792	0.08745681	9409.161313772202
514	0.50815517	0.0	0.50815517	0.50815517	25.0	12850	30.615993	0.27489665	34.493694	25.964094	-31.744343	0.07717035	9427.348922014236
515	0.38557738	0.0	0.38557738	0.38557738	25.0	12875	30.719389	0.23514076	33.61044	28.32791	-31.865196	0.053705458	9445.580623149872
516	0.33371037	0.0	0.33371037	0.33371037	25.0	12900	30.821218	0.19395405	31.985651	29.184042	-31.970009	0.04249869	9463.757590293884
517	0.79638505	0.0	0.79638505	0.79638505	25.0	12925	30.934021	0.30635655	35.03985	25.19507	-32.09146	0.09510619	9481.915756702423
518	0.18722858	0.0	0.18722858	0.18722858	25.0	12950	31.041973	0.2891856	36.282303	28.921324	-32.20362	0.080974214	9500.11083316803
519	0.8744277	0.0	0.8744277	0.8744277	25.0	12975	31.13645	0.2193486	32.939877	27.921469	-32.293625	0.05342455	9518.34093785286
520	0.22317457	0.0	0.22317457	0.22317457	25.0	13000	31.242126	0.24073973	35.021717	28.050917	-32.42845	0.063051	9537.53998374939
521	0.41857582	0.0	0.41857582	0.41857582	25.0	13025	31.355762	0.23110303	33.886982	28.354982	-32.541397	0.05833387	9555.683286428452
522	0.35785893	0.0	0.35785893	0.35785893	25.0	13050	31.45777	0.275497	36.317577	28.203934	-32.642128	0.07018206	9574.336265563965
523	0.0	0.0	0.0	0.0	25.0	13075	31.559702	0.209054	33.150593	29.6032	-32.73076	0.049793754	9592.494659423828
524	0.39541572	0.0	0.39541572	0.39541572	25.0	13100	31.66252	0.3015425	34.758076	26.621506	-32.862877	0.08715667	9610.669986009598
525	0.92010474	0.0	0.92010474	0.92010474	25.0	13125	31.78064	0.21547663	34.88894	30.304417	-32.979904	0.04850946	9628.861751556396
526	0.0037954943	0.0	0.0037954943	0.0037954943	25.0	13150	31.88081	0.28066117	37.844826	29.506405	-33.08199	0.086497925	9647.03126168251
527	0.31176615	0.0	0.31176615	0.31176615	25.0	13175	31.996592	0.24672583	35.19801	30.21233	-33.194866	0.05566606	9665.183441638947
528	0.23025078	0.0	0.23025078	0.23025078	25.0	13200	32.093216	0.2665732	34.558823	27.769182	-33.2925	0.07805552	9683.373088121414
529	0.30857265	0.0	0.30857265	0.30857265	25.0	13225	32.21469	0.3881143	42.940075	26.675785	-33.4171	0.14247361	9701.518700361252
530	0.66834694	0.0	0.66834694	0.66834694	25.0	13250	32.30916	0.30437833	36.26253	26.54441	-33.52925	0.09538947	9720.746239900589
531	0.9729155	0.0	0.9729155	0.9729155	25.0	13275	32.430374	0.22299157	36.17664	31.741764	-33.646683	0.042641215	9738.953206539154
532	0.6971506	0.0	0.6971506	0.6971506	25.0	13300	32.54196	0.2612119	36.90094	29.233242	-33.74553	0.07904897	9757.155345916748
533	0.14843507	0.0	0.14843507	0.14843507	25.0	13325	32.64444	0.24764463	36.17862	29.154072	-33.856907	0.06310995	9775.400416374207
534	0.32476726	0.0	0.32476726	0.32476726	25.0	13350	32.74847	0.23029193	36.063805	30.492052	-33.982124	0.062360235	9793.689745664597
535	0.16175817	0.0	0.16175817	0.16175817	25.0	13375	32.86652	0.23371628	35.398056	30.675648	-34.08697	0.051803336	9812.014768123627
536	0.47109497	0.0	0.47109497	0.47109497	25.0	13400	32.969395	0.21671644	35.366802	30.591648	-34.19763	0.0498553	9830.471759080887
537	0.2653011	0.0	0.2653011	0.2653011	25.0	13425	33.08025	0.25286725	36.391525	30.957607	-34.33596	0.062324423	9848.764804840088
538	0.17299809	0.0	0.17299809	0.17299809	25.0	13450	33.195293	0.23248926	35.303726	30.907711	-34.436684	0.058672514	9867.433930635452
539	0.27620542	0.0	0.27620542	0.27620542	25.0	13475	33.312485	0.3044629	35.45877	27.971329	-34.550453	0.09561065	9885.698202371597
540	0.058228284	0.0	0.058228284	0.058228284	25.0	13500	33.420498	0.29082277	37.728714	30.29952	-34.66051	0.07269925	9905.812464475632
541	0.49439853	0.0	0.49439853	0.49439853	25.0	13525	33.53385	0.23211022	36.77446	32.16251	-34.78884	0.05440598	9924.634408473969
542	0.121206015	0.0	0.121206015	0.121206015	25.0	13550	33.653275	0.21955732	35.833916	31.701103	-34.89635	0.05381286	9943.64224767685
543	0.067081764	0.0	0.067081764	0.067081764	25.0	13575	33.75026	0.21577725	35.69979	33.02307	-35.028214	0.046036877	9962.58241200447
544	0.87576073	0.0	0.87576073	0.87576073	25.0	13600	33.87896	0.36798197	43.97778	31.109327	-35.149857	0.14618267	9981.20801115036
545	0.34846756	0.0	0.34846756	0.34846756	25.0	13625	33.97848	0.24213651	37.140263	31.159946	-35.240856	0.05919588	9999.472519397736
546	0.0	0.0	0.0	0.0	25.0	13650	34.109097	0.24827701	38.762993	31.328056	-35.379593	0.06554383	10017.707467794418
547	0.0067802547	0.0	0.0067802547	0.0067802547	25.0	13675	34.222557	0.26665732	37.74389	31.35242	-35.502567	0.06716337	10036.007176160812
548	0.1999012	0.0	0.1999012	0.1999012	25.0	13700	34.333126	0.23871183	35.878456	32.712147	-35.623768	0.0633533	10054.319133758545
549	0.17597821	0.0	0.17597821	0.17597821	25.0	13725	34.454132	0.26646304	38.075165	32.463234	-35.75474	0.074183986	10072.639733791351
550	0.0	0.0	0.0	0.0	25.0	13750	34.58294	0.2673946	36.92792	31.105976	-35.868168	0.07828477	10092.04336643219
551	0.86829513	0.0	0.86829513	0.86829513	25.0	13775	34.691105	0.20199944	36.41132	33.942146	-35.97937	0.04327383	10110.284748792648
552	0.07443946	0.0	0.07443946	0.07443946	25.0	13800	34.806366	0.24025221	38.33013	32.539913	-36.104053	0.05807137	10128.526041030884
553	0.0	0.0	0.0	0.0	25.0	13825	34.928123	0.26107156	38.84336	31.794859	-36.23887	0.06518588	10146.80745625496
554	0.46968067	0.0	0.46968067	0.46968067	25.0	13850	35.040638	0.23836295	36.698425	31.63415	-36.36102	0.063629314	10165.027977705002
555	0.11601949	0.0	0.11601949	0.11601949	25.0	13875	35.16366	0.28251308	38.7682	33.60863	-36.48123	0.08147166	10183.264303445816
556	0.22965214	0.0	0.22965214	0.22965214	25.0	13900	35.27421	0.24332875	37.79995	32.11934	-36.603355	0.061330315	10201.551730155945
557	0.07996498	0.0	0.07996498	0.07996498	25.0	13925	35.399403	0.21235673	37.027233	33.96759	-36.7159	0.05118384	10219.813558578491
558	0.07249884	0.0	0.07249884	0.07249884	25.0	13950	35.52482	0.21480726	37.225117	34.812965	-36.85417	0.04606499	10238.06812953949
559	0.6516109	0.0	0.6516109	0.6516109	25.0	13975	35.6358	0.22826397	38.398315	34.06171	-36.984135	0.049797446	10256.504819869995
560	0.17178805	0.0	0.17178805	0.17178805	25.0	14000	35.756283	0.19621256	36.88354	34.040295	-37.098026	0.040976044	10276.0853972435
561	0.1378832	0.0	0.1378832	0.1378832	25.0	14025	35.868683	0.24404936	37.845062	33.57271	-37.21244	0.059549514	10294.34504365921
562	0.3946193	0.0	0.3946193	0.3946193	25.0	14050	36.00342	0.25826636	39.260723	32.028538	-37.34929	0.06668633	10312.564106941223
563	0.9011758	0.0	0.9011758	0.9011758	25.0	14075	36.1243	0.28487554	40.172535	33.160744	-37.46624	0.079979	10330.805591344833
564	0.0	0.0	0.0	0.0	25.0	14100	36.24139	0.24383925	38.056213	32.831894	-37.610306	0.06196806	10349.067836523056
565	0.15181062	0.0	0.15181062	0.15181062	25.0	14125	36.37196	0.24915947	39.515152	35.57714	-37.71504	0.058081288	10367.329723358154
566	0.76042515	0.0	0.76042515	0.76042515	25.0	14150	36.46195	0.24227974	37.90819	35.229233	-37.842964	0.059437495	10385.650722503662
567	0.5935743	0.0	0.5935743	0.5935743	25.0	14175	36.587986	0.23418485	38.800083	34.978817	-37.9589	0.0579663	10404.044263839722
568	0.20765805	0.0	0.20765805	0.20765805	25.0	14200	36.69725	0.26008204	38.363388	32.824524	-38.051964	0.07110676	10422.275173902512
569	0.1328525	0.0	0.1328525	0.1328525	25.0	14225	36.81385	0.28715694	40.421238	33.193016	-38.20702	0.08569599	10440.46878194809
570	0.39394334	0.0	0.39394334	0.39394334	25.0	14250	36.93428	0.2762845	39.558952	32.77458	-38.30681	0.07667922	10459.911668300629
571	0.9557991	0.0	0.9557991	0.9557991	25.0	14275	37.052425	0.24855025	40.314087	33.875645	-38.4327	0.06175712	10478.160879135132
572	0.5748036	0.0	0.5748036	0.5748036	25.0	14300	37.181416	0.24257419	40.041073	34.538483	-38.56002	0.057232656	10496.449576854706
573	0.8701711	0.0	0.8701711	0.8701711	25.0	14325	37.310066	0.30710274	43.119915	33.887833	-38.679634	0.08709111	10514.732088804245
574	0.42985517	0.0	0.42985517	0.42985517	25.0	14350	37.42177	0.23723744	39.62429	35.461353	-38.828728	0.06218696	10532.973908185959
575	0.15680535	0.0	0.15680535	0.15680535	25.0	14375	37.554398	0.31589156	40.677822	33.628468	-38.978634	0.099593095	10551.233340501785
576	1.0691165	0.0	1.0691165	1.0691165	25.0	14400	37.693077	0.26738343	40.387165	34.31234	-39.10587	0.07372039	10569.50148320198
577	0.0	0.0	0.0	0.0	25.0	14425	37.80983	0.26551083	41.520412	34.723446	-39.21262	0.0746079	10587.726640462875
578	0.38603258	0.0	0.38603258	0.38603258	25.0	14450	37.937347	0.2489735	40.83247	34.904594	-39.365124	0.06632568	10605.942210674286
579	0.45013785	0.0	0.45013785	0.45013785	25.0	14475	38.06006	0.2326607	39.75531	35.109844	-39.50381	0.0551148	10624.19133758545
580	0.48282892	0.0	0.48282892	0.48282892	25.0	14500	38.19733	0.32266796	43.331577	35.31631	-39.63337	0.099674486	10643.702517986298
581	0.16818352	0.0	0.16818352	0.16818352	25.0	14525	38.3128	0.31748235	42.45394	32.195873	-39.749027	0.11257762	10661.979413986206
582	0.82300895	0.0	0.82300895	0.82300895	25.0	14550	38.45604	0.30132204	43.476868	33.474747	-39.89645	0.09324054	10680.219962596893
583	0.25878468	0.0	0.25878468	0.25878468	25.0	14575	38.59122	0.2999973	41.901985	37.405056	-40.017563	0.08810551	10698.51603770256
584	0.0	0.0	0.0	0.0	25.0	14600	38.711056	0.36251584	43.34752	34.44516	-40.159508	0.13126722	10716.812530517578
585	0.5764251	0.0	0.5764251	0.5764251	25.0	14625	38.837284	0.27088234	42.401527	35.87011	-40.31055	0.0762265	10735.033784866333
586	1.2398609	0.0	1.2398609	1.2398609	25.0	14650	38.969128	0.33558795	44.336082	35.38659	-40.429253	0.117924154	10753.242676734924
587	0.63506204	0.0	0.63506204	0.63506204	25.0	14675	39.123425	0.3381679	45.81282	36.890446	-40.584328	0.11246948	10771.450762748718
588	0.062856294	0.0	0.062856294	0.062856294	25.0	14700	39.236584	0.34861714	41.55907	30.168148	-40.71138	0.11992468	10789.677213191986
589	0.085013896	0.0	0.085013896	0.085013896	25.0	14725	39.359264	0.4139795	42.895355	28.953188	-40.833683	0.17245355	10807.900423288345
590	0.061428115	0.0	0.061428115	0.061428115	25.0	14750	39.495068	0.30097187	44.43576	35.981853	-40.974857	0.09587713	10827.605594396591
591	0.20502622	0.0	0.20502622	0.20502622	25.0	14775	39.637253	0.3017755	41.91212	33.61049	-41.133125	0.093008086	10845.83030128479
592	0.0	0.0	0.0	0.0	25.0	14800	39.769844	0.30915123	46.597668	36.985664	-41.26078	0.09958937	10864.122462034225
593	0.1905197	0.0	0.1905197	0.1905197	25.0	14825	39.897865	0.32088262	42.939472	35.352776	-41.378273	0.097073615	10882.454715013504
594	0.9558178	0.0	0.9558178	0.9558178	25.0	14850	40.0287	0.27519533	41.86181	34.18644	-41.512856	0.081754215	10900.710758924484
595	1.0915685	0.0	1.0915685	1.0915685	25.0	14875	40.152016	0.26686314	44.424656	38.68034	-41.646202	0.072648756	10918.947957754135
596	0.18761992	0.0	0.18761992	0.18761992	25.0	14900	40.301525	0.3643598	47.446545	37.243946	-41.81349	0.1348343	10937.212885379791
597	0.009643461	0.0	0.009643461	0.009643461	25.0	14925	40.41985	0.29240215	42.128235	36.86663	-41.95769	0.09945794	10955.422447443008
598	0.17052637	0.0	0.17052637	0.17052637	25.0	14950	40.57772	0.301265	46.674614	38.374454	-42.087242	0.08654644	10973.624845266342
599	0.24718438	0.0	0.24718438	0.24718438	25.0	14975	40.70726	0.22316447	41.65978	39.649883	-42.22353	0.053876378	10991.852159023285
600	0.16566925	0.0	0.16566925	0.16566925	25.0	15000	40.851948	0.2865375	45.10957	37.223278	-42.37502	0.0774481	11011.188459157944
601	0.12656842	0.0	0.12656842	0.12656842	25.0	15025	40.96322	0.37526688	44.35209	34.50255	-42.528778	0.14574403	11029.347950220108
602	0.61641085	0.0	0.61641085	0.61641085	25.0	15050	41.125107	0.28254443	45.188435	37.85603	-42.676136	0.0814657	11047.52171254158
603	0.15634611	0.0	0.15634611	0.15634611	25.0	15075	41.27964	0.30813885	46.481888	40.527378	-42.78573	0.093023024	11065.698322534561
604	0.2038064	0.0	0.2038064	0.2038064	25.0	15100	41.390926	0.26098904	42.704258	36.817623	-42.938812	0.073505335	11083.86987733841
605	0.44197148	0.0	0.44197148	0.44197148	25.0	15125	41.54283	0.25140533	44.42234	40.431004	-43.081017	0.06818956	11102.00570011139
606	0.2953866	0.0	0.2953866	0.2953866	25.0	15150	41.672287	0.2746164	44.638622	39.395973	-43.23853	0.0720821	11120.185075044632
607	0.2824796	0.0	0.2824796	0.2824796	25.0	15175	41.826916	0.30500853	45.66506	38.59487	-43.39594	0.09399108	11138.31183886528
608	0.0	0.0	0.0	0.0	25.0	15200	41.972843	0.26910967	44.626175	40.30926	-43.559517	0.07287806	11156.483057498932
609	0.0	0.0	0.0	0.0	25.0	15225	42.10468	0.27513483	46.732037	41.12707	-43.693226	0.070141695	11174.653600215912
610	0.09885571	0.0	0.09885571	0.09885571	25.0	15250	42.252098	0.29766986	46.378887	38.216545	-43.833458	0.09219184	11194.181812286377
611	0.6765057	0.0	0.6765057	0.6765057	25.0	15275	42.39541	0.29346678	44.857437	39.306282	-43.982346	0.08879788	11212.565049648285
612	0.41264233	0.0	0.41264233	0.41264233	25.0	15300	42.5417	0.26885206	45.837994	40.29613	-44.15518	0.076276995	11230.739240646362
613	0.031921364	0.0	0.031921364	0.031921364	25.0	15325	42.687088	0.31006834	46.04657	37.764923	-44.283165	0.10193511	11249.036347389221
614	0.18426017	0.0	0.18426017	0.18426017	25.0	15350	42.830196	0.32910827	48.52953	37.596725	-44.431896	0.10954366	11267.18105340004
615	0.047209673	0.0	0.047209673	0.047209673	25.0	15375	42.96792	0.3447644	48.41796	39.25905	-44.59262	0.11940422	11285.560790777206
616	0.14570291	0.0	0.14570291	0.14570291	25.0	15400	43.121902	0.29319873	44.901558	38.159035	-44.71926	0.090818234	11303.865757703781
617	0.11439287	0.0	0.11439287	0.11439287	25.0	15425	43.25713	0.28058088	44.69354	39.22642	-44.860363	0.085345596	11322.133337974548
618	0.4077438	0.0	0.4077438	0.4077438	25.0	15450	43.415684	0.31148523	46.443466	42.349598	-45.024975	0.08885724	11340.30425786972
619	0.10439218	0.0	0.10439218	0.10439218	25.0	15475	43.546562	0.28358325	47.294075	40.588425	-45.18073	0.08302287	11358.516887903214
620	0.49771875	0.0	0.49771875	0.49771875	25.0	15500	43.690834	0.2691518	48.52149	42.897697	-45.306114	0.06888552	11377.907353162766
621	0.1851666	0.0	0.1851666	0.1851666	25.0	15525	43.83372	0.32808268	47.689114	40.805145	-45.468296	0.10866824	11396.078035593033
622	0.059947126	0.0	0.059947126	0.059947126	25.0	15550	43.98329	0.2960326	48.788414	41.136944	-45.631657	0.09127735	11414.303309202194
623	0.34460837	0.0	0.34460837	0.34460837	25.0	15575	44.12904	0.35676247	47.842426	37.262245	-45.76254	0.12684286	11432.454191207886
624	0.7719717	0.0	0.7719717	0.7719717	25.0	15600	44.2802	0.31723356	50.953594	41.93779	-45.938633	0.10119312	11450.627049446106
625	0.16116658	0.0	0.16116658	0.16116658	25.0	15625	44.431515	0.26421317	48.6119	42.841198	-46.081287	0.0728719	11468.769722223282
626	0.577531	0.0	0.577531	0.577531	25.0	15650	44.5716	0.3117739	47.938847	39.239758	-46.26346	0.09883362	11486.94605922699
627	0.0	0.0	0.0	0.0	25.0	15675	44.728615	0.29165876	47.44303	43.25583	-46.383114	0.0882551	11505.12314915657
628	0.2217391	0.0	0.2217391	0.2217391	25.0	15700	44.882694	0.27019536	48.60434	44.000866	-46.548725	0.07742534	11523.276663064957
629	0.10448161	0.0	0.10448161	0.10448161	25.0	15725	45.027187	0.3028488	46.66673	41.843445	-46.721447	0.09518239	11541.48567199707
630	0.7022952	0.0	0.7022952	0.7022952	25.0	15750	45.172466	0.2689076	47.7015	44.257153	-46.85775	0.070052035	11561.001866817474
631	0.06693266	0.0	0.06693266	0.06693266	25.0	15775	45.30348	0.32474157	48.95363	38.782345	-46.9922	0.09909859	11579.219270467758
632	0.04853449	0.0	0.04853449	0.04853449	25.0	15800	45.471817	0.27551547	47.10129	43.55818	-47.182377	0.08274291	11597.482594013214
633	0.08286325	0.0	0.08286325	0.08286325	25.0	15825	45.618656	0.27050507	47.2005	43.80483	-47.30706	0.07513885	11615.670100450516
634	0.8786726	0.0	0.8786726	0.8786726	25.0	15850	45.775673	0.34362736	52.19562	42.55748	-47.469063	0.11799064	11633.807146072388
635	0.62049514	0.0	0.62049514	0.62049514	25.0	15875	45.92029	0.34330875	49.679085	41.22518	-47.640747	0.12281793	11651.940974712372
636	0.60209817	0.0	0.60209817	0.60209817	25.0	15900	46.073956	0.2840788	49.714268	45.013695	-47.820553	0.07541549	11670.09769320488
637	0.5109739	0.0	0.5109739	0.5109739	25.0	15925	46.232285	0.28886518	49.78054	45.059677	-47.972065	0.08274457	11688.300376415253
638	0.35168245	0.0	0.35168245	0.35168245	25.0	15950	46.38623	0.354859	49.510357	40.010963	-48.094173	0.12401702	11706.473049640656
639	0.1569404	0.0	0.1569404	0.1569404	25.0	15975	46.5441	0.2972353	50.11036	45.643772	-48.303844	0.08537139	11724.697500228882
640	0.17070128	0.0	0.17070128	0.17070128	25.0	16000	46.697266	0.31368646	51.058426	44.08801	-48.47878	0.09503702	11744.113142251968
641	0.21811737	0.0	0.21811737	0.21811737	25.0	16025	46.85726	0.32317832	53.05619	43.854046	-48.608086	0.10984554	11762.282911777496
642	0.1830002	0.0	0.1830002	0.1830002	25.0	16050	47.02427	0.32215878	51.076366	43.800488	-48.78187	0.10298404	11780.471854925156
643	0.0	0.0	0.0	0.0	25.0	16075	47.16587	0.28869465	48.43608	43.348038	-48.96082	0.08658977	11798.655146121979
644	0.14804916	0.0	0.14804916	0.14804916	25.0	16100	47.345596	0.4359931	55.802185	44.60683	-49.11668	0.18712384	11816.805600643158
645	0.35783368	0.0	0.35783368	0.35783368	25.0	16125	47.476593	0.42485026	50.76115	39.550583	-49.2834	0.18934397	11834.94095492363
646	0.36586285	0.0	0.36586285	0.36586285	25.0	16150	47.656006	0.31815973	50.353424	43.296852	-49.440815	0.09868842	11853.125438451767
647	1.1404686	0.0	1.1404686	1.1404686	25.0	16175	47.80791	0.51216966	52.86889	35.709103	-49.635677	0.26973075	11871.352363109589
648	0.16341625	0.0	0.16341625	0.16341625	25.0	16200	47.987545	0.3539309	54.778057	45.095135	-49.800938	0.119108975	11889.514439105988
649	0.3650834	0.0	0.3650834	0.3650834	25.0	16225	48.141163	0.33090684	52.696102	45.165855	-49.975426	0.11027483	11907.81638288498
650	0.2855459	0.0	0.2855459	0.2855459	25.0	16250	48.322643	0.48249027	58.157623	42.45223	-50.136757	0.22487101	11927.78222990036
651	0.2762782	0.0	0.2762782	0.2762782	25.0	16275	48.469715	0.3307942	51.655876	43.994762	-50.29654	0.109427765	11946.168794631958
652	0.23868223	0.0	0.23868223	0.23868223	25.0	16300	48.617237	0.36288735	51.67374	42.69199	-50.447033	0.1353449	11964.551409721375
653	0.610019	0.0	0.610019	0.610019	25.0	16325	48.781143	0.3942589	54.362465	46.18962	-50.61107	0.14979687	11982.776251077652
654	0.41834837	0.0	0.41834837	0.41834837	25.0	16350	48.93425	0.6459683	68.76198	41.129063	-50.778343	0.42255446	12000.987618684769
655	0.39926422	0.0	0.39926422	0.39926422	25.0	16375	49.09508	0.36130652	53.145008	43.97978	-50.9314	0.14949326	12019.223659276962
656	0.0	0.0	0.0	0.0	25.0	16400	49.25958	0.32305303	53.474373	44.797512	-51.094482	0.11079201	12037.579294919968
657	0.5046813	0.0	0.5046813	0.5046813	25.0	16425	49.400898	0.67023265	54.437187	32.64698	-51.258255	0.46591136	12055.876968860626
658	0.2222055	0.0	0.2222055	0.2222055	25.0	16450	49.585796	0.385882	56.325676	48.636852	-51.416885	0.14162116	12074.118785858154
659	0.4467351	0.0	0.4467351	0.4467351	25.0	16475	49.744904	0.49516025	57.7352	40.748512	-51.584503	0.2530479	12092.356652021408
660	0.07224071	0.0	0.07224071	0.07224071	25.0	16500	49.909325	0.35810122	53.994022	46.215977	-51.784653	0.128997	12111.869536161423
661	0.123963535	0.0	0.123963535	0.123963535	25.0	16525	50.05901	0.39552402	53.969635	43.879707	-51.93225	0.16311769	12130.071628808975
662	0.16743512	0.0	0.16743512	0.16743512	25.0	16550	50.24371	0.73571914	73.82162	43.743137	-52.136932	0.5333688	12148.293841362
663	1.1117495	0.0	1.1117495	1.1117495	25.0	16575	50.36588	0.45196182	54.25274	42.2158	-52.26733	0.21399982	12166.463376522064
