Epoch	AverageEpRet	StdEpRet	MaxEpRet	MinEpRet	EpLen	TotalEnvInteracts	AverageQVals	StdQVals	MaxQVals	MinQVals	LossPi	LossQ	Time
1	0.0	0.0	0.0	0.0	25.0	25	0.0016347326	0.08519871	0.4601115	-0.48532498	-0.033278514	0.0072580217	21.849383115768433
2	0.16246271	0.0	0.16246271	0.16246271	25.0	50	0.006275242	0.039781313	0.10776535	-0.16791277	-0.04890588	0.0014157576	42.11671257019043
3	0.1155681	0.0	0.1155681	0.1155681	25.0	75	0.011287085	0.033567112	0.139653	-0.12607108	-0.086513236	0.0010567936	62.258469104766846
4	0.98521745	0.0	0.98521745	0.98521745	25.0	100	0.028969832	0.039201807	0.20510672	-0.12719835	-0.14745846	0.0025322011	82.51310610771179
5	0.93370974	0.0	0.93370974	0.93370974	25.0	125	0.035540298	0.042157527	0.23324205	-0.06887752	-0.10037718	0.0031639538	102.86975240707397
6	0.43902528	0.0	0.43902528	0.43902528	25.0	150	0.034479145	0.03589277	0.25321916	-0.045199335	-0.07356552	0.0021562323	123.10983037948608
7	0.5816904	0.0	0.5816904	0.5816904	25.0	175	0.04048875	0.03278202	0.2562691	-0.025995012	-0.08539378	0.002282784	143.34562468528748
8	0.5237063	0.0	0.5237063	0.5237063	25.0	200	0.053061534	0.034647625	0.2799083	-0.018985074	-0.100300655	0.0019854696	163.61681628227234
9	0.32871878	0.0	0.32871878	0.32871878	25.0	225	0.06948264	0.031779546	0.31194022	0.010734806	-0.08665016	0.0023760202	183.84760737419128
10	0.4353354	0.0	0.4353354	0.4353354	25.0	250	0.08050242	0.031301536	0.32422706	0.036456622	-0.08815969	0.0019713072	204.51110744476318
11	0.12060748	0.0	0.12060748	0.12060748	25.0	275	0.09164402	0.030552804	0.33662692	0.040357072	-0.09117754	0.0024661322	224.99184918403625
12	0.18051416	0.0	0.18051416	0.18051416	25.0	300	0.101589195	0.032178883	0.36238334	0.035026535	-0.10188625	0.0020175173	245.25003695487976
13	0.3655295	0.0	0.3655295	0.3655295	25.0	325	0.112218075	0.028763786	0.37304437	0.049189262	-0.12236882	0.001932387	265.46745562553406
14	0.13908751	0.0	0.13908751	0.13908751	25.0	350	0.12422699	0.033891395	0.38562432	0.066572174	-0.15348223	0.002118625	285.75005888938904
15	0.1870359	0.0	0.1870359	0.1870359	25.0	375	0.13342352	0.034275115	0.38326827	0.06249958	-0.17851053	0.0021260667	306.02270436286926
16	0.44952017	0.0	0.44952017	0.44952017	25.0	400	0.14004637	0.029726785	0.39669397	0.05982916	-0.23391466	0.00199856	326.2957110404968
17	0.2941664	0.0	0.2941664	0.2941664	25.0	425	0.14497428	0.029965736	0.40971902	0.09016264	-0.17173758	0.0022593474	346.58715438842773
18	0.20977068	0.0	0.20977068	0.20977068	25.0	450	0.15523733	0.035850022	0.41460776	0.09074199	-0.22544663	0.0019456015	366.84028124809265
19	0.0	0.0	0.0	0.0	25.0	475	0.16113171	0.031406134	0.41353148	0.08890097	-0.23412636	0.00195669	387.1855263710022
20	1.0770437	0.0	1.0770437	1.0770437	25.0	500	0.17816174	0.03618788	0.4362868	0.082439445	-0.29071084	0.0026479382	408.1942231655121
21	0.062170576	0.0	0.062170576	0.062170576	25.0	525	0.2009956	0.034554873	0.45653072	0.088805206	-0.25511357	0.002538377	428.82840847969055
22	0.5250504	0.0	0.5250504	0.5250504	25.0	550	0.22277668	0.029037075	0.43269795	0.15650867	-0.37087548	0.0019117427	449.23428893089294
23	0.1745275	0.0	0.1745275	0.1745275	25.0	575	0.22907795	0.03531432	0.4817123	0.13648045	-0.245953	0.002070985	469.6501131057739
24	0.516798	0.0	0.516798	0.516798	25.0	600	0.1970495	0.029498324	0.44123778	0.121004984	-0.22499733	0.0017461161	489.9220321178436
25	0.11522028	0.0	0.11522028	0.11522028	25.0	625	0.22054237	0.02889578	0.4899674	0.14228901	-0.23153529	0.0018232786	510.38932847976685
26	0.36020416	0.0	0.36020416	0.36020416	25.0	650	0.26933149	0.029876554	0.527514	0.18826741	-0.27737948	0.0019426086	530.7798473834991
27	0.8998183	0.0	0.8998183	0.8998183	25.0	675	0.30414683	0.028937424	0.58174217	0.22833584	-0.36475074	0.001954493	551.20170378685
28	0.23949994	0.0	0.23949994	0.23949994	25.0	700	0.33013642	0.03112183	0.57881397	0.22282717	-0.4124667	0.0018463269	571.625480890274
29	0.14479437	0.0	0.14479437	0.14479437	25.0	725	0.35836017	0.02955422	0.5885788	0.27286518	-0.37803042	0.0020379373	591.9902114868164
30	0.024119468	0.0	0.024119468	0.024119468	25.0	750	0.3679968	0.024835497	0.6165469	0.29724598	-0.3646331	0.0015970989	612.9758706092834
31	0.2120106	0.0	0.2120106	0.2120106	25.0	775	0.37031764	0.026903348	0.6209264	0.28487518	-0.39477482	0.0017318993	633.7947504520416
32	0.42504287	0.0	0.42504287	0.42504287	25.0	800	0.36016715	0.025178231	0.5780083	0.28388366	-0.373142	0.0018536753	654.2489125728607
33	0.58162713	0.0	0.58162713	0.58162713	25.0	825	0.36696786	0.026767932	0.61016154	0.28740644	-0.39169776	0.0018096115	674.5703933238983
34	0.051241677	0.0	0.051241677	0.051241677	25.0	850	0.38919297	0.02617707	0.6329809	0.3277184	-0.41105348	0.0017057332	695.0010914802551
35	0.66485494	0.0	0.66485494	0.66485494	25.0	875	0.40588132	0.027293544	0.658388	0.34622708	-0.42372325	0.0017777171	715.5165557861328
36	1.2312137	0.0	1.2312137	1.2312137	25.0	900	0.41103446	0.026698163	0.6468206	0.34938186	-0.44221768	0.0020780617	735.8783934116364
37	0.0	0.0	0.0	0.0	25.0	925	0.418209	0.028421786	0.6688798	0.35889837	-0.42942348	0.0019529987	756.2813539505005
38	1.4539019	0.0	1.4539019	1.4539019	25.0	950	0.42096823	0.022537738	0.6794055	0.37664762	-0.44448113	0.0017650537	776.6984004974365
39	0.63435733	0.0	0.63435733	0.63435733	25.0	975	0.42991433	0.025839463	0.68039566	0.36947298	-0.4562791	0.002441524	797.1428656578064
40	0.5740944	0.0	0.5740944	0.5740944	25.0	1000	0.42987877	0.02701037	0.6848583	0.36441833	-0.4495739	0.0020826356	818.1160397529602
41	0.29157716	0.0	0.29157716	0.29157716	25.0	1025	0.44097427	0.028172625	0.6902131	0.38508642	-0.46875814	0.0024571337	838.899961233139
42	0.33392376	0.0	0.33392376	0.33392376	25.0	1050	0.4419744	0.028117385	0.71264994	0.32380068	-0.46315858	0.0024703129	859.3419208526611
43	0.49683398	0.0	0.49683398	0.49683398	25.0	1075	0.445322	0.026681004	0.6751574	0.2908324	-0.471037	0.0023321395	879.6979990005493
44	0.22384764	0.0	0.22384764	0.22384764	25.0	1100	0.44469202	0.029849244	0.70071954	0.36189842	-0.47171813	0.0029583508	900.1974551677704
45	0.2996986	0.0	0.2996986	0.2996986	25.0	1125	0.44111276	0.026572213	0.70745456	0.3541652	-0.45579925	0.0025790024	920.6958720684052
46	0.062798716	0.0	0.062798716	0.062798716	25.0	1150	0.4429564	0.025501281	0.63753855	0.3888015	-0.46335995	0.0024285729	941.2214238643646
47	0.6093684	0.0	0.6093684	0.6093684	25.0	1175	0.44383973	0.025071323	0.60729307	0.3825769	-0.4599097	0.002322707	961.647566318512
48	0.12489244	0.0	0.12489244	0.12489244	25.0	1200	0.4487989	0.022451984	0.67499924	0.39489245	-0.4659206	0.0017158535	982.1364371776581
49	0.4032057	0.0	0.4032057	0.4032057	25.0	1225	0.453421	0.027010215	0.7343442	0.3957893	-0.47087857	0.0025363397	1002.5872707366943
50	0.31917784	0.0	0.31917784	0.31917784	25.0	1250	0.46227264	0.027208507	0.7383979	0.4057243	-0.4778076	0.0026359332	1023.560558795929
51	0.91312593	0.0	0.91312593	0.91312593	25.0	1275	0.4664714	0.029555444	0.7393967	0.40039054	-0.48125595	0.0033969495	1044.3568727970123
52	0.6422045	0.0	0.6422045	0.6422045	25.0	1300	0.4698584	0.028179599	0.73858917	0.40395355	-0.483024	0.0030324492	1064.9275150299072
53	0.3518963	0.0	0.3518963	0.3518963	25.0	1325	0.46997353	0.025275258	0.7498607	0.4165122	-0.47808924	0.0026236898	1085.4694774150848
54	0.030055167	0.0	0.030055167	0.030055167	25.0	1350	0.46978244	0.026452491	0.7471653	0.40037093	-0.48071945	0.002389882	1105.83642911911
55	0.41904485	0.0	0.41904485	0.41904485	25.0	1375	0.47367227	0.029155772	0.7005079	0.39669335	-0.48679253	0.0027039715	1126.2797474861145
56	0.1676138	0.0	0.1676138	0.1676138	25.0	1400	0.47444344	0.02588054	0.7656526	0.40267	-0.48644355	0.0028729606	1146.6576449871063
57	0.08677063	0.0	0.08677063	0.08677063	25.0	1425	0.48113623	0.028353818	0.7823764	0.4208908	-0.4929229	0.0029502385	1167.0557107925415
58	0.3816079	0.0	0.3816079	0.3816079	25.0	1450	0.48068333	0.028687095	0.7887899	0.4284193	-0.49619338	0.0027563379	1187.4087076187134
59	0.0	0.0	0.0	0.0	25.0	1475	0.4890742	0.032625273	0.78621817	0.42388582	-0.5025495	0.0031294057	1207.9288125038147
60	0.0	0.0	0.0	0.0	25.0	1500	0.48783094	0.024604077	0.78056973	0.4204406	-0.50146526	0.0031891735	1228.994550228119
61	1.4785115	0.0	1.4785115	1.4785115	25.0	1525	0.4908097	0.029976148	0.7961839	0.43351457	-0.50578344	0.003041184	1249.6437892913818
62	0.5211188	0.0	0.5211188	0.5211188	25.0	1550	0.4942997	0.030580604	0.81033796	0.43054628	-0.51824456	0.0035544185	1270.0495882034302
63	0.0	0.0	0.0	0.0	25.0	1575	0.4952741	0.027964331	0.8209054	0.43426937	-0.51524264	0.0031137415	1290.5215759277344
64	0.0	0.0	0.0	0.0	25.0	1600	0.5003216	0.02980256	0.80034584	0.4416049	-0.5142588	0.0031482682	1310.795036315918
65	0.43191963	0.0	0.43191963	0.43191963	25.0	1625	0.50056684	0.027997535	0.8365868	0.44795322	-0.5110065	0.0026652017	1331.2638266086578
66	0.55302083	0.0	0.55302083	0.55302083	25.0	1650	0.50241876	0.026023671	0.78338987	0.43623006	-0.51820797	0.00259831	1351.5924303531647
67	0.4883377	0.0	0.4883377	0.4883377	25.0	1675	0.50645804	0.027751636	0.8174582	0.4494863	-0.51951253	0.0031561225	1372.1093895435333
68	1.3024126	0.0	1.3024126	1.3024126	25.0	1700	0.5115902	0.027354956	0.7306495	0.4425801	-0.52391183	0.003419846	1392.7118883132935
69	0.79331905	0.0	0.79331905	0.79331905	25.0	1725	0.5180655	0.030422471	0.8438598	0.44398263	-0.5283708	0.0035562848	1413.1899192333221
70	0.57065403	0.0	0.57065403	0.57065403	25.0	1750	0.5177617	0.028937126	0.8385337	0.44044945	-0.531838	0.0032449677	1434.6083459854126
71	0.32162923	0.0	0.32162923	0.32162923	25.0	1775	0.5233364	0.029870309	0.8387717	0.46493495	-0.54019	0.0036677534	1455.4915907382965
72	0.0	0.0	0.0	0.0	25.0	1800	0.523953	0.030023647	0.85698843	0.46495736	-0.5366386	0.003088195	1475.9646246433258
73	0.0	0.0	0.0	0.0	25.0	1825	0.5321717	0.029133027	0.85901934	0.47419435	-0.54688615	0.004068635	1496.500788450241
74	0.36577103	0.0	0.36577103	0.36577103	25.0	1850	0.5317945	0.03285111	0.87855595	0.46483177	-0.5493887	0.0036306265	1517.0148029327393
75	0.0	0.0	0.0	0.0	25.0	1875	0.5364769	0.026080875	0.8181252	0.36157918	-0.55092543	0.003780271	1537.4983594417572
76	0.37913457	0.0	0.37913457	0.37913457	25.0	1900	0.5383651	0.029840494	0.8226918	0.44781864	-0.554176	0.003795539	1558.017174243927
77	0.42783102	0.0	0.42783102	0.42783102	25.0	1925	0.5431616	0.02730855	0.78459585	0.48599854	-0.5627493	0.004426046	1578.395844221115
78	0.037295997	0.0	0.037295997	0.037295997	25.0	1950	0.54459673	0.029696433	0.86306053	0.47867227	-0.55463636	0.003123784	1598.8781168460846
79	0.57059735	0.0	0.57059735	0.57059735	25.0	1975	0.55036235	0.031610508	0.902634	0.46282044	-0.5610114	0.004509448	1619.4256987571716
80	0.9397845	0.0	0.9397845	0.9397845	25.0	2000	0.55172265	0.02979998	0.8461687	0.4822263	-0.56378275	0.0032795724	1641.0219640731812
81	0.0	0.0	0.0	0.0	25.0	2025	0.55569726	0.032499127	0.9259723	0.49652514	-0.57051206	0.0037596843	1661.862515449524
82	0.0	0.0	0.0	0.0	25.0	2050	0.5580413	0.035463564	0.9190397	0.48358375	-0.5682718	0.0037603935	1682.512098312378
83	1.1671776	0.0	1.1671776	1.1671776	25.0	2075	0.5607633	0.030147338	0.81920344	0.4880457	-0.5759847	0.0036325464	1703.3794658184052
84	0.30473655	0.0	0.30473655	0.30473655	25.0	2100	0.55714506	0.030149372	0.7802718	0.49069807	-0.5724192	0.0041031325	1723.9686880111694
85	0.1259204	0.0	0.1259204	0.1259204	25.0	2125	0.5616259	0.02728008	0.77600205	0.49486515	-0.569025	0.004009369	1744.4083364009857
86	0.5160584	0.0	0.5160584	0.5160584	25.0	2150	0.5594883	0.035264198	0.92785966	0.4871719	-0.5676233	0.003791711	1764.8912572860718
87	0.6902273	0.0	0.6902273	0.6902273	25.0	2175	0.5629509	0.03267649	0.93874717	0.49837062	-0.5808348	0.0036137742	1785.4029417037964
88	0.9146567	0.0	0.9146567	0.9146567	25.0	2200	0.5648428	0.02836946	0.79547125	0.5052262	-0.5752234	0.0032907159	1805.9675121307373
89	0.44877353	0.0	0.44877353	0.44877353	25.0	2225	0.5724909	0.034515575	0.91565037	0.49595457	-0.5820967	0.0046626288	1826.477939605713
90	0.4309327	0.0	0.4309327	0.4309327	25.0	2250	0.56983805	0.03263652	0.94424003	0.49565548	-0.5809116	0.0037402993	1847.7905220985413
91	0.093085945	0.0	0.093085945	0.093085945	25.0	2275	0.5784204	0.03366284	0.97239983	0.5123	-0.5917927	0.00464637	1868.640361070633
92	0.07459909	0.0	0.07459909	0.07459909	25.0	2300	0.57785654	0.03308762	0.81861454	0.507496	-0.59114504	0.0037438835	1889.2714252471924
93	0.68719923	0.0	0.68719923	0.68719923	25.0	2325	0.5788929	0.032498624	0.84345025	0.5099649	-0.58934015	0.00426758	1909.7860383987427
94	0.642048	0.0	0.642048	0.642048	25.0	2350	0.5813295	0.035421357	0.9861764	0.47449708	-0.5890046	0.0044194693	1930.3256907463074
95	0.9704629	0.0	0.9704629	0.9704629	25.0	2375	0.58256155	0.036169775	0.9900553	0.515445	-0.5939398	0.004085454	1950.8943989276886
96	0.06328168	0.0	0.06328168	0.06328168	25.0	2400	0.58729863	0.03228847	0.82680535	0.5178968	-0.6030297	0.0044638524	1971.385469675064
97	0.5971742	0.0	0.5971742	0.5971742	25.0	2425	0.5915016	0.039765485	1.001298	0.49549198	-0.6058657	0.0046784733	1992.0311043262482
98	0.166544	0.0	0.166544	0.166544	25.0	2450	0.5924947	0.035920832	0.92723215	0.50262	-0.6045487	0.0043651196	2012.5203785896301
99	0.22808002	0.0	0.22808002	0.22808002	25.0	2475	0.5939168	0.03384894	1.0090603	0.5327243	-0.61517435	0.0045447745	2033.0393273830414
100	0.26373103	0.0	0.26373103	0.26373103	25.0	2500	0.6001747	0.031847674	0.9114079	0.529229	-0.61352193	0.0038685221	2054.354923248291
101	0.33240905	0.0	0.33240905	0.33240905	25.0	2525	0.60646844	0.03756667	1.0432124	0.50732106	-0.6121351	0.0046262485	2075.489739179611
102	0.4204004	0.0	0.4204004	0.4204004	25.0	2550	0.60805774	0.0363254	1.0477002	0.51933235	-0.61859494	0.004592497	2096.0831048488617
103	0.73208535	0.0	0.73208535	0.73208535	25.0	2575	0.60550505	0.030898709	1.0461572	0.5177952	-0.62300754	0.0038206524	2116.6709728240967
104	0.06842712	0.0	0.06842712	0.06842712	25.0	2600	0.608722	0.031542346	0.9376836	0.54964733	-0.62269723	0.0034948783	2137.7852551937103
105	0.49460682	0.0	0.49460682	0.49460682	25.0	2625	0.6158605	0.034007728	0.9624919	0.53745645	-0.62480253	0.0047541433	2158.3783042430878
106	0.7028193	0.0	0.7028193	0.7028193	25.0	2650	0.61597455	0.030644726	0.92519575	0.5327266	-0.63321954	0.0047982493	2178.8413591384888
107	0.7749343	0.0	0.7749343	0.7749343	25.0	2675	0.61923724	0.033880077	1.0754098	0.5419143	-0.63955164	0.0039461087	2199.38072347641
108	0.05643473	0.0	0.05643473	0.05643473	25.0	2700	0.62146604	0.037170216	1.0969219	0.523685	-0.6267136	0.0044091023	2219.9206643104553
109	0.553751	0.0	0.553751	0.553751	25.0	2725	0.6251233	0.03427467	0.9400443	0.542424	-0.63710904	0.0051800227	2240.4611098766327
110	0.27944878	0.0	0.27944878	0.27944878	25.0	2750	0.6259311	0.037073415	1.0915692	0.52721745	-0.63506395	0.004574921	2261.817510843277
111	0.0	0.0	0.0	0.0	25.0	2775	0.62849736	0.034461297	0.9747259	0.5288048	-0.6508505	0.0047865426	2282.7437822818756
112	0.4923713	0.0	0.4923713	0.4923713	25.0	2800	0.6307739	0.037761707	1.1134297	0.5476452	-0.64043945	0.004874392	2303.3369154930115
113	0.71075654	0.0	0.71075654	0.71075654	25.0	2825	0.63929766	0.03560202	0.9742854	0.560452	-0.6452963	0.00497083	2323.834457874298
114	0.14617081	0.0	0.14617081	0.14617081	25.0	2850	0.6354872	0.041199826	1.1334113	0.5265081	-0.64260864	0.004979395	2344.43412566185
115	0.13212365	0.0	0.13212365	0.13212365	25.0	2875	0.63827515	0.032462403	0.96545756	0.56894547	-0.65230995	0.0041634627	2364.9232716560364
116	0.13817537	0.0	0.13817537	0.13817537	25.0	2900	0.6481293	0.042340074	1.1504441	0.5797123	-0.6592873	0.005789685	2385.5041472911835
117	0.07499354	0.0	0.07499354	0.07499354	25.0	2925	0.6409485	0.03116278	0.9191282	0.5829074	-0.6558528	0.002607116	2406.0134637355804
118	0.15277067	0.0	0.15277067	0.15277067	25.0	2950	0.6462257	0.036936115	1.1759818	0.569736	-0.6577127	0.0037469706	2426.6376111507416
119	0.32787335	0.0	0.32787335	0.32787335	25.0	2975	0.6515416	0.03402313	1.1692194	0.5793614	-0.66467315	0.004807511	2447.140315771103
120	0.4467644	0.0	0.4467644	0.4467644	25.0	3000	0.64811534	0.037372153	1.0042768	0.5653383	-0.6582748	0.00425299	2468.3928060531616
121	1.408991	0.0	1.408991	1.408991	25.0	3025	0.6518803	0.036723413	1.1799794	0.565406	-0.6577361	0.0039345114	2489.2196023464203
122	0.749226	0.0	0.749226	0.749226	25.0	3050	0.64907336	0.033035696	1.0538515	0.54324347	-0.66410136	0.0045550293	2509.8201429843903
123	0.3657191	0.0	0.3657191	0.3657191	25.0	3075	0.65549195	0.035898138	1.0403376	0.57052505	-0.6735701	0.0055705165	2530.444427013397
124	2.0432918	0.0	2.0432918	2.0432918	25.0	3100	0.6511392	0.032581702	0.99522346	0.54570377	-0.66453844	0.0038343102	2551.0481462478638
125	0.47485635	0.0	0.47485635	0.47485635	25.0	3125	0.6570372	0.039989036	1.1506023	0.5899138	-0.67433196	0.0058881976	2571.649733066559
126	0.8434505	0.0	0.8434505	0.8434505	25.0	3150	0.6614966	0.037926722	1.1635867	0.56971234	-0.68303865	0.0058841156	2592.489947795868
127	0.19762376	0.0	0.19762376	0.19762376	25.0	3175	0.6609045	0.0316818	1.0232148	0.5816836	-0.66760546	0.0039552688	2613.0446836948395
128	0.24841899	0.0	0.24841899	0.24841899	25.0	3200	0.66768557	0.036045704	1.0739912	0.55869	-0.6823111	0.005175389	2633.651121854782
129	0.43303442	0.0	0.43303442	0.43303442	25.0	3225	0.6705879	0.0352195	1.0568355	0.588696	-0.68856776	0.0053821946	2654.141207933426
130	0.4209522	0.0	0.4209522	0.4209522	25.0	3250	0.672075	0.035393093	1.0197649	0.59940106	-0.68576795	0.004821629	2675.710086107254
131	1.6173686	0.0	1.6173686	1.6173686	25.0	3275	0.6780063	0.04019074	1.1344503	0.59236795	-0.69377875	0.0056071966	2696.7763407230377
132	0.7174608	0.0	0.7174608	0.7174608	25.0	3300	0.6812238	0.036008224	1.1350683	0.59144884	-0.69740945	0.005371952	2717.315846681595
133	0.43733138	0.0	0.43733138	0.43733138	25.0	3325	0.6817349	0.03029898	0.93259466	0.58304435	-0.7046751	0.0046069445	2737.885466814041
134	0.170001	0.0	0.170001	0.170001	25.0	3350	0.6900325	0.039559104	1.1247883	0.5681062	-0.7087332	0.006090816	2758.4117619991302
135	0.65073025	0.0	0.65073025	0.65073025	25.0	3375	0.68767774	0.03502522	1.1067958	0.5951649	-0.7002073	0.0046210014	2779.157220840454
136	0.24607527	0.0	0.24607527	0.24607527	25.0	3400	0.6985113	0.03307242	1.0521783	0.59495604	-0.7171976	0.0060457434	2799.7886905670166
137	0.13870099	0.0	0.13870099	0.13870099	25.0	3425	0.7028406	0.0372502	1.1908232	0.5969457	-0.718887	0.006532295	2820.4161949157715
138	0.9478643	0.0	0.9478643	0.9478643	25.0	3450	0.7039048	0.041533645	1.1709542	0.62298894	-0.71889937	0.005231968	2841.020650625229
139	0.1938725	0.0	0.1938725	0.1938725	25.0	3475	0.7070767	0.031844094	0.9644136	0.6303081	-0.72210646	0.0052881134	2861.5846281051636
140	0.26322508	0.0	0.26322508	0.26322508	25.0	3500	0.7121707	0.030196758	1.0766172	0.6287952	-0.72468156	0.0052434355	2883.1148705482483
141	0.35042018	0.0	0.35042018	0.35042018	25.0	3525	0.7139655	0.03771167	1.15137	0.63894635	-0.72939193	0.00563861	2904.0876178741455
142	0.40471306	0.0	0.40471306	0.40471306	25.0	3550	0.71727824	0.039512604	1.0826659	0.63243496	-0.7301777	0.006517558	2924.6867215633392
143	0.40526357	0.0	0.40526357	0.40526357	25.0	3575	0.7129967	0.03308023	1.2232907	0.6354345	-0.7229465	0.0040223612	2945.29749250412
144	0.091666415	0.0	0.091666415	0.091666415	25.0	3600	0.71975034	0.03436498	1.0212604	0.6514396	-0.7377321	0.005125825	2965.85728263855
145	1.286063	0.0	1.286063	1.286063	25.0	3625	0.72318566	0.03616781	1.0105526	0.64211327	-0.73082787	0.005573284	2986.448710203171
146	0.0	0.0	0.0	0.0	25.0	3650	0.72529435	0.03975201	1.1979234	0.6299791	-0.7369759	0.0045513487	3007.141306400299
147	0.813662	0.0	0.813662	0.813662	25.0	3675	0.7308748	0.03371857	1.1914921	0.66042274	-0.74946284	0.006238856	3027.6994926929474
148	0.33001328	0.0	0.33001328	0.33001328	25.0	3700	0.7329859	0.034915086	1.1021317	0.62798774	-0.74905837	0.00607035	3048.2892904281616
149	0.08930561	0.0	0.08930561	0.08930561	25.0	3725	0.7366996	0.034032103	1.1194019	0.6462926	-0.75682634	0.005475315	3068.9416613578796
150	0.1628436	0.0	0.1628436	0.1628436	25.0	3750	0.73698026	0.032445867	1.086077	0.64428115	-0.74937713	0.0054262076	3090.4855325222015
151	0.36959076	0.0	0.36959076	0.36959076	25.0	3775	0.7394826	0.034490466	1.178386	0.6096607	-0.75859696	0.0051847575	3111.510752916336
152	0.59507185	0.0	0.59507185	0.59507185	25.0	3800	0.744155	0.031951018	1.193466	0.66247636	-0.76138747	0.0056909816	3132.227592945099
153	0.07307347	0.0	0.07307347	0.07307347	25.0	3825	0.74422944	0.035981886	1.18121	0.64500594	-0.7620136	0.004120774	3152.7914526462555
154	0.17290491	0.0	0.17290491	0.17290491	25.0	3850	0.74721664	0.034805436	1.114961	0.66857827	-0.7599361	0.0044373623	3173.3682079315186
155	0.6692115	0.0	0.6692115	0.6692115	25.0	3875	0.75498843	0.035905417	1.175517	0.6520837	-0.77391547	0.0054389574	3193.967868089676
156	0.0	0.0	0.0	0.0	25.0	3900	0.75566393	0.04524802	1.2314973	0.6493161	-0.7637526	0.0052072806	3214.5539853572845
157	0.5375541	0.0	0.5375541	0.5375541	25.0	3925	0.7550207	0.031107003	1.0687541	0.6796331	-0.76820976	0.0050005373	3238.230539083481
158	0.45383215	0.0	0.45383215	0.45383215	25.0	3950	0.7573648	0.033356246	1.085529	0.667272	-0.7737132	0.004629174	3258.655398607254
159	0.6257054	0.0	0.6257054	0.6257054	25.0	3975	0.76594996	0.032616865	1.1257051	0.6747138	-0.78032845	0.0051511703	3279.247132062912
160	0.47020516	0.0	0.47020516	0.47020516	25.0	4000	0.76536214	0.03629033	1.1216551	0.69299686	-0.7799773	0.004533839	3300.759898662567
161	0.24501796	0.0	0.24501796	0.24501796	25.0	4025	0.7707415	0.035280306	1.1336926	0.6961087	-0.78555125	0.005157751	3321.7466859817505
162	0.82215875	0.0	0.82215875	0.82215875	25.0	4050	0.77286893	0.03650003	1.1084073	0.66877747	-0.78917253	0.0051392834	3342.2908847332
163	0.2743407	0.0	0.2743407	0.2743407	25.0	4075	0.77011186	0.032006744	1.0979753	0.70047945	-0.7865882	0.004790019	3362.9349031448364
164	0.6223039	0.0	0.6223039	0.6223039	25.0	4100	0.7824025	0.038128622	1.1205083	0.6976049	-0.7991252	0.005773877	3383.551046848297
165	0.37507743	0.0	0.37507743	0.37507743	25.0	4125	0.77664393	0.03645867	1.0896441	0.67140806	-0.7932513	0.0050472375	3404.472343683243
166	0.60662925	0.0	0.60662925	0.60662925	25.0	4150	0.77828795	0.028874325	1.0474777	0.695707	-0.7933059	0.005605287	3425.105610370636
167	0.81704015	0.0	0.81704015	0.81704015	25.0	4175	0.7877026	0.03342593	1.1110516	0.70171803	-0.79741675	0.005088242	3445.714293241501
168	0.41669312	0.0	0.41669312	0.41669312	25.0	4200	0.7881265	0.03514833	1.2439389	0.710974	-0.8020444	0.00564533	3466.376528978348
169	0.15062112	0.0	0.15062112	0.15062112	25.0	4225	0.79271424	0.034145236	1.1197563	0.70486784	-0.8064183	0.0055979122	3487.0895009040833
170	0.21125932	0.0	0.21125932	0.21125932	25.0	4250	0.7925856	0.03684849	1.1440071	0.7100885	-0.80345416	0.0046630935	3508.7812538146973
171	0.0993974	0.0	0.0993974	0.0993974	25.0	4275	0.79370826	0.031776167	1.0678676	0.7049656	-0.81003046	0.005486305	3529.704673051834
172	0.32130727	0.0	0.32130727	0.32130727	25.0	4300	0.7951891	0.035020605	1.249654	0.69882524	-0.8048006	0.004703076	3550.4007892608643
173	0.30851468	0.0	0.30851468	0.30851468	25.0	4325	0.79820096	0.03692543	1.2863305	0.6855882	-0.81214976	0.00479377	3571.065708875656
174	0.44324896	0.0	0.44324896	0.44324896	25.0	4350	0.8013404	0.03617578	1.1868564	0.72404516	-0.813587	0.0045287884	3591.5690977573395
175	0.5264513	0.0	0.5264513	0.5264513	25.0	4375	0.80640954	0.036771104	1.164366	0.7063328	-0.822546	0.006276605	3612.266250371933
176	0.511208	0.0	0.511208	0.511208	25.0	4400	0.8072595	0.03858169	1.2826141	0.7384479	-0.81957597	0.00450924	3632.8530395030975
177	0.10769708	0.0	0.10769708	0.10769708	25.0	4425	0.8067615	0.035828147	1.3112905	0.69415945	-0.8226612	0.005202017	3653.4862945079803
178	0.10141844	0.0	0.10141844	0.10141844	25.0	4450	0.81212914	0.038547818	1.3370532	0.72273576	-0.8228972	0.0053053554	3673.963096141815
179	0.422912	0.0	0.422912	0.422912	25.0	4475	0.81279784	0.036314886	1.2711048	0.74287814	-0.8248718	0.0047715753	3694.411500930786
180	0.3599004	0.0	0.3599004	0.3599004	25.0	4500	0.8193648	0.03389586	1.2035103	0.7093523	-0.83389753	0.005270326	3716.012570619583
181	0.2510321	0.0	0.2510321	0.2510321	25.0	4525	0.8221623	0.034942027	1.3395642	0.7080323	-0.84048826	0.0058396477	3737.0302102565765
182	0.3834014	0.0	0.3834014	0.3834014	25.0	4550	0.81929094	0.030591758	1.3419492	0.74188507	-0.83377504	0.0053440505	3757.502097129822
183	0.018237542	0.0	0.018237542	0.018237542	25.0	4575	0.8270278	0.036647473	1.2017101	0.7470454	-0.84066385	0.005992384	3778.1051557064056
184	0.20630646	0.0	0.20630646	0.20630646	25.0	4600	0.8254368	0.034479443	1.2314405	0.7392585	-0.8415947	0.004647542	3798.7148983478546
185	0.29908535	0.0	0.29908535	0.29908535	25.0	4625	0.8303471	0.031927656	1.182871	0.7082123	-0.84084547	0.0060996753	3819.3299067020416
186	0.9944244	0.0	0.9944244	0.9944244	25.0	4650	0.8320825	0.033920493	1.1216403	0.756808	-0.8440468	0.0056082676	3839.925945520401
187	0.20298566	0.0	0.20298566	0.20298566	25.0	4675	0.83319086	0.035302963	1.1489633	0.7143723	-0.8540886	0.005718764	3860.4541103839874
188	0.6280256	0.0	0.6280256	0.6280256	25.0	4700	0.8380215	0.030331034	1.3170555	0.7698611	-0.85558426	0.00520951	3881.0970647335052
189	0.41399604	0.0	0.41399604	0.41399604	25.0	4725	0.8372522	0.030881193	1.1865678	0.7443011	-0.85503733	0.004264675	3901.852292776108
190	0.3933681	0.0	0.3933681	0.3933681	25.0	4750	0.8389528	0.031321704	1.1476808	0.7322005	-0.8517258	0.0043559256	3923.7193672657013
191	0.0	0.0	0.0	0.0	25.0	4775	0.84385127	0.041834325	1.2312512	0.73007584	-0.8594398	0.005252948	3944.881468772888
192	0.6019767	0.0	0.6019767	0.6019767	25.0	4800	0.8453119	0.030811282	1.064494	0.7627029	-0.862505	0.004610041	3965.432516336441
193	0.12523828	0.0	0.12523828	0.12523828	25.0	4825	0.8464708	0.035829667	1.311523	0.7742925	-0.8601477	0.004814251	3985.8360047340393
194	0.45791945	0.0	0.45791945	0.45791945	25.0	4850	0.8540677	0.03626956	1.2630687	0.7511771	-0.86643237	0.0063665067	4006.444706916809
195	0.11107223	0.0	0.11107223	0.11107223	25.0	4875	0.8511691	0.03444589	1.2477417	0.7706984	-0.86598444	0.0044705747	4026.9990208148956
196	0.8409853	0.0	0.8409853	0.8409853	25.0	4900	0.8529864	0.03525237	1.3701727	0.78515434	-0.867788	0.0053647864	4047.5885083675385
197	0.21640001	0.0	0.21640001	0.21640001	25.0	4925	0.85580236	0.03342145	1.2235347	0.7597847	-0.8678816	0.004598276	4068.122280359268
198	0.27673355	0.0	0.27673355	0.27673355	25.0	4950	0.8573288	0.03423193	1.3464105	0.75022674	-0.8666237	0.0049393675	4088.6813399791718
199	0.0	0.0	0.0	0.0	25.0	4975	0.85406756	0.043375246	1.3311987	0.7717463	-0.864572	0.005334149	4109.145459651947
200	0.106122814	0.0	0.106122814	0.106122814	25.0	5000	0.85767454	0.032852326	1.2399353	0.7729132	-0.8741156	0.0055554984	4131.024201631546
201	0.7821623	0.0	0.7821623	0.7821623	25.0	5025	0.85362434	0.037753962	1.24604	0.7748449	-0.868563	0.0061752065	4152.0945410728455
202	0.5474078	0.0	0.5474078	0.5474078	25.0	5050	0.85284257	0.033872563	1.3797288	0.7607048	-0.8632516	0.004936309	4172.614766120911
203	0.31154856	0.0	0.31154856	0.31154856	25.0	5075	0.85512984	0.038934328	1.3096361	0.74986184	-0.8672521	0.005075792	4193.098289728165
204	1.2324502	0.0	1.2324502	1.2324502	25.0	5100	0.8562729	0.038349967	1.4065524	0.73889774	-0.86468405	0.0051036603	4213.733423948288
205	0.18605393	0.0	0.18605393	0.18605393	25.0	5125	0.85811925	0.041500304	1.4206738	0.78222597	-0.86624587	0.006054146	4234.27631354332
206	0.0	0.0	0.0	0.0	25.0	5150	0.86104727	0.044274516	1.3774563	0.74901235	-0.8720901	0.005441941	4254.663395643234
207	0.5120445	0.0	0.5120445	0.5120445	25.0	5175	0.8596696	0.036187906	1.2517258	0.77666736	-0.8720634	0.0039674547	4275.326988458633
208	0.6693197	0.0	0.6693197	0.6693197	25.0	5200	0.8632295	0.029570801	1.0904486	0.7818128	-0.8752867	0.004984135	4295.829100370407
209	0.36570948	0.0	0.36570948	0.36570948	25.0	5225	0.86233175	0.029653266	1.1949586	0.78793913	-0.8729071	0.00425633	4316.428495168686
210	0.5128123	0.0	0.5128123	0.5128123	25.0	5250	0.8738428	0.03797998	1.285712	0.77992475	-0.883058	0.006566346	4338.13011097908
211	0.0	0.0	0.0	0.0	25.0	5275	0.87426025	0.04500277	1.345308	0.7957133	-0.8845918	0.006038645	4359.1014585494995
212	0.13523291	0.0	0.13523291	0.13523291	25.0	5300	0.8713325	0.039705575	1.4274786	0.77099866	-0.8813416	0.0055261855	4379.623943090439
213	0.7502772	0.0	0.7502772	0.7502772	25.0	5325	0.87704194	0.039847407	1.3674607	0.77789056	-0.8906826	0.005766458	4400.151744365692
214	0.44035405	0.0	0.44035405	0.44035405	25.0	5350	0.8792913	0.035150178	1.2754532	0.73816615	-0.89443123	0.0049712784	4420.796112537384
215	0.35504287	0.0	0.35504287	0.35504287	25.0	5375	0.87737334	0.03428264	1.2149765	0.7701628	-0.8895471	0.005311974	4441.429924964905
216	0.5594415	0.0	0.5594415	0.5594415	25.0	5400	0.8865007	0.03466676	1.3595272	0.7934053	-0.9012342	0.0065500713	4462.171428203583
217	0.25500542	0.0	0.25500542	0.25500542	25.0	5425	0.8887149	0.04276818	1.3790617	0.7608967	-0.9024473	0.007622402	4482.771555662155
218	0.59861386	0.0	0.59861386	0.59861386	25.0	5450	0.88403785	0.03501872	1.2394276	0.7643359	-0.8988779	0.004918565	4503.467391014099
219	0.17458715	0.0	0.17458715	0.17458715	25.0	5475	0.888215	0.03921804	1.3200765	0.7647171	-0.89949435	0.00471045	4524.13051366806
220	0.47400963	0.0	0.47400963	0.47400963	25.0	5500	0.8956604	0.041234367	1.3747979	0.7844145	-0.9091538	0.0056165066	4545.870541095734
221	0.093559235	0.0	0.093559235	0.093559235	25.0	5525	0.8929837	0.040596575	1.370208	0.80097497	-0.9067205	0.0050505525	4567.058993339539
222	0.30546775	0.0	0.30546775	0.30546775	25.0	5550	0.8960594	0.03696925	1.3762074	0.8297092	-0.90864754	0.004494692	4587.620092868805
223	0.69823116	0.0	0.69823116	0.69823116	25.0	5575	0.9006157	0.034925096	1.3870687	0.7816614	-0.91460824	0.006926878	4608.229489803314
224	0.2660931	0.0	0.2660931	0.2660931	25.0	5600	0.901479	0.028931836	1.2265592	0.8104687	-0.91433626	0.0050127087	4628.822387456894
225	0.064894736	0.0	0.064894736	0.064894736	25.0	5625	0.90785897	0.03575345	1.3103409	0.81632763	-0.9217995	0.007277923	4649.409344911575
226	0.3736419	0.0	0.3736419	0.3736419	25.0	5650	0.9057728	0.03506121	1.2687907	0.7841289	-0.9185352	0.0056136167	4670.009323120117
227	0.4247932	0.0	0.4247932	0.4247932	25.0	5675	0.9091204	0.030573098	1.3872098	0.806503	-0.92108613	0.0054711546	4690.737832307816
228	0.24883296	0.0	0.24883296	0.24883296	25.0	5700	0.91553605	0.039915334	1.3780038	0.82391655	-0.92704237	0.0062766303	4711.235080480576
229	0.30180857	0.0	0.30180857	0.30180857	25.0	5725	0.9217064	0.037784662	1.4071449	0.8129637	-0.93201685	0.0072017037	4731.695633649826
230	0.081985205	0.0	0.081985205	0.081985205	25.0	5750	0.91747576	0.035542388	1.3820087	0.8072678	-0.92800593	0.005856959	4753.442603349686
231	0.4987882	0.0	0.4987882	0.4987882	25.0	5775	0.916288	0.037125055	1.4699749	0.81466174	-0.9286344	0.004684907	4774.464674949646
232	0.35542917	0.0	0.35542917	0.35542917	25.0	5800	0.92050123	0.036038283	1.4663326	0.854109	-0.93082255	0.0067545595	4795.130211830139
233	0.6991722	0.0	0.6991722	0.6991722	25.0	5825	0.9228656	0.032836296	1.3001431	0.84088653	-0.93548685	0.0051661134	4816.257640838623
234	0.90139514	0.0	0.90139514	0.90139514	25.0	5850	0.9222036	0.033995982	1.3032477	0.84544605	-0.92979234	0.00462973	4836.826377868652
235	0.43585697	0.0	0.43585697	0.43585697	25.0	5875	0.92283005	0.0324421	1.3012075	0.83693314	-0.934836	0.0042104903	4857.404058218002
236	0.0	0.0	0.0	0.0	25.0	5900	0.92432505	0.03241226	1.2563051	0.794435	-0.93417853	0.0046059974	4877.781908750534
237	0.6437151	0.0	0.6437151	0.6437151	25.0	5925	0.9284446	0.032901835	1.3600104	0.8288099	-0.9396856	0.0054145926	4898.307890415192
238	0.52141553	0.0	0.52141553	0.52141553	25.0	5950	0.9296132	0.034264915	1.3841527	0.87611115	-0.9382051	0.00486494	4918.782431125641
239	0.1507777	0.0	0.1507777	0.1507777	25.0	5975	0.9306462	0.0371954	1.4947172	0.84387726	-0.9437261	0.0058600632	4939.221492290497
240	0.0	0.0	0.0	0.0	25.0	6000	0.935899	0.038136397	1.3143623	0.8432348	-0.9485225	0.0066207577	4960.95211148262
241	0.06632335	0.0	0.06632335	0.06632335	25.0	6025	0.93766654	0.030857034	1.3137951	0.8424114	-0.951989	0.006017524	4981.942549943924
242	0.051023915	0.0	0.051023915	0.051023915	25.0	6050	0.93983793	0.034880396	1.3746345	0.850608	-0.9537487	0.006677238	5002.393500089645
243	0.19524524	0.0	0.19524524	0.19524524	25.0	6075	0.94314	0.034557473	1.3784235	0.85261893	-0.9533606	0.006675118	5023.048899173737
244	0.0	0.0	0.0	0.0	25.0	6100	0.94182986	0.04344916	1.449446	0.87548465	-0.95300925	0.006170019	5043.519603967667
245	1.1576144	0.0	1.1576144	1.1576144	25.0	6125	0.94607735	0.03236761	1.4357266	0.81251407	-0.95770854	0.00591423	5064.095368146896
246	0.65893275	0.0	0.65893275	0.65893275	25.0	6150	0.9497432	0.034576267	1.26488	0.7656095	-0.963162	0.007661857	5084.652923107147
247	0.06909911	0.0	0.06909911	0.06909911	25.0	6175	0.9496986	0.034329176	1.2868564	0.88836616	-0.9591841	0.0053094653	5105.096696615219
248	0.5877931	0.0	0.5877931	0.5877931	25.0	6200	0.950807	0.03958531	1.4835359	0.8325651	-0.9640513	0.0056580566	5125.603341579437
249	0.48518375	0.0	0.48518375	0.48518375	25.0	6225	0.95064527	0.035603173	1.3499653	0.8403778	-0.9648299	0.0047564385	5146.108187913895
250	0.17493069	0.0	0.17493069	0.17493069	25.0	6250	0.96003646	0.039963253	1.5181115	0.8694344	-0.9723349	0.0067766607	5168.0658593177795
251	0.38805258	0.0	0.38805258	0.38805258	25.0	6275	0.9578526	0.041264407	1.4291774	0.79613966	-0.969977	0.005045389	5189.169130563736
252	0.0	0.0	0.0	0.0	25.0	6300	0.95937073	0.03924917	1.5324584	0.8156127	-0.9718364	0.0053557632	5209.690084934235
253	0.8614434	0.0	0.8614434	0.8614434	25.0	6325	0.9627521	0.03108056	1.367962	0.8627769	-0.9742468	0.006492958	5230.265211582184
254	0.5192218	0.0	0.5192218	0.5192218	25.0	6350	0.9664604	0.030043716	1.2122157	0.8709832	-0.9764573	0.0061842888	5251.027959823608
255	0.07279224	0.0	0.07279224	0.07279224	25.0	6375	0.964546	0.033701792	1.4686071	0.8778775	-0.9767926	0.005538459	5271.504290342331
256	0.26618874	0.0	0.26618874	0.26618874	25.0	6400	0.9708257	0.0428936	1.4405947	0.8496398	-0.9796303	0.006007281	5292.048748016357
257	0.40331838	0.0	0.40331838	0.40331838	25.0	6425	0.96875703	0.035144005	1.3778999	0.86980635	-0.97753835	0.0052549476	5312.573694944382
258	0.07151206	0.0	0.07151206	0.07151206	25.0	6450	0.970684	0.03740043	1.5038306	0.8724695	-0.97999823	0.006321153	5333.19958114624
259	0.26494032	0.0	0.26494032	0.26494032	25.0	6475	0.9732229	0.03756925	1.5015821	0.9052523	-0.98310095	0.006449399	5353.739292621613
260	0.37476382	0.0	0.37476382	0.37476382	25.0	6500	0.9739972	0.032466322	1.2665538	0.87612236	-0.9835418	0.004885458	5375.5492577552795
261	0.2684327	0.0	0.2684327	0.2684327	25.0	6525	0.9811903	0.036006253	1.4316242	0.8980573	-0.9955423	0.005972755	5396.75063419342
262	0.0	0.0	0.0	0.0	25.0	6550	0.9807537	0.041723516	1.4605346	0.86866486	-0.9934082	0.005662845	5417.248532772064
263	0.06177718	0.0	0.06177718	0.06177718	25.0	6575	0.9811996	0.032418836	1.3993422	0.87619877	-0.99314016	0.0052086567	5437.904461145401
264	0.59235436	0.0	0.59235436	0.59235436	25.0	6600	0.9819442	0.04833411	1.4994766	0.894392	-0.99027324	0.0061702724	5458.528656005859
265	0.39797923	0.0	0.39797923	0.39797923	25.0	6625	0.98363054	0.03952322	1.5302596	0.9039992	-0.9956264	0.005517715	5479.078363418579
266	0.079341255	0.0	0.079341255	0.079341255	25.0	6650	0.9853576	0.03222292	1.3484426	0.90132374	-0.9961175	0.0057107825	5499.557458162308
267	0.21807842	0.0	0.21807842	0.21807842	25.0	6675	0.9865561	0.032851804	1.3067554	0.8863356	-0.9975012	0.004942819	5520.152615308762
268	0.5374937	0.0	0.5374937	0.5374937	25.0	6700	0.99423444	0.037644774	1.4346764	0.9151156	-1.0051472	0.0067143887	5540.718003988266
269	0.4987419	0.0	0.4987419	0.4987419	25.0	6725	0.99545854	0.04307243	1.4693305	0.89121765	-1.0042624	0.0066011124	5561.3516981601715
270	0.32754824	0.0	0.32754824	0.32754824	25.0	6750	0.9941038	0.03921541	1.4500126	0.77774686	-1.0049618	0.0057176217	5583.4896121025085
271	0.11657811	0.0	0.11657811	0.11657811	25.0	6775	0.9931501	0.032020044	1.3519813	0.9160516	-1.0047857	0.0047197607	5604.726927042007
272	0.30741173	0.0	0.30741173	0.30741173	25.0	6800	0.9981599	0.03204271	1.3196278	0.91105986	-1.0135603	0.0072933645	5625.3216145038605
273	0.09919965	0.0	0.09919965	0.09919965	25.0	6825	1.0016716	0.03913591	1.4283208	0.8609157	-1.0125129	0.0055466676	5645.9032661914825
274	0.0	0.0	0.0	0.0	25.0	6850	1.0019422	0.03898795	1.5340817	0.87932193	-1.0149487	0.0056081056	5666.434744358063
275	0.37554857	0.0	0.37554857	0.37554857	25.0	6875	1.0008235	0.034533672	1.4265454	0.90550196	-1.010481	0.004521032	5687.013101577759
276	0.0	0.0	0.0	0.0	25.0	6900	1.0039065	0.03590693	1.5074455	0.9054476	-1.0155454	0.0049877716	5707.502174139023
277	0.31316432	0.0	0.31316432	0.31316432	25.0	6925	1.0065798	0.03484422	1.377826	0.9045928	-1.0192565	0.005638017	5728.052097320557
278	0.19668943	0.0	0.19668943	0.19668943	25.0	6950	1.0109699	0.03660317	1.3944511	0.652781	-1.0255234	0.0051681595	5748.620686292648
279	0.9039731	0.0	0.9039731	0.9039731	25.0	6975	1.0114896	0.031211788	1.3686131	0.9211883	-1.023252	0.0055086333	5769.2252151966095
280	0.70613575	0.0	0.70613575	0.70613575	25.0	7000	1.0151352	0.035849757	1.4180633	0.94719213	-1.025806	0.004565303	5791.091465950012
281	0.4605821	0.0	0.4605821	0.4605821	25.0	7025	1.0133812	0.03773276	1.4558735	0.9296664	-1.021528	0.0037654897	5812.269638061523
282	0.44106355	0.0	0.44106355	0.44106355	25.0	7050	1.0158762	0.029376535	1.2758025	0.9168444	-1.0250347	0.00436322	5832.88564324379
283	0.72996944	0.0	0.72996944	0.72996944	25.0	7075	1.0190103	0.036003117	1.4651307	0.9213592	-1.0297163	0.0052479776	5853.457904338837
284	0.35852206	0.0	0.35852206	0.35852206	25.0	7100	1.0167943	0.027991628	1.3779316	0.9530853	-1.0276378	0.0043007266	5873.914977788925
285	0.6442582	0.0	0.6442582	0.6442582	25.0	7125	1.0190939	0.031149644	1.3349062	0.91662014	-1.0324986	0.0045353845	5894.444356203079
286	0.8849675	0.0	0.8849675	0.8849675	25.0	7150	1.0261467	0.0333851	1.5196841	0.951647	-1.0360131	0.0054598553	5915.022735595703
287	0.0	0.0	0.0	0.0	25.0	7175	1.0304139	0.040988967	1.518647	0.923148	-1.0405064	0.0054323957	5935.503306627274
288	0.19602007	0.0	0.19602007	0.19602007	25.0	7200	1.0245649	0.03801141	1.5400302	0.9218775	-1.0356463	0.00422203	5956.0741510391235
289	0.64041024	0.0	0.64041024	0.64041024	25.0	7225	1.0292182	0.03116317	1.3272929	0.94246584	-1.0414729	0.0052566407	5976.665940284729
290	0.0	0.0	0.0	0.0	25.0	7250	1.0333905	0.02577192	1.2432482	0.97810256	-1.0480781	0.0054929582	5998.649759054184
291	0.14351116	0.0	0.14351116	0.14351116	25.0	7275	1.0373702	0.038584262	1.5279768	0.9068363	-1.0457549	0.0057285093	6019.854156732559
292	0.30325955	0.0	0.30325955	0.30325955	25.0	7300	1.0356613	0.030967651	1.4570719	0.9264667	-1.0481094	0.0056753857	6040.417356967926
293	0.09738922	0.0	0.09738922	0.09738922	25.0	7325	1.0376247	0.031378288	1.4666958	0.9452313	-1.0504858	0.0040615764	6060.968128919601
294	1.2409815	0.0	1.2409815	1.2409815	25.0	7350	1.0401964	0.033254832	1.4271214	0.91239	-1.0527272	0.0048130155	6081.607464313507
295	0.0	0.0	0.0	0.0	25.0	7375	1.0436225	0.03841241	1.5590074	0.91674197	-1.0522301	0.0054354607	6102.1416890621185
296	0.9249836	0.0	0.9249836	0.9249836	25.0	7400	1.044182	0.037508175	1.5364512	0.9409038	-1.0545248	0.005582207	6122.701762676239
297	1.0182784	0.0	1.0182784	1.0182784	25.0	7425	1.0445427	0.031097384	1.3829905	0.9249047	-1.055611	0.0046338635	6143.178081274033
298	0.3336769	0.0	0.3336769	0.3336769	25.0	7450	1.0460492	0.02932604	1.3989054	0.95047843	-1.0574057	0.0042930753	6163.795202493668
299	0.36690038	0.0	0.36690038	0.36690038	25.0	7475	1.0463796	0.029432036	1.2788973	0.89938086	-1.0611213	0.004944679	6184.444031953812
300	0.51962477	0.0	0.51962477	0.51962477	25.0	7500	1.0509384	0.03514782	1.38999	0.95955217	-1.0587132	0.0046889787	6206.497420310974
301	0.2322753	0.0	0.2322753	0.2322753	25.0	7525	1.0511141	0.027209282	1.4338912	0.9601241	-1.0620328	0.0042962045	6227.6790981292725
302	0.0	0.0	0.0	0.0	25.0	7550	1.0548449	0.026025731	1.3931673	0.95791787	-1.0664464	0.0046858587	6248.279292583466
303	0.10292441	0.0	0.10292441	0.10292441	25.0	7575	1.0534525	0.030448414	1.36456	0.98581153	-1.0649472	0.004719063	6268.768064498901
304	0.21665409	0.0	0.21665409	0.21665409	25.0	7600	1.0568776	0.03446041	1.4799887	0.9810135	-1.0651582	0.0041103847	6289.2852783203125
305	0.6324483	0.0	0.6324483	0.6324483	25.0	7625	1.0579383	0.028608853	1.3869109	0.98468983	-1.071162	0.004557683	6309.976246356964
306	0.68566376	0.0	0.68566376	0.68566376	25.0	7650	1.058742	0.030069325	1.4240855	0.9917858	-1.0698922	0.0046667513	6330.566306591034
307	0.014246074	0.0	0.014246074	0.014246074	25.0	7675	1.0660431	0.029958196	1.3823682	0.9707955	-1.0792953	0.0049647866	6350.553965806961
308	0.64311904	0.0	0.64311904	0.64311904	25.0	7700	1.0692165	0.037620485	1.5138029	0.9670052	-1.0787859	0.006831042	6370.000871658325
309	0.0	0.0	0.0	0.0	25.0	7725	1.0670341	0.036221597	1.5516291	0.9937871	-1.0785849	0.0044183354	6389.5089592933655
310	0.07230595	0.0	0.07230595	0.07230595	25.0	7750	1.0690504	0.028387327	1.4387887	0.87559146	-1.0826604	0.0047726	6410.379642486572
311	0.20481919	0.0	0.20481919	0.20481919	25.0	7775	1.0704342	0.031986717	1.4833541	0.91345125	-1.0790563	0.0040854663	6430.503486394882
312	0.43522614	0.0	0.43522614	0.43522614	25.0	7800	1.0742164	0.03330263	1.6011586	0.97065115	-1.0849649	0.0044958373	6450.05727148056
313	0.56885487	0.0	0.56885487	0.56885487	25.0	7825	1.0722282	0.033129886	1.4058605	0.9870656	-1.0837291	0.004162825	6469.388028860092
314	0.4806085	0.0	0.4806085	0.4806085	25.0	7850	1.0773848	0.036060434	1.4927707	0.9880783	-1.0880198	0.0050787693	6489.811368942261
315	0.42039827	0.0	0.42039827	0.42039827	25.0	7875	1.0785526	0.03101976	1.4995891	0.9946542	-1.0889469	0.0048047723	6509.165691375732
316	0.5389281	0.0	0.5389281	0.5389281	25.0	7900	1.0780123	0.027478578	1.3841865	0.9981994	-1.0903057	0.0041218437	6528.640478849411
317	0.1036427	0.0	0.1036427	0.1036427	25.0	7925	1.0790775	0.03141451	1.5060633	1.0161537	-1.0895214	0.004617815	6548.260031700134
318	0.19718598	0.0	0.19718598	0.19718598	25.0	7950	1.0830559	0.03472925	1.4651315	0.9853402	-1.0937836	0.0050542816	6567.756978034973
319	0.5711695	0.0	0.5711695	0.5711695	25.0	7975	1.0911745	0.04140575	1.5302356	1.0146981	-1.1023976	0.006498067	6587.177008152008
320	0.33727726	0.0	0.33727726	0.33727726	25.0	8000	1.0903035	0.035788648	1.5530587	0.98620635	-1.1002436	0.005377114	6609.187177658081
321	0.0	0.0	0.0	0.0	25.0	8025	1.0904475	0.032758433	1.4274988	1.0215538	-1.10011	0.0048804227	6629.301122426987
322	0.15004613	0.0	0.15004613	0.15004613	25.0	8050	1.0920149	0.037119336	1.479951	1.0011903	-1.1040397	0.005761417	6648.739727735519
323	0.20427226	0.0	0.20427226	0.20427226	25.0	8075	1.0918596	0.026538013	1.4226652	1.0094754	-1.1040318	0.0050177197	6668.480158090591
324	0.79785174	0.0	0.79785174	0.79785174	25.0	8100	1.0955298	0.030842353	1.5331361	1.0102274	-1.1074913	0.0052878433	6688.048609256744
325	0.70972425	0.0	0.70972425	0.70972425	25.0	8125	1.0952185	0.030458258	1.505612	0.98450387	-1.108005	0.004101885	6707.461000204086
326	0.48447087	0.0	0.48447087	0.48447087	25.0	8150	1.0994079	0.032687657	1.5030397	0.98141134	-1.1100109	0.0046385187	6726.95335650444
327	0.3711789	0.0	0.3711789	0.3711789	25.0	8175	1.1027087	0.030753562	1.4471415	0.98841965	-1.1127601	0.004313595	6746.659240722656
328	0.50622994	0.0	0.50622994	0.50622994	25.0	8200	1.105018	0.027022554	1.4381325	1.0090077	-1.1179248	0.004949469	6765.980504751205
329	0.29500055	0.0	0.29500055	0.29500055	25.0	8225	1.1024933	0.031098833	1.4007329	0.99562955	-1.1132642	0.004191044	6785.380588769913
330	0.8948071	0.0	0.8948071	0.8948071	25.0	8250	1.1061217	0.03827856	1.595698	1.0069729	-1.1172953	0.0043328097	6806.277097702026
331	0.87287116	0.0	0.87287116	0.87287116	25.0	8275	1.1084352	0.03355425	1.4396819	1.0270057	-1.1205119	0.004981081	6826.3978435993195
332	0.28090653	0.0	0.28090653	0.28090653	25.0	8300	1.1105884	0.034163315	1.5649168	1.0318222	-1.1197734	0.0046718656	6845.896653175354
333	1.012667	0.0	1.012667	1.012667	25.0	8325	1.1101179	0.03113867	1.5632657	0.96432257	-1.1213297	0.004363149	6865.431528091431
334	0.6097158	0.0	0.6097158	0.6097158	25.0	8350	1.1121452	0.03278425	1.6143792	0.9843245	-1.1226233	0.0046527362	6884.82381772995
335	0.9600419	0.0	0.9600419	0.9600419	25.0	8375	1.1187128	0.029392174	1.5221431	1.0060203	-1.1305579	0.0052487417	6904.463208436966
336	0.0	0.0	0.0	0.0	25.0	8400	1.1130581	0.030128995	1.3818113	1.0431921	-1.1204405	0.003327795	6923.751755475998
337	0.07672311	0.0	0.07672311	0.07672311	25.0	8425	1.118618	0.033720333	1.5011437	1.0162292	-1.12653	0.0044138823	6943.19464468956
338	0.0	0.0	0.0	0.0	25.0	8450	1.119095	0.031645622	1.4073426	1.0153215	-1.1297109	0.0049826317	6963.352239847183
339	0.20239219	0.0	0.20239219	0.20239219	25.0	8475	1.1242502	0.031228324	1.4224048	1.0510752	-1.1356552	0.004087739	6982.656166553497
340	0.41512668	0.0	0.41512668	0.41512668	25.0	8500	1.1220119	0.033108722	1.4927864	1.0035938	-1.1354508	0.0041334853	7003.571674108505
341	0.09860347	0.0	0.09860347	0.09860347	25.0	8525	1.125525	0.028549958	1.5143926	1.0410587	-1.139393	0.0042260657	7024.739907503128
342	0.50301945	0.0	0.50301945	0.50301945	25.0	8550	1.1270587	0.026305461	1.3425821	1.0682358	-1.1388592	0.0037576708	7044.121446847916
343	0.35736117	0.0	0.35736117	0.35736117	25.0	8575	1.1334803	0.026511282	1.4195381	1.023241	-1.1448736	0.0057727234	7063.486491918564
344	1.7494042	0.0	1.7494042	1.7494042	25.0	8600	1.1305077	0.029109934	1.5521213	1.0385976	-1.1729561	0.0037664252	7084.0184161663055
345	1.4503716	0.0	1.4503716	1.4503716	25.0	8625	1.135055	0.03376022	1.5038028	1.0611134	-1.2276981	0.004161056	7103.510631084442
346	0.69510573	0.0	0.69510573	0.69510573	25.0	8650	1.1363112	0.038889084	1.4703662	1.0378219	-1.216689	0.005456231	7122.856300830841
347	0.35524523	0.0	0.35524523	0.35524523	25.0	8675	1.1407002	0.03400798	1.4876496	1.069692	-1.1654445	0.004509012	7142.292029619217
348	0.21655194	0.0	0.21655194	0.21655194	25.0	8700	1.141494	0.030871749	1.5150905	1.0738527	-1.179344	0.00401265	7161.690278768539
349	0.827387	0.0	0.827387	0.827387	25.0	8725	1.1541806	0.02729285	1.4098397	1.0475446	-1.1926962	0.0043578506	7181.1026446819305
350	0.40441322	0.0	0.40441322	0.40441322	25.0	8750	1.1892476	0.033939473	1.447345	1.0499747	-1.3111681	0.0042056986	7203.0100111961365
351	0.12325321	0.0	0.12325321	0.12325321	25.0	8775	1.2167602	0.02700537	1.5294765	1.099836	-1.26028	0.0030688145	7223.1037538051605
352	0.7222515	0.0	0.7222515	0.7222515	25.0	8800	1.2188967	0.03001015	1.5384223	1.1236527	-1.2156706	0.002813579	7242.591717481613
353	0.77756655	0.0	0.77756655	0.77756655	25.0	8825	1.2254825	0.033869244	1.6254296	1.139547	-1.2597584	0.0030636408	7262.337536096573
354	0.8417909	0.0	0.8417909	0.8417909	25.0	8850	1.2253947	0.026495347	1.5191367	1.1429058	-1.2546979	0.0030647793	7281.726025342941
355	0.69891393	0.0	0.69891393	0.69891393	25.0	8875	1.2328655	0.027142856	1.5308007	1.0583261	-1.3043767	0.0034762255	7301.1648645401
356	0.84404457	0.0	0.84404457	0.84404457	25.0	8900	1.2369201	0.027705405	1.5279121	1.1700256	-1.3053277	0.0036635615	7320.894471645355
357	0.33482453	0.0	0.33482453	0.33482453	25.0	8925	1.2464392	0.030674351	1.530179	1.1435984	-1.282633	0.0031186673	7340.349412679672
358	0.5134373	0.0	0.5134373	0.5134373	25.0	8950	1.2476937	0.027711933	1.5399871	1.1416023	-1.2899272	0.0026433638	7359.733432292938
359	0.44267184	0.0	0.44267184	0.44267184	25.0	8975	1.2503003	0.03469949	1.6400075	1.1419784	-1.2479987	0.003583462	7379.105746269226
360	0.23348132	0.0	0.23348132	0.23348132	25.0	9000	1.2525942	0.034875177	1.6694485	1.1653397	-1.2627492	0.0040750443	7400.091950416565
361	0.6142361	0.0	0.6142361	0.6142361	25.0	9025	1.2548565	0.031232087	1.5655973	1.1839917	-1.2944134	0.00313164	7420.209236383438
362	0.12266463	0.0	0.12266463	0.12266463	25.0	9050	1.2736793	0.028733587	1.5969495	1.1842134	-1.3114914	0.0038842217	7439.713374614716
363	0.22868423	0.0	0.22868423	0.22868423	25.0	9075	1.2770864	0.025562594	1.6193213	1.2068881	-1.3082935	0.0028843994	7459.151127099991
364	0.0	0.0	0.0	0.0	25.0	9100	1.2815436	0.024872134	1.5897928	1.2051362	-1.3053304	0.0028607482	7478.640660047531
365	0.19529377	0.0	0.19529377	0.19529377	25.0	9125	1.286027	0.02825374	1.6697826	1.1975372	-1.3150021	0.0035135942	7498.175683259964
366	0.09700146	0.0	0.09700146	0.09700146	25.0	9150	1.2888054	0.029193936	1.6379842	1.2033488	-1.2958641	0.003088937	7517.580323457718
367	0.27984372	0.0	0.27984372	0.27984372	25.0	9175	1.2968901	0.0300781	1.6316708	1.2013867	-1.3298193	0.0031522545	7537.01035618782
368	0.232625	0.0	0.232625	0.232625	25.0	9200	1.3000464	0.029615784	1.6231382	1.2257149	-1.3121861	0.003264177	7556.460002183914
369	0.3460377	0.0	0.3460377	0.3460377	25.0	9225	1.3009973	0.02735111	1.5604776	1.1682673	-1.3266437	0.0036819282	7575.772226572037
370	1.0532752	0.0	1.0532752	1.0532752	25.0	9250	1.3076935	0.031276967	1.6561744	1.1957057	-1.3292128	0.003530272	7596.77356171608
371	0.558588	0.0	0.558588	0.558588	25.0	9275	1.3113705	0.031022076	1.6718242	1.2366923	-1.3362786	0.0035964823	7616.989896535873
372	0.06871612	0.0	0.06871612	0.06871612	25.0	9300	1.3140761	0.027929379	1.663962	1.1314883	-1.3431306	0.003160451	7636.381957292557
373	0.2747059	0.0	0.2747059	0.2747059	25.0	9325	1.3183473	0.026487047	1.6610324	1.2441163	-1.3361038	0.0040780376	7655.747215270996
374	0.32924575	0.0	0.32924575	0.32924575	25.0	9350	1.3198166	0.032031428	1.6212965	1.1457493	-1.3412886	0.003428973	7675.152356863022
375	0.7147034	0.0	0.7147034	0.7147034	25.0	9375	1.3227186	0.03309561	1.7251272	1.2239646	-1.351527	0.0034826207	7694.642737865448
376	0.8607418	0.0	0.8607418	0.8607418	25.0	9400	1.3273818	0.026999138	1.553459	1.2475605	-1.3376442	0.004348053	7714.040020704269
377	0.6416423	0.0	0.6416423	0.6416423	25.0	9425	1.3299856	0.02847279	1.6134683	1.1694353	-1.3417077	0.0043282364	7733.410470485687
378	0.16220145	0.0	0.16220145	0.16220145	25.0	9450	1.3293191	0.032046806	1.6832671	1.2258859	-1.3351412	0.0038808382	7752.820738792419
379	0.5328198	0.0	0.5328198	0.5328198	25.0	9475	1.3323208	0.034670167	1.7155147	1.2126014	-1.357468	0.0038529462	7772.277323007584
380	0.50077933	0.0	0.50077933	0.50077933	25.0	9500	1.3329687	0.029669799	1.5769238	1.2044704	-1.341375	0.003447138	7793.261857032776
381	0.44808412	0.0	0.44808412	0.44808412	25.0	9525	1.3332475	0.028411988	1.6110153	1.2271596	-1.3505797	0.0042245397	7813.564254999161
382	0.78480375	0.0	0.78480375	0.78480375	25.0	9550	1.337725	0.027743889	1.583782	1.2036116	-1.3622253	0.0040366645	7832.997185707092
383	0.22113189	0.0	0.22113189	0.22113189	25.0	9575	1.3405643	0.028493475	1.7238703	1.2672997	-1.3600113	0.0036140257	7852.374471187592
384	0.58330226	0.0	0.58330226	0.58330226	25.0	9600	1.3421118	0.029418634	1.6407945	1.2598773	-1.3689662	0.004523112	7871.818550348282
385	0.9130462	0.0	0.9130462	0.9130462	25.0	9625	1.3500998	0.035804447	1.7622602	1.2476368	-1.3696661	0.004819825	7891.240215063095
386	0.0	0.0	0.0	0.0	25.0	9650	1.3489053	0.033949427	1.6573831	1.240823	-1.371735	0.0035619042	7910.601679801941
387	0.11060361	0.0	0.11060361	0.11060361	25.0	9675	1.3535427	0.027233675	1.6322663	1.2637047	-1.3697895	0.0040779696	7929.987063884735
388	0.0	0.0	0.0	0.0	25.0	9700	1.3576394	0.029413335	1.7339282	1.2671559	-1.3769265	0.0042731334	7949.4087743759155
389	0.7371737	0.0	0.7371737	0.7371737	25.0	9725	1.3598119	0.028919514	1.6524194	1.2856724	-1.3872524	0.0038717918	7969.252985239029
390	0.21340556	0.0	0.21340556	0.21340556	25.0	9750	1.3637718	0.026127035	1.6664476	1.2701305	-1.3905494	0.003685122	7990.312086820602
391	0.47776267	0.0	0.47776267	0.47776267	25.0	9775	1.3727399	0.034410857	1.7692428	1.285889	-1.3853486	0.0049355235	8010.466921567917
392	0.14210518	0.0	0.14210518	0.14210518	25.0	9800	1.3704178	0.032981914	1.847351	1.271489	-1.3877755	0.0043928926	8029.933036327362
393	0.5838101	0.0	0.5838101	0.5838101	25.0	9825	1.3766724	0.032046534	1.7244223	1.2800678	-1.4248221	0.005778309	8049.371178388596
394	0.88470715	0.0	0.88470715	0.88470715	25.0	9850	1.3751711	0.034427788	1.6927935	1.2784059	-1.4176768	0.004712926	8068.924543142319
395	0.5628635	0.0	0.5628635	0.5628635	25.0	9875	1.380307	0.036253672	1.7577231	1.2765945	-1.3965786	0.004219645	8088.369836807251
396	0.5150391	0.0	0.5150391	0.5150391	25.0	9900	1.3826219	0.030663984	1.6367251	1.2765119	-1.4090439	0.0043033725	8107.678107023239
397	0.7129921	0.0	0.7129921	0.7129921	25.0	9925	1.3833215	0.029597873	1.6706859	1.260571	-1.52707	0.004509605	8127.131411314011
398	0.7024771	0.0	0.7024771	0.7024771	25.0	9950	1.3856589	0.033338428	1.7023537	1.2962523	-1.5487329	0.0042042164	8146.5278124809265
399	0.20253427	0.0	0.20253427	0.20253427	25.0	9975	1.3933219	0.032507785	1.7741426	1.2595164	-1.494828	0.0041352953	8165.906932115555
400	0.24161838	0.0	0.24161838	0.24161838	25.0	10000	1.4044259	0.03167157	1.731417	1.2649462	-1.4253898	0.004676247	8187.0050621032715
401	0.25013393	0.0	0.25013393	0.25013393	25.0	10025	1.4128686	0.037815154	1.823733	1.296269	-1.4306266	0.005593811	8207.19009757042
402	0.16785447	0.0	0.16785447	0.16785447	25.0	10050	1.43496	0.031318523	1.6886431	1.324224	-1.4581785	0.0049920254	8226.734442949295
403	0.0	0.0	0.0	0.0	25.0	10075	1.4545935	0.03540524	1.8275954	1.3536665	-1.4803951	0.0055615497	8246.076757907867
404	0.22762659	0.0	0.22762659	0.22762659	25.0	10100	1.4777706	0.036168456	1.865587	1.3911796	-1.504127	0.0045689926	8265.433722019196
405	0.5098475	0.0	0.5098475	0.5098475	25.0	10125	1.4907837	0.030211274	1.7967873	1.3784658	-1.5167657	0.0034095482	8284.852705955505
406	0.0	0.0	0.0	0.0	25.0	10150	1.4977967	0.031701613	1.8688598	1.3899294	-1.5116658	0.0039039305	8304.2357442379
407	0.06697925	0.0	0.06697925	0.06697925	25.0	10175	1.5051074	0.032621313	1.8696457	1.4037913	-1.541223	0.0043730102	8323.521785020828
408	0.0	0.0	0.0	0.0	25.0	10200	1.5087018	0.03212134	1.8717077	1.408841	-1.5330672	0.0037743025	8342.964414358139
409	0.20954542	0.0	0.20954542	0.20954542	25.0	10225	1.5067706	0.028864443	1.8602318	1.4223175	-1.5137998	0.0044479845	8362.324397087097
410	0.15819867	0.0	0.15819867	0.15819867	25.0	10250	1.5098014	0.032222092	1.8226056	1.3933471	-1.5286973	0.0047623594	8383.443497896194
411	0.3385985	0.0	0.3385985	0.3385985	25.0	10275	1.5108298	0.033258595	1.7929618	1.4166291	-1.5666919	0.003776543	8403.584443330765
412	0.12356073	0.0	0.12356073	0.12356073	25.0	10300	1.5192413	0.03758384	1.7892787	1.3534229	-1.546237	0.0051565836	8423.04400753975
413	0.37959105	0.0	0.37959105	0.37959105	25.0	10325	1.5106659	0.03253313	1.7714112	1.4083198	-1.4980805	0.0042696497	8442.641580104828
414	0.40009436	0.0	0.40009436	0.40009436	25.0	10350	1.4968964	0.030005159	1.8865477	1.4158128	-1.5032005	0.0043353024	8462.047714471817
415	0.819896	0.0	0.819896	0.819896	25.0	10375	1.5081891	0.025264662	1.6838522	1.4110088	-1.5494053	0.0042269444	8481.467121124268
416	0.28851256	0.0	0.28851256	0.28851256	25.0	10400	1.5263886	0.03148177	1.8086723	1.4230438	-1.5806177	0.0053556724	8500.812808036804
417	0.18484809	0.0	0.18484809	0.18484809	25.0	10425	1.5266536	0.031248387	1.821518	1.4148556	-1.5228076	0.0030132348	8520.172415971756
418	0.20567678	0.0	0.20567678	0.20567678	25.0	10450	1.5359033	0.030720457	1.9222283	1.459152	-1.5466659	0.0041099195	8539.683027744293
419	0.5116685	0.0	0.5116685	0.5116685	25.0	10475	1.5328608	0.02943066	1.9531361	1.4613018	-1.557162	0.004189957	8559.071157455444
420	0.19328316	0.0	0.19328316	0.19328316	25.0	10500	1.5350676	0.032375596	1.9312978	1.4439986	-1.5374378	0.003383965	8580.287252902985
421	0.19923349	0.0	0.19923349	0.19923349	25.0	10525	1.5317471	0.03428755	1.8067695	1.4353969	-1.5396647	0.0054443832	8600.473283290863
422	0.33655578	0.0	0.33655578	0.33655578	25.0	10550	1.5401214	0.03052491	1.8278351	1.4640048	-1.5566089	0.0050338428	8619.911417722702
423	0.25552377	0.0	0.25552377	0.25552377	25.0	10575	1.5406185	0.028361006	1.765923	1.4509764	-1.5552756	0.0040186914	8639.234001636505
424	0.1288839	0.0	0.1288839	0.1288839	25.0	10600	1.5382926	0.026891047	1.71766	1.4540752	-1.5359395	0.0036494676	8658.584586381912
425	0.44741148	0.0	0.44741148	0.44741148	25.0	10625	1.5379835	0.0300599	1.7984129	1.4698603	-1.5386995	0.00400486	8678.049890756607
426	0.41893208	0.0	0.41893208	0.41893208	25.0	10650	1.5392529	0.03125275	1.8554847	1.4677016	-1.5642413	0.003511899	8697.391294956207
427	0.2687486	0.0	0.2687486	0.2687486	25.0	10675	1.5448955	0.02895281	1.8362912	1.4405667	-1.5599093	0.004506387	8716.80005478859
428	0.06032458	0.0	0.06032458	0.06032458	25.0	10700	1.5469693	0.033768397	1.9383006	1.4309199	-1.5508784	0.0042561595	8736.231746912003
429	0.026774218	0.0	0.026774218	0.026774218	25.0	10725	1.5458351	0.029009499	1.864967	1.4568989	-1.5526166	0.003754177	8755.586373329163
430	0.56655055	0.0	0.56655055	0.56655055	25.0	10750	1.5450336	0.025922708	1.8389094	1.459748	-1.5523331	0.0032511903	8776.803509235382
431	0.45168447	0.0	0.45168447	0.45168447	25.0	10775	1.5472784	0.028828343	1.7956038	1.4762406	-1.553901	0.004139219	8797.131896972656
432	0.22933637	0.0	0.22933637	0.22933637	25.0	10800	1.5492231	0.03327971	1.9207513	1.4214367	-1.5650506	0.0041410737	8816.783408641815
433	0.38236812	0.0	0.38236812	0.38236812	25.0	10825	1.5481403	0.033577457	1.9084928	1.4680433	-1.5565773	0.0033549946	8836.18987584114
434	0.0	0.0	0.0	0.0	25.0	10850	1.5535175	0.03220961	1.890451	1.4709895	-1.5701456	0.0052503007	8855.620136260986
435	0.07942021	0.0	0.07942021	0.07942021	25.0	10875	1.5522561	0.028450083	1.8019664	1.4438894	-1.5471256	0.0037771496	8875.055523872375
436	0.36906883	0.0	0.36906883	0.36906883	25.0	10900	1.5516429	0.02721204	1.7608876	1.4431046	-1.5619054	0.0041192835	8894.57291483879
437	0.17439124	0.0	0.17439124	0.17439124	25.0	10925	1.557131	0.030937763	1.8006265	1.4447938	-1.578472	0.0039106933	8914.072605609894
438	0.0	0.0	0.0	0.0	25.0	10950	1.5555938	0.026603617	1.8924792	1.4394358	-1.5527816	0.003387658	8933.514173030853
439	0.07543068	0.0	0.07543068	0.07543068	25.0	10975	1.554538	0.033607718	1.8763103	1.4658463	-1.5591416	0.0036992324	8952.802146196365
440	0.26325375	0.0	0.26325375	0.26325375	25.0	11000	1.5572908	0.034323007	1.929699	1.4737676	-1.5741549	0.0040131835	8974.101371765137
441	0.18790591	0.0	0.18790591	0.18790591	25.0	11025	1.5544305	0.028532397	1.8902758	1.4850162	-1.5561509	0.0037536356	8994.333890676498
442	0.0	0.0	0.0	0.0	25.0	11050	1.5483001	0.023873495	1.8748574	1.4807045	-1.5475862	0.0029507347	9013.736845970154
443	0.19561404	0.0	0.19561404	0.19561404	25.0	11075	1.5499579	0.030029243	1.8255407	1.46211	-1.5456661	0.0036285368	9033.045621871948
444	0.42172256	0.0	0.42172256	0.42172256	25.0	11100	1.5490116	0.030099316	1.8503765	1.4710505	-1.5584531	0.0040270635	9052.45895910263
445	0.6194691	0.0	0.6194691	0.6194691	25.0	11125	1.5488776	0.027371721	1.8484491	1.4369539	-1.5459921	0.0039345305	9071.808429479599
446	1.1232537	0.0	1.1232537	1.1232537	25.0	11150	1.5506525	0.030654166	1.8561289	1.4960684	-1.559975	0.0039253943	9091.230723619461
447	0.8540211	0.0	0.8540211	0.8540211	25.0	11175	1.5467547	0.026830984	1.807493	1.4733019	-1.5528836	0.0031180463	9110.512796878815
448	0.5494483	0.0	0.5494483	0.5494483	25.0	11200	1.5503328	0.027419796	1.9335678	1.4748447	-1.5552361	0.0036929317	9129.876325368881
449	0.87217396	0.0	0.87217396	0.87217396	25.0	11225	1.547433	0.027709544	1.8902544	1.4490287	-1.5534286	0.0040806644	9149.33283495903
450	0.6731316	0.0	0.6731316	0.6731316	25.0	11250	1.5486647	0.027178513	1.7298338	1.4403558	-1.5605965	0.004725348	9170.53140616417
451	0.397211	0.0	0.397211	0.397211	25.0	11275	1.5495044	0.0300525	1.8831227	1.4264711	-1.5542793	0.003502341	9190.807369470596
452	0.32232916	0.0	0.32232916	0.32232916	25.0	11300	1.5510237	0.03285906	1.9268851	1.47372	-1.5618166	0.0045339195	9210.258851528168
453	0.6003471	0.0	0.6003471	0.6003471	25.0	11325	1.5438964	0.02350669	1.8540587	1.4515642	-1.5455337	0.0031711394	9229.65725684166
454	0.28969815	0.0	0.28969815	0.28969815	25.0	11350	1.5454817	0.029117404	1.9351298	1.481052	-1.5528762	0.004177198	9249.061846971512
455	1.2087831	0.0	1.2087831	1.2087831	25.0	11375	1.5459697	0.03130754	1.8550128	1.4550121	-1.5468601	0.0038223318	9268.422383069992
456	0.5823864	0.0	0.5823864	0.5823864	25.0	11400	1.5439258	0.0297432	1.9792248	1.4846556	-1.5525076	0.0035437897	9287.778581380844
457	0.22991575	0.0	0.22991575	0.22991575	25.0	11425	1.5463264	0.026796304	1.8550788	1.4246781	-1.5547088	0.003892796	9307.197536945343
458	0.3314319	0.0	0.3314319	0.3314319	25.0	11450	1.5493038	0.02943364	1.827478	1.4746827	-1.5650811	0.004616444	9326.630930662155
459	0.41880202	0.0	0.41880202	0.41880202	25.0	11475	1.5453387	0.026970448	1.7649326	1.4730158	-1.5523729	0.0030486612	9346.051919937134
460	0.5050265	0.0	0.5050265	0.5050265	25.0	11500	1.5498037	0.023668114	1.7560831	1.4525995	-1.5634288	0.003716774	9367.324038028717
461	0.14660606	0.0	0.14660606	0.14660606	25.0	11525	1.5525204	0.030360194	1.9165522	1.4649278	-1.5623183	0.0036463612	9387.630392074585
462	0.38964254	0.0	0.38964254	0.38964254	25.0	11550	1.5518724	0.025530811	1.8330405	1.4640449	-1.5621095	0.003319978	9407.072015285492
463	0.53529686	0.0	0.53529686	0.53529686	25.0	11575	1.5546234	0.03252282	1.9534909	1.4672918	-1.5627182	0.004278074	9426.527854681015
464	0.42164585	0.0	0.42164585	0.42164585	25.0	11600	1.5542634	0.027788956	1.8224585	1.4617313	-1.5589284	0.0035383434	9446.02903008461
465	0.34480366	0.0	0.34480366	0.34480366	25.0	11625	1.5536675	0.028138695	1.7953314	1.4838291	-1.5587615	0.0041588717	9468.593942403793
466	0.1330749	0.0	0.1330749	0.1330749	25.0	11650	1.5538292	0.026081013	1.8169854	1.4874095	-1.560884	0.004708633	9488.017057418823
467	0.84753543	0.0	0.84753543	0.84753543	25.0	11675	1.5521741	0.02428821	1.8411877	1.41648	-1.5648851	0.004044391	9507.372593164444
468	0.062378883	0.0	0.062378883	0.062378883	25.0	11700	1.5492685	0.02953142	1.843241	1.4542049	-1.5513262	0.004277797	9526.747274637222
469	0.05916665	0.0	0.05916665	0.05916665	25.0	11725	1.5481973	0.029057102	1.8570495	1.4560134	-1.5573086	0.004285546	9546.13700556755
470	0.30570492	0.0	0.30570492	0.30570492	25.0	11750	1.5450588	0.031081863	1.834972	1.4799156	-1.5409598	0.004139046	9567.512906074524
471	0.3258939	0.0	0.3258939	0.3258939	25.0	11775	1.5472357	0.025906881	1.8732933	1.4820895	-1.5610255	0.004384791	9587.762064933777
472	0.18435657	0.0	0.18435657	0.18435657	25.0	11800	1.5479239	0.029477702	1.8380151	1.4478561	-1.5441204	0.0035785555	9607.109693288803
473	0.9672992	0.0	0.9672992	0.9672992	25.0	11825	1.5472287	0.030276308	1.9187293	1.4859604	-1.5538275	0.0038958827	9626.385297298431
474	0.876567	0.0	0.876567	0.876567	25.0	11850	1.5463394	0.030946156	1.9420516	1.4816566	-1.5500728	0.003513693	9645.812067508698
475	0.0	0.0	0.0	0.0	25.0	11875	1.5481578	0.030660527	1.8795393	1.4637234	-1.5492741	0.004391374	9665.188900232315
476	0.412276	0.0	0.412276	0.412276	25.0	11900	1.5464748	0.02545893	1.7310925	1.3997753	-1.5564487	0.0035724605	9684.599534273148
477	0.11285254	0.0	0.11285254	0.11285254	25.0	11925	1.5490957	0.02219988	1.7277775	1.4458373	-1.7444922	0.0039147316	9704.044004440308
478	0.31007695	0.0	0.31007695	0.31007695	25.0	11950	1.550672	0.026313953	1.8040452	1.4615958	-1.6237253	0.004140122	9723.466357946396
479	0.37967265	0.0	0.37967265	0.37967265	25.0	11975	1.5529807	0.029666	1.8162947	1.4538426	-1.5304147	0.0060975486	9742.749818086624
480	0.36426935	0.0	0.36426935	0.36426935	25.0	12000	1.548797	0.026271878	1.8320469	1.4595071	-1.535718	0.003767621	9764.126895904541
481	0.1728825	0.0	0.1728825	0.1728825	25.0	12025	1.5595187	0.025738686	1.8742157	1.4688635	-1.5846672	0.005022721	9784.272347211838
482	0.032343972	0.0	0.032343972	0.032343972	25.0	12050	1.5823337	0.02937054	1.8979088	1.5024487	-1.6112297	0.0041509024	9803.625038146973
483	0.49307707	0.0	0.49307707	0.49307707	25.0	12075	1.6329303	0.03628376	1.9357119	1.5337423	-1.6445423	0.0046153986	9822.988822937012
484	0.59253496	0.0	0.59253496	0.59253496	25.0	12100	1.6563793	0.03229793	1.9595692	1.562732	-1.6615835	0.0040548528	9842.43315243721
485	0.13482513	0.0	0.13482513	0.13482513	25.0	12125	1.6681539	0.031651683	2.0206726	1.5614015	-1.689417	0.0043650325	9861.757399320602
486	0.5455666	0.0	0.5455666	0.5455666	25.0	12150	1.6609155	0.033900894	2.030751	1.5580388	-1.6928226	0.0047576507	9881.167560338974
487	0.2237207	0.0	0.2237207	0.2237207	25.0	12175	1.6575335	0.03621854	2.032435	1.5557698	-1.6683677	0.004580778	9900.688506126404
488	1.0224575	0.0	1.0224575	1.0224575	25.0	12200	1.6507164	0.03289141	2.039393	1.5684963	-1.6527643	0.0046850066	9920.146579027176
489	0.27507687	0.0	0.27507687	0.27507687	25.0	12225	1.6522576	0.03479817	1.9985336	1.5348169	-1.6572472	0.0045402832	9939.545865297318
490	0.21344048	0.0	0.21344048	0.21344048	25.0	12250	1.6449884	0.03316113	2.0269234	1.5820332	-1.650675	0.004738087	9960.938339471817
491	0.5029735	0.0	0.5029735	0.5029735	25.0	12275	1.6415793	0.03244037	2.0125945	1.5643257	-1.6562287	0.0049672388	9981.772614479065
492	0.25967747	0.0	0.25967747	0.25967747	25.0	12300	1.6436527	0.035697516	2.0570173	1.4766032	-1.6968006	0.0047264765	10001.242632865906
493	0.9643911	0.0	0.9643911	0.9643911	25.0	12325	1.6433203	0.03282076	2.0603878	1.5105727	-1.6521336	0.0050352053	10020.623102903366
494	0.9389991	0.0	0.9389991	0.9389991	25.0	12350	1.6419166	0.031249182	2.0244532	1.5361458	-1.6541748	0.004638726	10040.213963270187
495	0.32969964	0.0	0.32969964	0.32969964	25.0	12375	1.6411748	0.029698353	1.9446537	1.5645128	-1.7134063	0.0048647686	10059.468591213226
496	0.34198865	0.0	0.34198865	0.34198865	25.0	12400	1.6401082	0.03154959	1.944809	1.5144624	-1.7841578	0.0045917826	10078.815153837204
497	0.4073023	0.0	0.4073023	0.4073023	25.0	12425	1.6439706	0.030075064	2.0173357	1.4672993	-1.6877143	0.004431507	10098.100668430328
498	0.65105754	0.0	0.65105754	0.65105754	25.0	12450	1.6534507	0.027219327	1.9498997	1.5609713	-1.6703229	0.0050538345	10118.427099466324
499	0.21247329	0.0	0.21247329	0.21247329	25.0	12475	1.6702282	0.029795336	1.902588	1.5615551	-1.6968274	0.005008958	10137.791096925735
500	0.4622381	0.0	0.4622381	0.4622381	25.0	12500	1.6919137	0.035452295	2.1658762	1.6295403	-1.7202913	0.0050354106	10159.158189296722
501	0.43447205	0.0	0.43447205	0.43447205	25.0	12525	1.7137562	0.032902658	2.0315368	1.5892115	-1.6999986	0.005352619	10179.399319887161
502	0.12873185	0.0	0.12873185	0.12873185	25.0	12550	1.727858	0.032174397	2.1471138	1.6308504	-1.7845297	0.0048793163	10198.810472726822
503	0.11759939	0.0	0.11759939	0.11759939	25.0	12575	1.7379334	0.037199583	2.121232	1.6434623	-1.7589631	0.004437947	10218.165409088135
504	0.41614208	0.0	0.41614208	0.41614208	25.0	12600	1.7399768	0.031350132	1.9844363	1.6465948	-1.7546108	0.0046375953	10237.560069322586
505	0.3550723	0.0	0.3550723	0.3550723	25.0	12625	1.7456291	0.030249637	2.092195	1.6434561	-1.7494822	0.0047170576	10256.943661928177
506	0.6718225	0.0	0.6718225	0.6718225	25.0	12650	1.7406482	0.03057903	2.0244527	1.6526344	-1.743229	0.0043028085	10276.455242872238
507	0.88919234	0.0	0.88919234	0.88919234	25.0	12675	1.74052	0.0310597	2.0163362	1.6631181	-1.7600756	0.004885637	10296.370036363602
508	0.113507375	0.0	0.113507375	0.113507375	25.0	12700	1.7406715	0.035290953	2.079951	1.6363292	-1.7471601	0.004940935	10315.862220048904
509	0.23154727	0.0	0.23154727	0.23154727	25.0	12725	1.738623	0.029678723	2.0789528	1.6610177	-1.7532915	0.0038655305	10335.198694944382
510	0.6107668	0.0	0.6107668	0.6107668	25.0	12750	1.7411569	0.030357763	2.0272152	1.6495247	-1.7346493	0.004542805	10356.694703102112
511	0.5907332	0.0	0.5907332	0.5907332	25.0	12775	1.7396698	0.027712127	2.0581563	1.6449053	-1.7459884	0.004655159	10377.018256187439
512	0.11155505	0.0	0.11155505	0.11155505	25.0	12800	1.7391351	0.030096686	2.0719535	1.6216435	-1.7439139	0.004092029	10396.485785245895
513	0.54697466	0.0	0.54697466	0.54697466	25.0	12825	1.7352426	0.033423245	2.1440477	1.6535909	-1.7545749	0.0043818816	10415.887871742249
514	0.6567873	0.0	0.6567873	0.6567873	25.0	12850	1.7424507	0.032357436	2.0466871	1.6427529	-1.759824	0.004550382	10435.316679239273
515	0.3313586	0.0	0.3313586	0.3313586	25.0	12875	1.7443472	0.031201968	2.071721	1.6620831	-1.762812	0.0050535803	10454.648646354675
516	0.31024468	0.0	0.31024468	0.31024468	25.0	12900	1.7446309	0.027877597	2.091671	1.6491799	-1.7646849	0.0045739072	10473.914189815521
517	0.35941246	0.0	0.35941246	0.35941246	25.0	12925	1.7485236	0.02654246	1.9616908	1.6236798	-1.7530947	0.005188974	10493.322633504868
518	0.0	0.0	0.0	0.0	25.0	12950	1.7468525	0.028031174	2.0081053	1.6701114	-1.7495967	0.0042140116	10512.759388446808
519	0.39545625	0.0	0.39545625	0.39545625	25.0	12975	1.7470093	0.027465088	2.025116	1.6402005	-1.7645917	0.0042851465	10532.069526910782
520	0.29003423	0.0	0.29003423	0.29003423	25.0	13000	1.7499155	0.029390965	2.155967	1.6708642	-1.7509073	0.004343027	10553.411722421646
521	0.5141172	0.0	0.5141172	0.5141172	25.0	13025	1.7466245	0.026019469	1.995013	1.6759038	-1.7580712	0.0034964937	10573.648421049118
522	0.020512065	0.0	0.020512065	0.020512065	25.0	13050	1.7551215	0.030762	2.0498219	1.6154286	-1.7616522	0.004991314	10593.040597438812
523	1.3727895	0.0	1.3727895	1.3727895	25.0	13075	1.7528541	0.03261723	2.0824966	1.5137011	-1.7704091	0.0034881486	10612.405694246292
524	0.45994827	0.0	0.45994827	0.45994827	25.0	13100	1.7571477	0.02955729	2.1600718	1.6881704	-1.7585379	0.004771782	10631.76586341858
525	0.70097697	0.0	0.70097697	0.70097697	25.0	13125	1.7582015	0.030090969	2.0659428	1.6831986	-1.7686964	0.0046455427	10651.14724779129
526	0.33711916	0.0	0.33711916	0.33711916	25.0	13150	1.760363	0.030477071	2.1605275	1.6472356	-1.7772479	0.0046387	10670.488277435303
527	0.4186109	0.0	0.4186109	0.4186109	25.0	13175	1.7607733	0.026726712	2.1224356	1.6785275	-1.7668016	0.0042512207	10689.91429901123
528	0.0060032415	0.0	0.0060032415	0.0060032415	25.0	13200	1.7639629	0.02671166	2.0161479	1.6816353	-1.7825136	0.0043387194	10709.281834125519
529	0.9335477	0.0	0.9335477	0.9335477	25.0	13225	1.763781	0.029974533	2.0305505	1.6493144	-1.7974468	0.0055597876	10728.667153835297
530	0.21007381	0.0	0.21007381	0.21007381	25.0	13250	1.768451	0.027501076	2.0644042	1.6605564	-1.7850635	0.0047807107	10750.248311281204
531	0.2976911	0.0	0.2976911	0.2976911	25.0	13275	1.7679192	0.029483123	2.1200564	1.5140052	-1.7889019	0.0036647147	10770.516937732697
532	0.31276888	0.0	0.31276888	0.31276888	25.0	13300	1.7716904	0.025782956	2.0688384	1.6611942	-1.782079	0.004320699	10789.944571018219
533	0.7363736	0.0	0.7363736	0.7363736	25.0	13325	1.7761847	0.033497665	2.1866684	1.6875525	-1.7946202	0.0049421033	10809.255635976791
534	0.18504612	0.0	0.18504612	0.18504612	25.0	13350	1.7767923	0.02754779	2.0902965	1.6749916	-1.7905802	0.004302444	10828.69263267517
535	0.7915539	0.0	0.7915539	0.7915539	25.0	13375	1.7789618	0.03105514	2.177691	1.6956598	-1.796411	0.00429664	10848.090828418732
536	0.42050397	0.0	0.42050397	0.42050397	25.0	13400	1.7786157	0.028354017	2.1016188	1.7125089	-1.8032564	0.0039437325	10867.413551568985
537	0.040187564	0.0	0.040187564	0.040187564	25.0	13425	1.7815454	0.030660788	2.1704884	1.6746453	-1.7935364	0.004848104	10886.72211265564
538	0.025773022	0.0	0.025773022	0.025773022	25.0	13450	1.7790483	0.023712326	2.0841718	1.7069	-1.7910999	0.0038617593	10906.177383422852
539	0.48288858	0.0	0.48288858	0.48288858	25.0	13475	1.7791078	0.031005397	2.0900657	1.7007182	-1.7881482	0.00319592	10925.58711218834
540	0.25043795	0.0	0.25043795	0.25043795	25.0	13500	1.7814696	0.025922593	2.042136	1.6814437	-1.7962871	0.004097164	10947.152511358261
541	0.1759661	0.0	0.1759661	0.1759661	25.0	13525	1.787064	0.034247134	2.167739	1.7113807	-1.7979288	0.005010236	10967.003977060318
542	0.45802188	0.0	0.45802188	0.45802188	25.0	13550	1.7813561	0.026880097	2.0554776	1.6967499	-1.7992129	0.0036345923	10986.954046487808
543	0.65020376	0.0	0.65020376	0.65020376	25.0	13575	1.7851399	0.029046118	2.1355743	1.6936564	-1.8010715	0.004915981	11006.263390779495
544	0.4346272	0.0	0.4346272	0.4346272	25.0	13600	1.7834587	0.03128336	2.2987623	1.7061672	-1.7929546	0.0036187468	11025.631271600723
545	0.38064614	0.0	0.38064614	0.38064614	25.0	13625	1.7848135	0.029290646	2.1571546	1.7245829	-1.7852087	0.003971625	11044.998379707336
546	0.37472904	0.0	0.37472904	0.37472904	25.0	13650	1.7892689	0.031604245	2.1811812	1.723253	-1.8049687	0.0048778267	11064.370020866394
547	1.0242308	0.0	1.0242308	1.0242308	25.0	13675	1.7878928	0.036568042	2.1547556	1.5857557	-1.8023865	0.005728092	11083.721400022507
548	0.09977866	0.0	0.09977866	0.09977866	25.0	13700	1.7935404	0.033829868	2.1811197	1.6875559	-1.8031094	0.006537793	11103.095843553543
549	0.112765394	0.0	0.112765394	0.112765394	25.0	13725	1.7940103	0.031894628	2.2763643	1.6853452	-1.8078144	0.004252635	11122.489145040512
550	0.27747798	0.0	0.27747798	0.27747798	25.0	13750	1.788465	0.0319126	2.3254535	1.6876483	-1.805871	0.0040217023	11144.263171434402
551	0.42821103	0.0	0.42821103	0.42821103	25.0	13775	1.7925291	0.031170087	2.10044	1.5806642	-1.8061923	0.003706651	11164.068763494492
552	0.5823735	0.0	0.5823735	0.5823735	25.0	13800	1.7947186	0.027728736	2.0944939	1.7312357	-1.8029344	0.004149141	11184.135693311691
553	0.4595086	0.0	0.4595086	0.4595086	25.0	13825	1.7935193	0.026342718	2.068673	1.7226977	-1.7956862	0.0044088606	11203.543364286423
554	0.48926362	0.0	0.48926362	0.48926362	25.0	13850	1.79599	0.031081622	2.0897946	1.7152343	-1.8084705	0.003467873	11222.95952630043
555	0.2611573	0.0	0.2611573	0.2611573	25.0	13875	1.7976356	0.027281798	2.1278632	1.7280402	-1.8142961	0.004244634	11242.41707777977
556	0.0	0.0	0.0	0.0	25.0	13900	1.7966343	0.03097914	2.215687	1.6606615	-1.8164319	0.0038410714	11261.8003885746
557	0.1342147	0.0	0.1342147	0.1342147	25.0	13925	1.8012875	0.025643405	2.1722357	1.7261537	-1.816819	0.005495712	11281.14214849472
558	0.50837636	0.0	0.50837636	0.50837636	25.0	13950	1.8013327	0.031782992	2.1511042	1.6903852	-1.8089048	0.0047373287	11300.413757562637
559	0.4370997	0.0	0.4370997	0.4370997	25.0	13975	1.8006885	0.030367007	2.2429554	1.668592	-1.815695	0.0040147696	11319.740991353989
560	0.62527555	0.0	0.62527555	0.62527555	25.0	14000	1.8027076	0.031686362	2.1564138	1.7156787	-1.811322	0.0040192357	11341.371560573578
561	0.07526195	0.0	0.07526195	0.07526195	25.0	14025	1.8041724	0.03038585	2.3502884	1.7181481	-1.8080782	0.0041314648	11360.829347133636
562	0.5401969	0.0	0.5401969	0.5401969	25.0	14050	1.8018299	0.030646885	2.1331325	1.7022995	-1.8091002	0.0047182213	11381.174894809723
563	1.9520375	0.0	1.9520375	1.9520375	25.0	14075	1.8029075	0.034168188	2.1764286	1.6926339	-1.8113714	0.0041879974	11400.615147352219
564	0.20055741	0.0	0.20055741	0.20055741	25.0	14100	1.8069056	0.0333514	2.153342	1.6959598	-1.8193239	0.005134883	11420.025427818298
565	0.7054661	0.0	0.7054661	0.7054661	25.0	14125	1.8032789	0.027958876	2.1264296	1.721166	-1.807918	0.0049800975	11439.39868760109
566	0.531805	0.0	0.531805	0.531805	25.0	14150	1.805968	0.026689468	2.058856	1.722479	-1.8151412	0.004441099	11458.752970218658
567	0.13716216	0.0	0.13716216	0.13716216	25.0	14175	1.8043228	0.030028952	2.1380084	1.6997054	-1.820094	0.003894643	11478.165973901749
568	0.16466127	0.0	0.16466127	0.16466127	25.0	14200	1.8091778	0.031651687	2.1176357	1.7079616	-1.8209703	0.004054748	11497.520035028458
569	0.34528926	0.0	0.34528926	0.34528926	25.0	14225	1.8064599	0.024411546	2.0323787	1.6654987	-1.8248395	0.0036335257	11516.96701335907
570	0.32138604	0.0	0.32138604	0.32138604	25.0	14250	1.8138223	0.03159108	2.1168873	1.7214738	-1.8309219	0.0048752967	11538.601689577103
571	0.21521679	0.0	0.21521679	0.21521679	25.0	14275	1.8141763	0.038583416	2.1710906	1.7183206	-1.8385148	0.0052694026	11558.010370492935
572	0.42140028	0.0	0.42140028	0.42140028	25.0	14300	1.8149784	0.033856973	2.191482	1.7403004	-1.8277947	0.0042498945	11578.355161190033
573	0.2500753	0.0	0.2500753	0.2500753	25.0	14325	1.8169965	0.026910221	2.1954856	1.7453787	-1.828368	0.0042420025	11597.734706640244
574	0.7266199	0.0	0.7266199	0.7266199	25.0	14350	1.8181937	0.025998684	2.1122	1.690535	-1.8279816	0.0041851606	11617.208087444305
575	0.34004056	0.0	0.34004056	0.34004056	25.0	14375	1.8203086	0.03160336	2.279126	1.7490836	-1.8454399	0.004082334	11636.619109153748
576	0.10875614	0.0	0.10875614	0.10875614	25.0	14400	1.8195246	0.028449945	2.1669745	1.7223163	-1.8226037	0.0046092533	11656.137195110321
577	0.0	0.0	0.0	0.0	25.0	14425	1.8238508	0.036007684	2.294199	1.7183006	-1.8352423	0.005573051	11675.485736608505
578	0.28680283	0.0	0.28680283	0.28680283	25.0	14450	1.8214829	0.02991638	2.1551735	1.7500856	-1.8284084	0.0050286357	11694.854357481003
579	0.4463413	0.0	0.4463413	0.4463413	25.0	14475	1.8174573	0.029255694	2.1426685	1.7490654	-1.8279195	0.004233828	11714.261340618134
580	0.0	0.0	0.0	0.0	25.0	14500	1.8204864	0.02959637	2.1455426	1.7294842	-1.8226167	0.0038760977	11735.850762367249
581	0.71064067	0.0	0.71064067	0.71064067	25.0	14525	1.8208132	0.02946144	2.1471577	1.7016723	-1.8316579	0.004641667	11755.247856616974
582	0.47299957	0.0	0.47299957	0.47299957	25.0	14550	1.8211083	0.025106765	2.1479428	1.7371471	-1.8292532	0.0038113713	11775.564390659332
583	0.23809831	0.0	0.23809831	0.23809831	25.0	14575	1.8209039	0.03686202	2.3334415	1.7232409	-1.8297137	0.0035336781	11795.064436674118
584	0.24553917	0.0	0.24553917	0.24553917	25.0	14600	1.8235345	0.035400055	2.201123	1.762021	-1.8348069	0.004474349	11814.45130443573
585	0.32413775	0.0	0.32413775	0.32413775	25.0	14625	1.8264985	0.03178178	2.2697535	1.7561755	-1.8342777	0.004580374	11833.893179893494
586	0.9038141	0.0	0.9038141	0.9038141	25.0	14650	1.8224037	0.028357897	2.0385463	1.678191	-1.8317517	0.0035830175	11853.29494190216
587	0.19206116	0.0	0.19206116	0.19206116	25.0	14675	1.8266895	0.028341074	2.069857	1.756535	-1.829864	0.004474638	11872.63319182396
588	1.1010314	0.0	1.1010314	1.1010314	25.0	14700	1.8267512	0.02642897	2.0414264	1.7381711	-1.8422883	0.004148665	11892.00938820839
589	0.13597697	0.0	0.13597697	0.13597697	25.0	14725	1.8257463	0.028877236	2.231536	1.7530473	-1.833732	0.004381736	11911.42214345932
590	0.8720226	0.0	0.8720226	0.8720226	25.0	14750	1.831123	0.0265832	2.0901966	1.7473726	-1.8505417	0.0060360394	11933.050852537155
591	0.21540703	0.0	0.21540703	0.21540703	25.0	14775	1.8287376	0.032109752	2.2386212	1.7302425	-1.8348045	0.0042878776	11952.548316955566
592	0.56680363	0.0	0.56680363	0.56680363	25.0	14800	1.8295472	0.025812143	2.1781635	1.7453171	-1.8426493	0.0036992962	11972.806224822998
593	0.29250318	0.0	0.29250318	0.29250318	25.0	14825	1.8326786	0.033460736	2.2777784	1.6744812	-1.8378102	0.0044963523	11992.196283340454
594	0.61381286	0.0	0.61381286	0.61381286	25.0	14850	1.8333633	0.023235949	2.0905275	1.7365171	-1.8520535	0.005104889	12011.67651629448
595	0.6883935	0.0	0.6883935	0.6883935	25.0	14875	1.8341763	0.030152602	2.180193	1.7681532	-1.8532045	0.0057194787	12031.065836191177
596	0.07696877	0.0	0.07696877	0.07696877	25.0	14900	1.8389688	0.027717935	2.1757483	1.7449563	-1.8503817	0.0053680567	12050.46511054039
597	0.4119151	0.0	0.4119151	0.4119151	25.0	14925	1.8334676	0.027657272	2.1373405	1.7476811	-1.842004	0.003668671	12069.857726097107
598	0.587864	0.0	0.587864	0.587864	25.0	14950	1.8376964	0.03386271	2.2247593	1.7005961	-1.8511963	0.0044486597	12089.169334173203
599	0.30816877	0.0	0.30816877	0.30816877	25.0	14975	1.8379264	0.031035867	2.2123165	1.7660232	-1.8514427	0.004160608	12108.490620851517
600	0.44567913	0.0	0.44567913	0.44567913	25.0	15000	1.8407837	0.03318953	2.194704	1.7519507	-1.8516791	0.00456795	12130.224569559097
601	0.16645527	0.0	0.16645527	0.16645527	25.0	15025	1.8374857	0.027599905	2.2781246	1.7418654	-1.8455826	0.0033952903	12149.70636177063
602	0.35733676	0.0	0.35733676	0.35733676	25.0	15050	1.8418984	0.025632365	2.1348355	1.7262168	-1.8605689	0.0043078084	12170.012318611145
603	0.5922883	0.0	0.5922883	0.5922883	25.0	15075	1.8424338	0.032387488	2.1892424	1.7833886	-1.8540386	0.0044652265	12189.386355400085
604	0.39192745	0.0	0.39192745	0.39192745	25.0	15100	1.842738	0.03324023	2.306697	1.7679577	-1.8528138	0.003705247	12208.796273469925
605	0.86428255	0.0	0.86428255	0.86428255	25.0	15125	1.8440347	0.030582443	2.1966226	1.7485385	-1.8573067	0.004249836	12228.294817686081
606	0.8250411	0.0	0.8250411	0.8250411	25.0	15150	1.8442868	0.027400978	2.169362	1.7547412	-1.8574673	0.0036913943	12247.647701978683
607	0.0	0.0	0.0	0.0	25.0	15175	1.8462986	0.0312905	2.184146	1.758889	-1.8640727	0.0055029215	12266.98384308815
608	0.30533645	0.0	0.30533645	0.30533645	25.0	15200	1.8514708	0.033590935	2.3198442	1.7641602	-1.8608105	0.004589991	12286.342327833176
609	0.38109675	0.0	0.38109675	0.38109675	25.0	15225	1.8478442	0.030548062	2.1733584	1.7892039	-1.8544488	0.0042115124	12305.713222503662
610	0.037628938	0.0	0.037628938	0.037628938	25.0	15250	1.8526223	0.02980893	2.142448	1.747045	-1.8719593	0.0052816276	12327.484369277954
611	0.27312303	0.0	0.27312303	0.27312303	25.0	15275	1.8515494	0.025902087	2.1520176	1.7839651	-1.8602707	0.004219164	12346.92508840561
612	0.0	0.0	0.0	0.0	25.0	15300	1.8577362	0.030372595	2.222557	1.7668756	-1.870721	0.005687001	12367.227787971497
613	0.09586868	0.0	0.09586868	0.09586868	25.0	15325	1.8551315	0.026819319	2.2034452	1.7726178	-1.865195	0.004286671	12386.630679130554
614	0.35343897	0.0	0.35343897	0.35343897	25.0	15350	1.8561417	0.03217751	2.14713	1.712116	-1.8644655	0.0051321173	12406.104659795761
615	0.22354141	0.0	0.22354141	0.22354141	25.0	15375	1.8582495	0.029117806	2.2274783	1.7677972	-1.8702937	0.005228703	12425.569964885712
616	0.25288564	0.0	0.25288564	0.25288564	25.0	15400	1.8589511	0.026649272	2.1532965	1.7967367	-1.8747052	0.0043845195	12445.091048717499
617	0.5829411	0.0	0.5829411	0.5829411	25.0	15425	1.8599933	0.032098487	2.1707478	1.771887	-1.8723135	0.004491663	12464.557949543
618	0.33365318	0.0	0.33365318	0.33365318	25.0	15450	1.8566144	0.031079622	2.4012785	1.770574	-1.8666757	0.003341906	12484.00015282631
619	0.41041264	0.0	0.41041264	0.41041264	25.0	15475	1.8627343	0.029988233	2.2357948	1.7641351	-1.8784938	0.0043000286	12503.396889686584
620	0.61747164	0.0	0.61747164	0.61747164	25.0	15500	1.8602698	0.032203358	2.1644657	1.7712379	-1.872211	0.00540615	12525.41576051712
621	0.0	0.0	0.0	0.0	25.0	15525	1.8616825	0.0298406	2.2963955	1.7526386	-1.8722118	0.0045867837	12544.817115545273
622	0.11033001	0.0	0.11033001	0.11033001	25.0	15550	1.8614817	0.022736646	2.0913358	1.8018752	-1.8730294	0.0034231946	12565.155739307404
623	0.6664498	0.0	0.6664498	0.6664498	25.0	15575	1.8657225	0.025072929	2.117553	1.7698523	-1.8770919	0.0043140575	12584.58051609993
624	0.0	0.0	0.0	0.0	25.0	15600	1.8650413	0.029835602	2.220485	1.7562364	-1.8847684	0.003970349	12603.982007265091
625	0.105749935	0.0	0.105749935	0.105749935	25.0	15625	1.8674649	0.028172355	2.182211	1.7858901	-1.880711	0.0046750265	12623.365002632141
626	0.5413371	0.0	0.5413371	0.5413371	25.0	15650	1.8715509	0.027496707	2.1911273	1.8164642	-1.8841889	0.004721344	12642.759403705597
627	0.09345545	0.0	0.09345545	0.09345545	25.0	15675	1.868959	0.029049085	2.25024	1.7655768	-1.8801558	0.003947103	12662.207378149033
628	0.39862552	0.0	0.39862552	0.39862552	25.0	15700	1.8681555	0.030721093	2.227413	1.7739857	-1.8824393	0.003924545	12681.70575428009
629	0.60483027	0.0	0.60483027	0.60483027	25.0	15725	1.8746053	0.023592217	2.1099005	1.8099828	-1.8917156	0.0042069172	12701.076536417007
630	0.27860135	0.0	0.27860135	0.27860135	25.0	15750	1.8723491	0.026367968	2.2281873	1.7990994	-1.8864539	0.0035443665	12722.805570840836
631	0.34000123	0.0	0.34000123	0.34000123	25.0	15775	1.8754437	0.030653583	2.3244398	1.7011962	-1.8925961	0.0038935405	12742.179455757141
632	0.7754443	0.0	0.7754443	0.7754443	25.0	15800	1.8746549	0.025592592	2.12414	1.7924218	-1.8910617	0.004436338	12762.560574293137
633	0.0	0.0	0.0	0.0	25.0	15825	1.8767593	0.021700164	2.0386248	1.8239789	-1.8891925	0.004210504	12781.994014501572
634	0.14401336	0.0	0.14401336	0.14401336	25.0	15850	1.8803303	0.023866702	2.1769302	1.8175797	-1.8880779	0.0041589183	12801.61458992958
635	0.3042591	0.0	0.3042591	0.3042591	25.0	15875	1.8822092	0.030190287	2.2441564	1.789541	-1.8905771	0.004928837	12821.07123875618
636	0.5667712	0.0	0.5667712	0.5667712	25.0	15900	1.8832707	0.032472122	2.2781873	1.7878543	-1.894257	0.0054927026	12840.567084789276
637	0.09090225	0.0	0.09090225	0.09090225	25.0	15925	1.8794472	0.032780863	2.3938384	1.7970095	-1.8931854	0.0038011977	12859.958744764328
638	0.0	0.0	0.0	0.0	25.0	15950	1.8804702	0.02367376	2.1391041	1.8032986	-1.8881973	0.0034984257	12879.29736828804
