Epoch	AverageEpRet	StdEpRet	MaxEpRet	MinEpRet	EpLen	TotalEnvInteracts	AverageQVals	StdQVals	MaxQVals	MinQVals	LossPi	LossQ	Time
1	0.1544198	0.0	0.1544198	0.1544198	25.0	25	0.006882346	0.059428237	0.24305809	-0.38942504	-0.027815403	0.0030921854	21.87455105781555
2	0.5730158	0.0	0.5730158	0.5730158	25.0	50	0.017244762	0.057642277	0.34474486	-0.27123836	-0.100167505	0.0027293582	41.92301082611084
3	0.99999654	0.0	0.99999654	0.99999654	25.0	75	0.03533719	0.050629348	0.23326069	-0.10483868	-0.20957844	0.0029399565	61.8911669254303
4	0.48848414	0.0	0.48848414	0.48848414	25.0	100	0.051369734	0.05087678	0.30748612	-0.10479389	-0.27389345	0.0013222407	81.85678339004517
5	0.42615807	0.0	0.42615807	0.42615807	25.0	125	0.070810534	0.06894044	0.36772156	-0.080144	-0.096810095	0.003411078	101.94680166244507
6	0.069077976	0.0	0.069077976	0.069077976	25.0	150	0.081807576	0.045204226	0.3436226	-0.021495368	-0.13179308	0.0012659936	121.86186003684998
7	0.124848835	0.0	0.124848835	0.124848835	25.0	175	0.095344335	0.042025752	0.36753237	0.010929994	-0.13506112	0.00083234237	141.86548614501953
8	0.6248536	0.0	0.6248536	0.6248536	25.0	200	0.10348729	0.03959159	0.38433287	0.027123448	-0.17642035	0.0011088119	161.9147174358368
9	0.030317407	0.0	0.030317407	0.030317407	25.0	225	0.11840221	0.04793248	0.39252907	0.02928405	-0.1485902	0.0017865126	181.86381101608276
10	0.09086494	0.0	0.09086494	0.09086494	25.0	250	0.1269025	0.03624522	0.39053345	0.05775153	-0.1581586	0.0011092587	202.33139562606812
11	0.55195916	0.0	0.55195916	0.55195916	25.0	275	0.14243734	0.037757386	0.38857856	0.06488678	-0.22009584	0.0011387017	222.58120155334473
12	0.28519782	0.0	0.28519782	0.28519782	25.0	300	0.15644	0.040341284	0.44513065	0.07474545	-0.17141065	0.0009867166	242.72004008293152
13	0.16608416	0.0	0.16608416	0.16608416	25.0	325	0.17756341	0.03273035	0.45856896	0.113922074	-0.2021332	0.0011316091	262.7004497051239
14	0.16833411	0.0	0.16833411	0.16833411	25.0	350	0.19288166	0.039846517	0.4797795	0.1385556	-0.1915666	0.0009097161	282.77877855300903
15	0.8065251	0.0	0.8065251	0.8065251	25.0	375	0.2006736	0.033767838	0.49601516	0.14975297	-0.20701523	0.0009495454	302.8922791481018
16	0.16637479	0.0	0.16637479	0.16637479	25.0	400	0.20880544	0.030823989	0.5011028	0.15528516	-0.21877472	0.001101553	323.04249358177185
17	0.33623254	0.0	0.33623254	0.33623254	25.0	425	0.21986449	0.033380143	0.5026972	0.15545201	-0.22818832	0.0012161991	343.1721079349518
18	0.0	0.0	0.0	0.0	25.0	450	0.22178778	0.02975476	0.5112805	0.17943782	-0.23031335	0.00082056166	363.3518102169037
19	0.37027022	0.0	0.37027022	0.37027022	25.0	475	0.23179032	0.037478995	0.5229091	0.17058674	-0.24072963	0.0013482969	383.53167486190796
20	0.64863575	0.0	0.64863575	0.64863575	25.0	500	0.23246464	0.0324281	0.5202818	0.17989783	-0.26104155	0.0010523229	404.19278359413147
21	0.46700203	0.0	0.46700203	0.46700203	25.0	525	0.23923697	0.027070897	0.5236005	0.1922481	-0.27556968	0.0016429297	424.61016273498535
22	0.20358062	0.0	0.20358062	0.20358062	25.0	550	0.24643391	0.028415421	0.5231948	0.19407696	-0.28488874	0.0014724773	444.733775138855
23	0.11188241	0.0	0.11188241	0.11188241	25.0	575	0.25251725	0.028492732	0.5366827	0.18777566	-0.288885	0.0017342737	464.9186899662018
24	0.5194918	0.0	0.5194918	0.5194918	25.0	600	0.26073128	0.029790642	0.54322034	0.2123898	-0.28706983	0.0021092952	485.05947732925415
25	0.9493478	0.0	0.9493478	0.9493478	25.0	625	0.26683557	0.030898215	0.5507335	0.21045245	-0.3029276	0.0020075783	505.38785886764526
26	1.2601395	0.0	1.2601395	1.2601395	25.0	650	0.27484092	0.027909854	0.5672373	0.22084752	-0.41212514	0.0016654857	525.6558771133423
27	0.20552796	0.0	0.20552796	0.20552796	25.0	675	0.2793692	0.03639092	0.549123	0.18626286	-0.29834893	0.0023781124	545.8973622322083
28	0.9584291	0.0	0.9584291	0.9584291	25.0	700	0.2894413	0.028307479	0.56336725	0.2110815	-0.32003716	0.0021173079	566.2586829662323
29	0.6586273	0.0	0.6586273	0.6586273	25.0	725	0.29154876	0.02856545	0.5655912	0.23240548	-0.3188517	0.0022960452	586.5008010864258
30	0.92638093	0.0	0.92638093	0.92638093	25.0	750	0.3021596	0.029354265	0.5800597	0.22943395	-0.33184138	0.0023204037	607.3613359928131
31	0.17734016	0.0	0.17734016	0.17734016	25.0	775	0.32977235	0.028264716	0.6031734	0.26809335	-0.3550194	0.0027660253	627.9242858886719
32	0.22239979	0.0	0.22239979	0.22239979	25.0	800	0.35271308	0.027287679	0.60716355	0.29050288	-0.3570794	0.0024918495	648.1004061698914
33	0.38140282	0.0	0.38140282	0.38140282	25.0	825	0.36476883	0.02930586	0.62616277	0.30375847	-0.37687933	0.0023617486	668.2365067005157
34	0.50298613	0.0	0.50298613	0.50298613	25.0	850	0.3662981	0.028501833	0.6401896	0.3095809	-0.37438244	0.0020686863	688.4446632862091
35	0.31857935	0.0	0.31857935	0.31857935	25.0	875	0.36511436	0.026559647	0.6331807	0.30844373	-0.3715	0.002261297	708.750424861908
36	0.058363825	0.0	0.058363825	0.058363825	25.0	900	0.3648169	0.028391954	0.6357251	0.3130849	-0.36993912	0.0019901078	728.9589412212372
37	0.0	0.0	0.0	0.0	25.0	925	0.36948985	0.030206984	0.6469006	0.3105807	-0.37660453	0.002363673	749.1009187698364
38	0.29641283	0.0	0.29641283	0.29641283	25.0	950	0.37546718	0.030953383	0.6624145	0.31739396	-0.3841783	0.0027993133	769.3700075149536
39	0.19902927	0.0	0.19902927	0.19902927	25.0	975	0.37525123	0.027678676	0.67031944	0.31937736	-0.40835965	0.0022623371	789.6031849384308
40	0.47620192	0.0	0.47620192	0.47620192	25.0	1000	0.38324586	0.02747235	0.66670203	0.31087705	-0.38567185	0.0025307485	810.4654021263123
41	0.7112408	0.0	0.7112408	0.7112408	25.0	1025	0.3844201	0.03136308	0.6671306	0.3200841	-0.38525105	0.0024232839	831.0150876045227
42	0.0	0.0	0.0	0.0	25.0	1050	0.389468	0.02954041	0.6631777	0.3250449	-0.4047718	0.002723238	851.1693634986877
43	0.25962663	0.0	0.25962663	0.25962663	25.0	1075	0.3931629	0.028902242	0.7031944	0.3324852	-0.39598033	0.002071269	871.3870098590851
44	0.0	0.0	0.0	0.0	25.0	1100	0.40031648	0.02828299	0.6979043	0.3463789	-0.4026405	0.0022186236	891.6258375644684
45	0.0	0.0	0.0	0.0	25.0	1125	0.40600547	0.028499208	0.68452066	0.3445402	-0.4105581	0.0023593225	911.8827192783356
46	0.38019234	0.0	0.38019234	0.38019234	25.0	1150	0.40377578	0.025757326	0.6986427	0.34252763	-0.4865422	0.0019221323	932.1059429645538
47	0.0	0.0	0.0	0.0	25.0	1175	0.39938232	0.032112602	0.66238564	0.2853486	-0.40052044	0.0028258183	952.374655008316
48	0.78753865	0.0	0.78753865	0.78753865	25.0	1200	0.40670317	0.032970965	0.70829004	0.3115635	-0.46584105	0.0026664843	972.6103401184082
49	0.34184128	0.0	0.34184128	0.34184128	25.0	1225	0.41067514	0.028706908	0.687315	0.3027547	-0.49606887	0.0026023663	992.8793172836304
50	0.06897545	0.0	0.06897545	0.06897545	25.0	1250	0.42659423	0.031235503	0.7622516	0.30361563	-0.46370986	0.0023135259	1013.8438382148743
51	0.3268549	0.0	0.3268549	0.3268549	25.0	1275	0.46324813	0.02813167	0.76220596	0.362157	-0.4684787	0.0021661697	1034.6617765426636
52	0.57681704	0.0	0.57681704	0.57681704	25.0	1300	0.49664074	0.02838656	0.81817144	0.41245717	-0.62108046	0.0020976388	1054.9313383102417
53	0.28243145	0.0	0.28243145	0.28243145	25.0	1325	0.52226925	0.033098027	0.82266974	0.42708087	-0.54776686	0.0022961653	1075.30509018898
54	0.20819856	0.0	0.20819856	0.20819856	25.0	1350	0.56555086	0.030738108	0.9006624	0.4632071	-0.609072	0.0020971447	1095.6614305973053
55	0.17143786	0.0	0.17143786	0.17143786	25.0	1375	0.5967009	0.027105654	0.80571544	0.5119713	-0.6312274	0.0021496157	1115.8799040317535
56	0.34549507	0.0	0.34549507	0.34549507	25.0	1400	0.6140937	0.031260043	0.90454423	0.47111458	-0.6293407	0.002360356	1136.09819149971
57	0.06610788	0.0	0.06610788	0.06610788	25.0	1425	0.6137769	0.025243837	0.82086813	0.51464695	-0.63062984	0.0020598497	1156.2515742778778
58	0.25406986	0.0	0.25406986	0.25406986	25.0	1450	0.6140364	0.025026541	0.9125082	0.5402887	-0.62080526	0.0019796146	1176.5175700187683
59	0.060920026	0.0	0.060920026	0.060920026	25.0	1475	0.6226431	0.028038753	0.92558455	0.55541867	-0.6629078	0.0019947619	1196.788181066513
60	0.38872927	0.0	0.38872927	0.38872927	25.0	1500	0.631057	0.027714415	0.9274909	0.55730057	-0.66844004	0.00191541	1217.7964088916779
61	0.2028539	0.0	0.2028539	0.2028539	25.0	1525	0.6390548	0.024180232	0.91602844	0.57423955	-0.6482899	0.0019402266	1238.3359200954437
62	0.9474626	0.0	0.9474626	0.9474626	25.0	1550	0.65168595	0.028773358	0.93178684	0.5709864	-0.6734947	0.0026285087	1258.476401567459
63	0.0	0.0	0.0	0.0	25.0	1575	0.6605952	0.03156202	0.9265032	0.5860158	-0.75498366	0.0034167785	1278.806060552597
64	0.51718056	0.0	0.51718056	0.51718056	25.0	1600	0.6575999	0.031757165	0.9372031	0.5778403	-0.6737398	0.0032342416	1299.017897605896
65	0.13638307	0.0	0.13638307	0.13638307	25.0	1625	0.6560837	0.029474871	0.91751766	0.5876972	-0.6753054	0.002510249	1319.268991470337
66	0.3596277	0.0	0.3596277	0.3596277	25.0	1650	0.66081095	0.028044883	0.94347596	0.49116793	-0.6688052	0.0020677475	1339.5131583213806
67	0.31158087	0.0	0.31158087	0.31158087	25.0	1675	0.6687396	0.029137332	0.8806004	0.5952609	-0.6746654	0.0023067398	1359.7974956035614
68	0.13161136	0.0	0.13161136	0.13161136	25.0	1700	0.6797976	0.029050615	0.9351694	0.45275193	-0.6824041	0.0028788021	1380.0949141979218
69	1.1267588	0.0	1.1267588	1.1267588	25.0	1725	0.6905231	0.028689422	0.95167327	0.6112395	-0.70906496	0.00254206	1400.3620047569275
70	1.8349476	0.0	1.8349476	1.8349476	25.0	1750	0.70527107	0.024928732	0.9412424	0.6301769	-0.7188157	0.0023354355	1421.538281917572
71	0.0038244717	0.0	0.0038244717	0.0038244717	25.0	1775	0.71517366	0.0277893	1.0051072	0.6417557	-0.732547	0.0036265587	1442.2548904418945
72	0.16978763	0.0	0.16978763	0.16978763	25.0	1800	0.71659833	0.026926462	0.9356346	0.6492032	-0.72726464	0.0023967854	1462.5792634487152
73	0.1901207	0.0	0.1901207	0.1901207	25.0	1825	0.7264387	0.03118239	1.0644692	0.6570457	-0.73480874	0.002622892	1482.9909627437592
74	0.48329324	0.0	0.48329324	0.48329324	25.0	1850	0.7271808	0.029998526	1.0392294	0.6575778	-0.73364234	0.0024216194	1503.4107768535614
75	0.63649815	0.0	0.63649815	0.63649815	25.0	1875	0.7317354	0.03380126	1.0540667	0.6668987	-0.7433518	0.0032194871	1523.7286067008972
76	0.07295014	0.0	0.07295014	0.07295014	25.0	1900	0.7323428	0.038516846	1.2224624	0.6485794	-0.7457	0.0029352773	1544.1770091056824
77	0.236641	0.0	0.236641	0.236641	25.0	1925	0.73452497	0.03598285	1.2129958	0.62399733	-0.80517924	0.0030049493	1564.4407320022583
78	0.07921078	0.0	0.07921078	0.07921078	25.0	1950	0.73662955	0.03962364	1.3112024	0.6638695	-0.83986366	0.0023498752	1584.8815610408783
79	0.6294952	0.0	0.6294952	0.6294952	25.0	1975	0.7411286	0.04865931	1.4654276	0.59046817	-0.8342639	0.004622592	1605.2003688812256
80	0.3310586	0.0	0.3310586	0.3310586	25.0	2000	0.7421017	0.040216345	1.0704978	0.6625156	-0.8292857	0.004469726	1626.286574602127
81	0.18379065	0.0	0.18379065	0.18379065	25.0	2025	0.7359245	0.040985167	1.0630344	0.51360846	-0.7824577	0.003497226	1647.2831943035126
82	0.43000048	0.0	0.43000048	0.43000048	25.0	2050	0.76705915	0.038237587	1.4078327	0.4962194	-0.82426053	0.0044799694	1667.7568752765656
83	0.29177338	0.0	0.29177338	0.29177338	25.0	2075	0.7808618	0.036125146	1.0957079	0.6978861	-0.7928807	0.003524841	1688.170527935028
84	0.5260547	0.0	0.5260547	0.5260547	25.0	2100	0.8276062	0.034756374	1.1821448	0.7391131	-0.8518255	0.002429906	1708.7439172267914
85	0.46971264	0.0	0.46971264	0.46971264	25.0	2125	0.8759619	0.040488042	1.5913749	0.7422776	-0.90613365	0.003327014	1729.0864930152893
86	0.23581547	0.0	0.23581547	0.23581547	25.0	2150	0.91926825	0.035339523	1.2044922	0.8080182	-0.96423155	0.0034846247	1749.2221071720123
87	0.5427291	0.0	0.5427291	0.5427291	25.0	2175	0.9702046	0.03627416	1.2877758	0.864787	-1.2954688	0.0029075749	1769.5663194656372
88	0.7990059	0.0	0.7990059	0.7990059	25.0	2200	1.0288104	0.053604357	1.8740673	0.89181113	-1.3053263	0.002395601	1789.882997751236
89	0.34507903	0.0	0.34507903	0.34507903	25.0	2225	1.0996912	0.042679958	1.8741622	0.930115	-1.1628051	0.0034129058	1810.4074993133545
90	0.008085374	0.0	0.008085374	0.008085374	25.0	2250	1.1649518	0.03837185	1.4878123	1.0001305	-1.2153624	0.0030616822	1831.4908120632172
91	0.22142896	0.0	0.22142896	0.22142896	25.0	2275	1.2161313	0.038712133	1.614841	1.0935557	-1.2333736	0.004451421	1852.4708859920502
92	0.4575011	0.0	0.4575011	0.4575011	25.0	2300	1.2301155	0.056463454	2.1621459	1.0971029	-1.2533634	0.0035826617	1872.8634004592896
93	1.3222016	0.0	1.3222016	1.3222016	25.0	2325	1.2425029	0.03480359	1.5211982	1.1399478	-1.2736177	0.0035640213	1893.2934350967407
94	0.07440342	0.0	0.07440342	0.07440342	25.0	2350	1.2498422	0.0362446	1.42363	1.1129651	-1.3580779	0.0031969813	1913.7334659099579
95	0.7072325	0.0	0.7072325	0.7072325	25.0	2375	1.2680173	0.04550835	2.0030117	1.1303015	-1.3872583	0.006039439	1934.1649305820465
96	0.2991688	0.0	0.2991688	0.2991688	25.0	2400	1.2779804	0.03655708	1.532016	1.1465027	-1.3734742	0.0038637987	1954.5676345825195
97	0.293353	0.0	0.293353	0.293353	25.0	2425	1.2853421	0.042007983	1.6276398	1.139284	-1.3878539	0.0035890513	1974.8767261505127
98	0.68454486	0.0	0.68454486	0.68454486	25.0	2450	1.2959878	0.043204524	1.6896548	1.1640074	-1.3182724	0.0047377557	1995.2963480949402
99	0.7586164	0.0	0.7586164	0.7586164	25.0	2475	1.3124454	0.037799977	1.5419197	1.1581568	-1.3421488	0.0049790298	2015.7149126529694
100	0.10074706	0.0	0.10074706	0.10074706	25.0	2500	1.3233114	0.040632464	1.7334969	1.2013047	-1.3356764	0.0042560208	2036.9185013771057
101	0.8359047	0.0	0.8359047	0.8359047	25.0	2525	1.3331528	0.042701274	1.7207272	1.1805185	-1.3666708	0.0049068443	2057.693633556366
102	0.09178137	0.0	0.09178137	0.09178137	25.0	2550	1.337427	0.043522187	1.7992572	1.0776837	-1.3703253	0.004745785	2078.37135720253
103	0.7391983	0.0	0.7391983	0.7391983	25.0	2575	1.3378398	0.04748641	2.3739588	1.2043192	-1.354394	0.00454252	2098.7829415798187
104	0.0	0.0	0.0	0.0	25.0	2600	1.3479359	0.040748265	1.7996109	1.153714	-1.3743935	0.0042330823	2119.84374499321
105	0.39435962	0.0	0.39435962	0.39435962	25.0	2625	1.3433095	0.042133898	1.7152562	1.1732695	-1.361089	0.0036482313	2140.166046142578
106	0.057142876	0.0	0.057142876	0.057142876	25.0	2650	1.3511646	0.053688575	2.3105545	1.1842937	-1.3728992	0.0046815476	2160.4712438583374
107	0.49976996	0.0	0.49976996	0.49976996	25.0	2675	1.3514922	0.042479478	2.337857	1.2682043	-1.3776267	0.0032604442	2180.872673034668
108	0.3346759	0.0	0.3346759	0.3346759	25.0	2700	1.3524226	0.046989482	2.3078594	1.2267699	-1.368381	0.004740077	2201.2667722702026
109	0.2673345	0.0	0.2673345	0.2673345	25.0	2725	1.350646	0.03468809	1.6842613	1.2444665	-1.3634855	0.004094681	2221.711785554886
110	0.41161293	0.0	0.41161293	0.41161293	25.0	2750	1.3519609	0.032974377	1.6597662	1.2646848	-1.370176	0.0034217113	2242.8771069049835
111	0.2787977	0.0	0.2787977	0.2787977	25.0	2775	1.3571571	0.035999894	1.7067357	1.2684486	-1.3719723	0.0049233087	2263.315111398697
112	0.43327004	0.0	0.43327004	0.43327004	25.0	2800	1.3625277	0.059166886	2.4233134	1.222029	-1.3725731	0.005625292	2283.856520175934
113	0.048697285	0.0	0.048697285	0.048697285	25.0	2825	1.358589	0.04416222	2.4055672	1.2548267	-1.3834301	0.0045403466	2304.3040540218353
114	0.46811464	0.0	0.46811464	0.46811464	25.0	2850	1.3585831	0.0353821	1.7166266	1.2793527	-1.3744942	0.0034335374	2324.6318769454956
115	0.5057269	0.0	0.5057269	0.5057269	25.0	2875	1.364502	0.04509432	2.395528	1.211338	-1.388378	0.0035974935	2344.9925408363342
116	0.13869843	0.0	0.13869843	0.13869843	25.0	2900	1.3662632	0.059772786	2.3642094	1.2771559	-1.3769896	0.0037353921	2365.256675004959
117	0.012991866	0.0	0.012991866	0.012991866	25.0	2925	1.366764	0.03726735	1.7349622	1.2261344	-1.3836737	0.004461443	2385.6467163562775
118	1.0709321	0.0	1.0709321	1.0709321	25.0	2950	1.3669978	0.044339873	2.406647	1.2642908	-1.3881428	0.0031815423	2406.0481100082397
119	0.19004612	0.0	0.19004612	0.19004612	25.0	2975	1.3710049	0.050542966	1.7955226	1.2450097	-1.3842406	0.0049620215	2426.4337582588196
120	0.32046655	0.0	0.32046655	0.32046655	25.0	3000	1.3695531	0.049421746	2.3342216	1.2767699	-1.3913302	0.004027336	2447.583557367325
121	0.20017874	0.0	0.20017874	0.20017874	25.0	3025	1.3769144	0.040330842	1.7602739	1.2680622	-1.3880092	0.0051309406	2467.9656558036804
122	0.34618357	0.0	0.34618357	0.34618357	25.0	3050	1.3763248	0.041965652	2.441772	1.2740636	-1.3886753	0.00376175	2488.673050880432
123	1.0996857	0.0	1.0996857	1.0996857	25.0	3075	1.3834723	0.04530991	2.4417589	1.3001678	-1.4004458	0.0059459275	2509.258810043335
124	0.4688956	0.0	0.4688956	0.4688956	25.0	3100	1.3838865	0.054518253	2.492103	1.1800945	-1.4062448	0.0042406847	2529.774604320526
125	0.22974245	0.0	0.22974245	0.22974245	25.0	3125	1.3879256	0.03399749	1.8124754	1.2874478	-1.403354	0.0042935875	2550.2024071216583
126	0.11544126	0.0	0.11544126	0.11544126	25.0	3150	1.3871058	0.03908788	1.8276888	1.011223	-1.4043045	0.0046105934	2570.6366419792175
127	0.14184047	0.0	0.14184047	0.14184047	25.0	3175	1.3908082	0.049860403	2.5880346	1.2160177	-1.3960513	0.004890751	2591.1076831817627
128	0.06389299	0.0	0.06389299	0.06389299	25.0	3200	1.385624	0.033973355	1.8194834	1.2921445	-1.4057264	0.0033695656	2611.580955505371
129	0.22071768	0.0	0.22071768	0.22071768	25.0	3225	1.3971875	0.046274163	2.5199604	1.2661426	-1.4110872	0.0056317197	2631.936911582947
130	0.33517423	0.0	0.33517423	0.33517423	25.0	3250	1.3942474	0.039417762	1.897188	1.3068193	-1.4029785	0.0038614743	2653.2304792404175
131	0.59496045	0.0	0.59496045	0.59496045	25.0	3275	1.3951951	0.03224403	1.789117	1.301898	-1.4063995	0.005040752	2673.6526646614075
132	0.20550959	0.0	0.20550959	0.20550959	25.0	3300	1.3955137	0.044013113	2.5317926	1.3043495	-1.4090276	0.0041945763	2694.362949848175
133	0.08537089	0.0	0.08537089	0.08537089	25.0	3325	1.3992504	0.032321114	1.8199725	1.3059921	-1.414176	0.003974023	2714.7058742046356
134	0.0	0.0	0.0	0.0	25.0	3350	1.3960617	0.034236938	1.8673944	1.3315474	-1.412553	0.0032935021	2734.9601798057556
135	0.03615342	0.0	0.03615342	0.03615342	25.0	3375	1.4067105	0.039529987	1.9158232	1.3106852	-1.4232972	0.0051939953	2755.2633051872253
136	0.023616523	0.0	0.023616523	0.023616523	25.0	3400	1.399988	0.03934134	1.8428571	1.3095957	-1.4097444	0.0035718489	2775.716564178467
137	0.014123784	0.0	0.014123784	0.014123784	25.0	3425	1.3988696	0.03692606	1.8701401	1.3070595	-1.4107158	0.0032380864	2796.09393453598
138	0.23034725	0.0	0.23034725	0.23034725	25.0	3450	1.4041693	0.038484942	1.8490964	1.3288414	-1.4208752	0.0032939152	2816.460997104645
139	0.035909105	0.0	0.035909105	0.035909105	25.0	3475	1.4052587	0.043508735	2.5294452	1.3338646	-1.420166	0.0034901353	2836.7390236854553
140	0.44838473	0.0	0.44838473	0.44838473	25.0	3500	1.4046866	0.034910586	1.8500587	1.3164523	-1.4156785	0.0031133145	2857.9398415088654
141	0.53724223	0.0	0.53724223	0.53724223	25.0	3525	1.4065329	0.041369554	2.4801495	1.3351356	-1.4196461	0.0028411234	2878.442128419876
142	0.0	0.0	0.0	0.0	25.0	3550	1.4091333	0.034606315	1.9070483	1.3242102	-1.4263587	0.0040958123	2899.214988708496
143	0.036687188	0.0	0.036687188	0.036687188	25.0	3575	1.4114016	0.03768725	1.8197613	1.2872958	-1.4214227	0.0038138153	2919.564838409424
144	0.41803223	0.0	0.41803223	0.41803223	25.0	3600	1.4108196	0.033103447	1.8202546	1.3251859	-1.4300363	0.0043856595	2940.0084636211395
145	0.43232113	0.0	0.43232113	0.43232113	25.0	3625	1.4170548	0.049326777	2.5403216	1.3111058	-1.4285054	0.004980615	2960.3865115642548
146	0.1258677	0.0	0.1258677	0.1258677	25.0	3650	1.4185241	0.03782616	1.8711	1.3266609	-1.4319713	0.0050758477	2980.9571118354797
147	0.11954786	0.0	0.11954786	0.11954786	25.0	3675	1.4154545	0.04851488	2.5254474	1.2914304	-1.4348568	0.0040840395	3001.344812631607
148	0.0	0.0	0.0	0.0	25.0	3700	1.4197159	0.0527409	2.5269148	1.3302802	-1.4269682	0.0039727096	3021.720850944519
149	0.38692608	0.0	0.38692608	0.38692608	25.0	3725	1.4173791	0.029911159	1.6765393	1.341543	-1.4258122	0.0042437674	3042.178281068802
150	0.15439467	0.0	0.15439467	0.15439467	25.0	3750	1.4210011	0.0352725	1.8289372	1.3241236	-1.4303993	0.0037776518	3063.5067834854126
151	0.22951356	0.0	0.22951356	0.22951356	25.0	3775	1.4208634	0.03091418	1.7487047	1.3460504	-1.4354843	0.0035838014	3084.01731467247
152	0.50740254	0.0	0.50740254	0.50740254	25.0	3800	1.4228597	0.034939427	1.6534251	1.331112	-1.4292362	0.0035098058	3104.8029391765594
153	0.4701666	0.0	0.4701666	0.4701666	25.0	3825	1.4249057	0.045860603	2.4119408	1.3425403	-1.4316219	0.0046707904	3125.2864105701447
154	0.20287694	0.0	0.20287694	0.20287694	25.0	3850	1.4248585	0.03258958	1.8728015	1.3117003	-1.4347893	0.004587089	3145.7302899360657
155	0.23910245	0.0	0.23910245	0.23910245	25.0	3875	1.4261252	0.04406702	2.47445	1.2627348	-1.4377604	0.0041915886	3166.1479556560516
156	0.57403237	0.0	0.57403237	0.57403237	25.0	3900	1.4256034	0.05160839	2.489431	1.3437095	-1.437535	0.0036162287	3186.588632583618
157	0.9824374	0.0	0.9824374	0.9824374	25.0	3925	1.4276544	0.030627286	1.7202595	1.3276153	-1.4396509	0.0043242318	3207.0966198444366
158	0.20460649	0.0	0.20460649	0.20460649	25.0	3950	1.4323125	0.037855946	1.9580449	1.3455472	-1.4400821	0.004682782	3227.440076828003
159	0.36373377	0.0	0.36373377	0.36373377	25.0	3975	1.424904	0.03502423	1.8745694	1.3318543	-1.4382743	0.00327223	3250.879537820816
160	0.61769193	0.0	0.61769193	0.61769193	25.0	4000	1.4293532	0.0355885	1.8775872	1.3391137	-1.4434239	0.00410215	3272.166942834854
161	0.46955335	0.0	0.46955335	0.46955335	25.0	4025	1.4355056	0.0551221	2.540938	1.3439311	-1.4455165	0.005292258	3292.678752183914
162	0.20816931	0.0	0.20816931	0.20816931	25.0	4050	1.4342904	0.039385825	1.9731838	1.3527454	-1.4462014	0.005185095	3313.4799785614014
163	0.3278448	0.0	0.3278448	0.3278448	25.0	4075	1.4361823	0.045193564	2.1093137	1.3456634	-1.4441445	0.004772791	3333.9079637527466
164	0.42037246	0.0	0.42037246	0.42037246	25.0	4100	1.4375653	0.051743444	2.7988985	1.3495396	-1.4534837	0.005214815	3354.437961578369
165	0.6378664	0.0	0.6378664	0.6378664	25.0	4125	1.4397277	0.05011528	2.1963198	1.3372601	-1.4498537	0.004208052	3374.915672302246
166	0.14272438	0.0	0.14272438	0.14272438	25.0	4150	1.4395245	0.03475109	2.126174	1.2750067	-1.4573069	0.0041496297	3395.19198513031
167	0.030270338	0.0	0.030270338	0.030270338	25.0	4175	1.4393151	0.032966454	1.7347679	1.3452905	-1.4639229	0.0037256167	3416.007266998291
168	1.0335307	0.0	1.0335307	1.0335307	25.0	4200	1.4427816	0.051007334	2.8259127	1.3664236	-1.4821695	0.0035717278	3436.4788823127747
169	0.23680438	0.0	0.23680438	0.23680438	25.0	4225	1.441911	0.048256718	2.7574599	1.3557677	-1.48952	0.0044461954	3456.8261380195618
170	0.97857636	0.0	0.97857636	0.97857636	25.0	4250	1.4405655	0.034255136	1.8349178	1.344499	-1.476726	0.0030475631	3478.465192079544
171	0.90753734	0.0	0.90753734	0.90753734	25.0	4275	1.4446068	0.034117498	2.032102	1.1501125	-1.4684681	0.0037986317	3498.998802423477
172	0.42845744	0.0	0.42845744	0.42845744	25.0	4300	1.4416604	0.03499766	1.8624234	1.3606725	-1.4510792	0.0033513736	3519.8076157569885
173	0.86951935	0.0	0.86951935	0.86951935	25.0	4325	1.4493402	0.04252691	2.518079	1.3682429	-1.4790535	0.004399594	3540.386615037918
174	0.22669291	0.0	0.22669291	0.22669291	25.0	4350	1.4476984	0.045006216	2.6418288	1.3641118	-1.472522	0.0021554925	3560.800228834152
175	0.6418891	0.0	0.6418891	0.6418891	25.0	4375	1.4563981	0.0347057	1.8670918	1.3716481	-1.4994398	0.0043796166	3581.274491786957
176	0.32677528	0.0	0.32677528	0.32677528	25.0	4400	1.46393	0.03751285	1.9429243	1.3709041	-1.5013623	0.0052347872	3601.663253068924
177	0.97254294	0.0	0.97254294	0.97254294	25.0	4425	1.4694545	0.036621988	2.0439446	1.3839225	-1.5149502	0.0054280735	3622.0323119163513
178	0.91039294	0.0	0.91039294	0.91039294	25.0	4450	1.4767528	0.048263997	2.7520294	1.3769673	-1.5272995	0.004638974	3642.437247276306
179	0.8738886	0.0	0.8738886	0.8738886	25.0	4475	1.481894	0.042181026	1.9172802	1.3797837	-1.5309403	0.0057697017	3662.7649669647217
180	0.1678148	0.0	0.1678148	0.1678148	25.0	4500	1.4837936	0.033406623	1.9058166	1.4077942	-1.5200756	0.0042693852	3684.022208213806
181	0.0	0.0	0.0	0.0	25.0	4525	1.4912761	0.041772142	2.073659	1.384649	-1.5218298	0.0041581728	3704.4450438022614
182	0.20376825	0.0	0.20376825	0.20376825	25.0	4550	1.4941554	0.033219278	1.9690233	1.422019	-1.5077115	0.0029620351	3725.202297925949
183	0.0	0.0	0.0	0.0	25.0	4575	1.5029407	0.044255633	2.7067864	1.3838073	-1.5351882	0.003790072	3745.4594118595123
184	0.31658432	0.0	0.31658432	0.31658432	25.0	4600	1.5045565	0.03539397	1.9664259	1.4211656	-1.5366062	0.0043710703	3765.711844444275
185	0.57417715	0.0	0.57417715	0.57417715	25.0	4625	1.5120401	0.0488125	2.6529794	1.4357299	-1.5461252	0.0049793962	3786.1302783489227
186	0.3209578	0.0	0.3209578	0.3209578	25.0	4650	1.5135338	0.031326108	1.9223312	1.4373853	-1.54561	0.0041063046	3806.475737094879
187	0.06607839	0.0	0.06607839	0.06607839	25.0	4675	1.515838	0.04276795	2.5946162	1.4135635	-1.684699	0.0034867423	3826.8265500068665
188	0.82996386	0.0	0.82996386	0.82996386	25.0	4700	1.5239371	0.033898786	1.8786048	1.4054357	-1.6204697	0.005630868	3847.18119931221
189	0.9035261	0.0	0.9035261	0.9035261	25.0	4725	1.5316865	0.042828783	2.5823143	1.4196228	-1.5669696	0.004906064	3867.6277027130127
190	0.0	0.0	0.0	0.0	25.0	4750	1.5356784	0.034150347	1.8461628	1.4433681	-1.557917	0.003928216	3889.075076818466
191	0.25762063	0.0	0.25762063	0.25762063	25.0	4775	1.5476145	0.031055186	1.7970513	1.4541539	-1.5435895	0.0041687046	3909.5517303943634
192	0.37949383	0.0	0.37949383	0.37949383	25.0	4800	1.5870225	0.035950124	2.1564913	1.502386	-1.7448795	0.003851385	3930.4097509384155
193	0.11840869	0.0	0.11840869	0.11840869	25.0	4825	1.6222922	0.04065581	2.1301975	1.5424708	-1.9100204	0.004629358	3950.755231142044
194	0.20476456	0.0	0.20476456	0.20476456	25.0	4850	1.6369159	0.062226236	2.760901	1.5016243	-1.8866496	0.005118911	3971.0545058250427
195	0.38932705	0.0	0.38932705	0.38932705	25.0	4875	1.641232	0.0481813	2.7014158	1.4718013	-1.7366081	0.0042213155	3991.359671831131
196	0.48766577	0.0	0.48766577	0.48766577	25.0	4900	1.6476321	0.034462932	2.1782756	1.4914798	-1.7790954	0.0034903104	4011.7617330551147
197	0.24262638	0.0	0.24262638	0.24262638	25.0	4925	1.6733214	0.038141105	1.9590557	1.4824992	-1.9011842	0.004727549	4032.1523694992065
198	0.24234103	0.0	0.24234103	0.24234103	25.0	4950	1.6941756	0.039255463	2.1531436	1.4845358	-1.7275223	0.0037216824	4052.4353234767914
199	0.50074935	0.0	0.50074935	0.50074935	25.0	4975	1.7315574	0.045344483	2.3624678	1.4985137	-1.743313	0.005112178	4072.764479160309
200	0.19923535	0.0	0.19923535	0.19923535	25.0	5000	1.760037	0.044010673	2.4073973	1.615389	-1.7849672	0.005359826	4094.5198378562927
201	0.13260996	0.0	0.13260996	0.13260996	25.0	5025	1.7911782	0.039298967	2.0968723	1.6503435	-1.8230761	0.0046444917	4114.9121289253235
202	0.15935211	0.0	0.15935211	0.15935211	25.0	5050	1.8114728	0.057032112	3.0779243	1.6264536	-1.8410101	0.0040145926	4135.703897953033
203	0.47980326	0.0	0.47980326	0.47980326	25.0	5075	1.811947	0.035924412	2.2797415	1.5136399	-1.8315978	0.0036296481	4155.907141447067
204	0.8334425	0.0	0.8334425	0.8334425	25.0	5100	1.8118857	0.03769323	2.3269925	1.6526244	-1.846492	0.002877132	4176.211911916733
205	1.4312422	0.0	1.4312422	1.4312422	25.0	5125	1.8323271	0.052851196	3.0093377	1.7110159	-1.8779684	0.0036422343	4196.517852783203
206	0.11964656	0.0	0.11964656	0.11964656	25.0	5150	1.8424976	0.039878365	2.4582357	1.7552574	-1.8436494	0.0037026117	4216.929070472717
207	0.43309334	0.0	0.43309334	0.43309334	25.0	5175	1.8507265	0.041390605	2.5913444	1.7438799	-1.8726268	0.0038316296	4237.201632976532
208	0.579484	0.0	0.579484	0.579484	25.0	5200	1.8539472	0.041246194	2.5473363	1.739856	-1.8867704	0.0037027246	4257.548008441925
209	0.3467869	0.0	0.3467869	0.3467869	25.0	5225	1.8575735	0.03663045	2.3415117	1.6461922	-1.8954538	0.003711442	4277.911338567734
210	0.5879902	0.0	0.5879902	0.5879902	25.0	5250	1.8664098	0.05474653	3.1525326	1.7074763	-1.8854852	0.00467926	4299.550583362579
211	0.0	0.0	0.0	0.0	25.0	5275	1.8607172	0.037687313	2.5147414	1.7496648	-1.9114461	0.003316928	4319.890242099762
212	0.13783452	0.0	0.13783452	0.13783452	25.0	5300	1.8628501	0.04310193	3.0122933	1.7032729	-1.8887366	0.003408415	4340.284358739853
213	0.32962218	0.0	0.32962218	0.32962218	25.0	5325	1.8593057	0.033028696	2.1868694	1.7462342	-1.8899876	0.0026840079	4361.0528774261475
214	0.20219785	0.0	0.20219785	0.20219785	25.0	5350	1.8580656	0.032850064	2.2014546	1.7238683	-1.8874524	0.0033156658	4381.383258104324
215	0.33676565	0.0	0.33676565	0.33676565	25.0	5375	1.8580278	0.0460965	2.8886182	1.7470706	-1.8777782	0.0034435065	4401.68619966507
216	1.5786331	0.0	1.5786331	1.5786331	25.0	5400	1.8545041	0.044314563	2.938299	1.7739432	-1.8896472	0.004025565	4422.098916769028
217	0.58968216	0.0	0.58968216	0.58968216	25.0	5425	1.8536361	0.0318008	2.1909926	1.7502669	-1.8802598	0.0035166794	4442.5789840221405
218	0.14198206	0.0	0.14198206	0.14198206	25.0	5450	1.8564932	0.0330145	2.1205907	1.7433021	-1.876687	0.003869553	4463.130318641663
219	0.7854921	0.0	0.7854921	0.7854921	25.0	5475	1.8577417	0.038802408	2.8329995	1.7516716	-1.8875656	0.0034953533	4483.573675870895
220	0.3546801	0.0	0.3546801	0.3546801	25.0	5500	1.8619504	0.04470489	2.8554764	1.7703382	-1.8890483	0.0042688227	4505.243541955948
221	0.12669446	0.0	0.12669446	0.12669446	25.0	5525	1.8617716	0.041592054	2.7844017	1.6635001	-1.8772447	0.003686858	4525.6044635772705
222	0.59852743	0.0	0.59852743	0.59852743	25.0	5550	1.8623577	0.037245713	2.2445986	1.6718683	-1.890266	0.0033056256	4545.945042133331
223	0.060862433	0.0	0.060862433	0.060862433	25.0	5575	1.8684931	0.041196708	2.8033278	1.7537771	-1.8966362	0.0038341356	4566.8075840473175
224	0.29786906	0.0	0.29786906	0.29786906	25.0	5600	1.8726568	0.05545578	2.9220548	1.7467246	-1.9013684	0.0040873075	4587.2569670677185
225	0.2927429	0.0	0.2927429	0.2927429	25.0	5625	1.8736546	0.035961125	2.5293806	1.7563536	-1.8885984	0.003749539	4607.717219114304
226	0.4408864	0.0	0.4408864	0.4408864	25.0	5650	1.8752494	0.042581204	2.832761	1.7509629	-1.9050887	0.00363955	4628.201437473297
227	0.0	0.0	0.0	0.0	25.0	5675	1.8753533	0.036157105	2.5406227	1.6907622	-1.8970107	0.003161076	4648.560440540314
228	0.79637676	0.0	0.79637676	0.79637676	25.0	5700	1.8818669	0.048183642	2.897592	1.7988204	-1.8944855	0.0033349248	4668.909583806992
229	0.0	0.0	0.0	0.0	25.0	5725	1.8837891	0.030907227	2.3230736	1.793333	-1.9164734	0.0034632683	4689.324008226395
230	0.46134955	0.0	0.46134955	0.46134955	25.0	5750	1.8843704	0.03379216	2.3099139	1.7619351	-1.911104	0.0031435213	4710.847637176514
231	0.34834272	0.0	0.34834272	0.34834272	25.0	5775	1.8912641	0.0333634	2.3242145	1.8076098	-1.9018208	0.0043278406	4731.197306632996
232	0.89769197	0.0	0.89769197	0.89769197	25.0	5800	1.8917499	0.03889549	2.3010497	1.7912846	-1.9200656	0.0043329583	4751.566910028458
233	0.20214915	0.0	0.20214915	0.20214915	25.0	5825	1.8959401	0.0396683	2.5074475	1.7958058	-1.9207457	0.0035538522	4772.32981300354
234	0.0	0.0	0.0	0.0	25.0	5850	1.8953437	0.040109903	2.628407	1.4179108	-1.9212694	0.0033802376	4792.771174907684
235	0.99227595	0.0	0.99227595	0.99227595	25.0	5875	1.8945801	0.03216824	2.4497697	1.804432	-1.915537	0.0029772455	4813.526011943817
236	0.52318996	0.0	0.52318996	0.52318996	25.0	5900	1.901707	0.047295555	2.9977179	1.7296491	-1.9400405	0.003593346	4833.9498817920685
237	0.61142933	0.0	0.61142933	0.61142933	25.0	5925	1.9023454	0.030527133	2.229749	1.6545371	-1.9349844	0.0033669313	4854.381324291229
238	0.28111842	0.0	0.28111842	0.28111842	25.0	5950	1.9111404	0.030687412	2.2583683	1.8304272	-1.9439808	0.004623641	4874.633866786957
239	0.15981492	0.0	0.15981492	0.15981492	25.0	5975	1.9077437	0.028206483	2.2821918	1.8177137	-1.942754	0.0031278038	4895.185853481293
240	0.10310997	0.0	0.10310997	0.10310997	25.0	6000	1.9124134	0.032677997	2.300966	1.7918308	-1.9336363	0.0036504134	4916.6855001449585
241	0.15131673	0.0	0.15131673	0.15131673	25.0	6025	1.9142315	0.04030734	2.3286982	1.8314265	-1.9360726	0.0033253348	4937.094142198563
242	0.75435185	0.0	0.75435185	0.75435185	25.0	6050	1.9200888	0.043732855	2.9143364	1.8273208	-1.9564688	0.003613822	4957.384187221527
243	0.17821005	0.0	0.17821005	0.17821005	25.0	6075	1.9175236	0.049896203	2.9264863	1.8236305	-1.9448514	0.003402184	4978.1708307266235
244	0.10905948	0.0	0.10905948	0.10905948	25.0	6100	1.9271551	0.04316454	2.6069863	1.834034	-1.9599447	0.0037215946	4998.46270775795
245	0.16888583	0.0	0.16888583	0.16888583	25.0	6125	1.9267492	0.030844195	2.1800747	1.8483611	-1.9557297	0.003838718	5018.675735473633
246	0.23903328	0.0	0.23903328	0.23903328	25.0	6150	1.9289328	0.03798461	2.6471052	1.8416125	-1.9609798	0.0037785936	5038.956515073776
247	0.37228978	0.0	0.37228978	0.37228978	25.0	6175	1.9354377	0.043013055	3.0542579	1.7823931	-1.9684606	0.0037996203	5059.379221200943
248	1.1342834	0.0	1.1342834	1.1342834	25.0	6200	1.9358511	0.032975934	2.2273893	1.8472116	-1.9679962	0.0035923112	5079.798478126526
249	0.3530701	0.0	0.3530701	0.3530701	25.0	6225	1.9423401	0.03910856	2.907042	1.8725858	-1.9711614	0.003427511	5100.114480495453
250	1.0976025	0.0	1.0976025	1.0976025	25.0	6250	1.9436706	0.035560608	2.3433459	1.812213	-1.9668078	0.0031839926	5121.715584278107
251	0.31935397	0.0	0.31935397	0.31935397	25.0	6275	1.9433028	0.031533208	2.207677	1.8655432	-1.9727801	0.003315425	5142.108602523804
252	0.93751484	0.0	0.93751484	0.93751484	25.0	6300	1.9513892	0.04011842	2.6032724	1.8508235	-1.9758643	0.003984214	5162.434587717056
253	0.3616566	0.0	0.3616566	0.3616566	25.0	6325	1.9489229	0.051148795	2.936856	1.8311963	-1.9785495	0.004127189	5183.254697799683
254	0.15677105	0.0	0.15677105	0.15677105	25.0	6350	1.9534659	0.029377665	2.2651725	1.8744314	-1.9798639	0.003311009	5203.710931301117
255	0.2527709	0.0	0.2527709	0.2527709	25.0	6375	1.9603802	0.034892228	2.3269682	1.8609806	-1.9885327	0.0047874986	5224.189526081085
256	0.33455858	0.0	0.33455858	0.33455858	25.0	6400	1.96036	0.040811922	2.8797672	1.867577	-1.9892747	0.0038529998	5244.599094152451
257	0.0	0.0	0.0	0.0	25.0	6425	1.9646384	0.040951185	2.886276	1.8122466	-1.99483	0.0040748776	5265.023863315582
258	0.0	0.0	0.0	0.0	25.0	6450	1.9683328	0.039079815	2.8579826	1.8857093	-1.9926119	0.0042920513	5285.3867623806
259	0.28087246	0.0	0.28087246	0.28087246	25.0	6475	1.9674164	0.036018733	2.3715582	1.8510556	-2.0038848	0.0041605816	5305.726766586304
260	0.44782147	0.0	0.44782147	0.44782147	25.0	6500	1.9742469	0.0318735	2.423471	1.8290675	-2.0050552	0.0037155733	5327.357595920563
261	0.0952359	0.0	0.0952359	0.0952359	25.0	6525	1.9798778	0.051455006	2.9449527	1.8846273	-2.0104043	0.0043091695	5347.740397453308
262	0.3517884	0.0	0.3517884	0.3517884	25.0	6550	1.9827329	0.035418097	2.3991983	1.8766812	-2.0193508	0.005469638	5368.057865381241
263	0.4806035	0.0	0.4806035	0.4806035	25.0	6575	1.9806195	0.03597673	2.4271743	1.8713703	-2.0021837	0.003511696	5388.92071557045
264	0.3164114	0.0	0.3164114	0.3164114	25.0	6600	1.984116	0.034801997	2.347924	1.8675731	-2.000701	0.003430964	5409.276464223862
265	0.41923267	0.0	0.41923267	0.41923267	25.0	6625	1.9838448	0.029642226	2.3386664	1.9071712	-2.0071137	0.0037346228	5429.631603002548
266	0.4235233	0.0	0.4235233	0.4235233	25.0	6650	1.9927127	0.04063626	2.663445	1.884501	-2.0223825	0.0045074727	5450.052844762802
267	0.32685727	0.0	0.32685727	0.32685727	25.0	6675	1.9917712	0.036215324	2.705548	1.8956181	-2.0094836	0.0038392025	5470.371618747711
268	0.39241618	0.0	0.39241618	0.39241618	25.0	6700	1.9930753	0.04344041	3.0665512	1.903597	-2.012411	0.0041356245	5490.66001868248
269	0.3158687	0.0	0.3158687	0.3158687	25.0	6725	1.9850305	0.029753435	2.4332585	1.8716487	-2.0098855	0.0024382512	5510.957936286926
270	0.13359284	0.0	0.13359284	0.13359284	25.0	6750	1.9878349	0.033567	2.41588	1.9112175	-2.0092912	0.004419173	5532.664045572281
271	0.21636213	0.0	0.21636213	0.21636213	25.0	6775	1.9888892	0.028719487	2.2190988	1.9066594	-2.0118303	0.0038850417	5553.022385120392
272	0.5077011	0.0	0.5077011	0.5077011	25.0	6800	1.9931163	0.050579965	3.0071886	1.895293	-2.012356	0.004391307	5573.4367415905
273	0.08273965	0.0	0.08273965	0.08273965	25.0	6825	1.9887078	0.03966329	2.987879	1.9073817	-2.0106657	0.0035283044	5594.457664966583
274	0.0	0.0	0.0	0.0	25.0	6850	1.9930817	0.028847937	2.2448392	1.8963984	-2.0086372	0.0031150805	5614.810477733612
275	0.29223412	0.0	0.29223412	0.29223412	25.0	6875	1.9993575	0.030111412	2.3075993	1.9300975	-2.0078237	0.0038131506	5635.301975727081
276	0.5290119	0.0	0.5290119	0.5290119	25.0	6900	1.9971263	0.037510548	2.671834	1.9021523	-2.0094857	0.0034725599	5655.703120708466
277	0.0	0.0	0.0	0.0	25.0	6925	1.9969656	0.030990196	2.436051	1.923001	-2.0116472	0.004128391	5676.004051923752
278	0.006172634	0.0	0.006172634	0.006172634	25.0	6950	1.9963653	0.034603722	2.2278035	1.9144804	-2.000761	0.0035197157	5696.279965877533
279	0.91061485	0.0	0.91061485	0.91061485	25.0	6975	1.9970043	0.034085643	2.356584	1.8995888	-2.0177724	0.0043390524	5716.522627830505
280	0.17256178	0.0	0.17256178	0.17256178	25.0	7000	2.000943	0.030329749	2.3813603	1.9338098	-2.0219138	0.004319211	5738.188730716705
281	0.1315441	0.0	0.1315441	0.1315441	25.0	7025	2.0022657	0.03599239	2.4170408	1.8539796	-2.0136626	0.003773068	5758.527326345444
282	0.09616366	0.0	0.09616366	0.09616366	25.0	7050	2.0007825	0.029821388	2.2545972	1.8860253	-2.0122068	0.0038894531	5778.872413396835
283	0.4368848	0.0	0.4368848	0.4368848	25.0	7075	2.0062962	0.037065946	2.454878	1.914192	-2.0126143	0.0037511664	5799.866350889206
284	0.26754925	0.0	0.26754925	0.26754925	25.0	7100	2.003067	0.03370134	2.6739876	1.9164429	-2.0126646	0.0032657546	5820.319977521896
285	0.4147643	0.0	0.4147643	0.4147643	25.0	7125	1.9983613	0.029228576	2.2992117	1.925461	-2.0054502	0.003145153	5840.673846960068
286	0.90261453	0.0	0.90261453	0.90261453	25.0	7150	2.0039437	0.034704506	2.4763567	1.9371314	-2.0188673	0.0042707096	5861.014626979828
287	0.6711169	0.0	0.6711169	0.6711169	25.0	7175	2.0073762	0.040730685	2.733754	1.8968939	-2.0209978	0.005007893	5881.387106895447
288	0.0	0.0	0.0	0.0	25.0	7200	2.0070016	0.036346417	2.45132	1.9148626	-2.0198178	0.0045204293	5901.688280820847
289	0.09776287	0.0	0.09776287	0.09776287	25.0	7225	2.0016534	0.035795733	2.7286618	1.9202337	-2.0154698	0.0029798748	5922.043052434921
290	0.63645625	0.0	0.63645625	0.63645625	25.0	7250	2.0089388	0.034314595	2.4891133	1.9336001	-2.02692	0.004035158	5943.812304973602
291	0.07278684	0.0	0.07278684	0.07278684	25.0	7275	2.0074985	0.029163975	2.486826	1.9336667	-2.0246236	0.0038695133	5964.176918745041
292	0.68242896	0.0	0.68242896	0.68242896	25.0	7300	2.010017	0.037320226	2.7392037	1.8908217	-2.0256848	0.004119303	5984.605520963669
293	0.38157758	0.0	0.38157758	0.38157758	25.0	7325	2.0137162	0.03504736	2.7075918	1.9304078	-2.0277424	0.004485429	6004.964784622192
294	0.22805527	0.0	0.22805527	0.22805527	25.0	7350	2.0124419	0.028537005	2.2233288	1.9232819	-2.0259805	0.0039072805	6025.852758407593
295	0.042561337	0.0	0.042561337	0.042561337	25.0	7375	2.0099967	0.029014163	2.3993645	1.9079247	-2.0269253	0.0030155587	6046.1638724803925
296	0.38510993	0.0	0.38510993	0.38510993	25.0	7400	2.0123672	0.028706698	2.3981137	1.9454247	-2.0319357	0.0028617124	6066.5528910160065
297	0.34697223	0.0	0.34697223	0.34697223	25.0	7425	2.018459	0.031880565	2.4019594	1.9444821	-2.0368624	0.0045646233	6086.972010850906
298	0.124759175	0.0	0.124759175	0.124759175	25.0	7450	2.0184634	0.031157656	2.3284495	1.87888	-2.0366724	0.0036849414	6107.293425321579
299	0.50364214	0.0	0.50364214	0.50364214	25.0	7475	2.0197055	0.036360536	2.452388	1.9377143	-2.0293968	0.003246505	6127.664350986481
300	0.43966264	0.0	0.43966264	0.43966264	25.0	7500	2.021501	0.03531422	2.4453986	1.9187284	-2.0365417	0.0039025552	6149.535391330719
301	0.0	0.0	0.0	0.0	25.0	7525	2.0206363	0.035539184	2.462786	1.9230094	-2.0403337	0.0032636363	6169.975833892822
302	0.22761956	0.0	0.22761956	0.22761956	25.0	7550	2.0228808	0.039847676	3.0091074	1.9337777	-2.0477037	0.0032492345	6190.446636199951
303	0.011387432	0.0	0.011387432	0.011387432	25.0	7575	2.0266898	0.03359518	2.7421033	1.9248729	-2.0383103	0.0033816835	6210.816717386246
304	0.12477052	0.0	0.12477052	0.12477052	25.0	7600	2.029069	0.02842441	2.3371708	1.9543734	-2.0465748	0.0032162368	6231.602715969086
305	0.3258452	0.0	0.3258452	0.3258452	25.0	7625	2.0339732	0.03567702	2.4406502	1.9165212	-2.0574949	0.004077911	6252.006202459335
306	0.5919765	0.0	0.5919765	0.5919765	25.0	7650	2.0314105	0.038560245	2.763271	1.952356	-2.0455337	0.0026828262	6272.298810005188
307	0.50625217	0.0	0.50625217	0.50625217	25.0	7675	2.0334089	0.033134636	2.4476528	1.9533396	-2.056949	0.0039737117	6292.645500898361
308	0.7068869	0.0	0.7068869	0.7068869	25.0	7700	2.0341794	0.033697158	2.47381	1.9497606	-2.0519204	0.004003335	6313.027334690094
309	0.3062079	0.0	0.3062079	0.3062079	25.0	7725	2.0358791	0.033973314	2.7821064	1.9150456	-2.0465577	0.0041015153	6333.31413269043
310	0.154804	0.0	0.154804	0.154804	25.0	7750	2.0340939	0.04926627	3.1289155	1.9504316	-2.0446944	0.0031436386	6355.034395456314
311	0.0	0.0	0.0	0.0	25.0	7775	2.0349982	0.032740463	2.4368398	1.9316728	-2.0559998	0.0039434116	6375.201971054077
312	0.09130009	0.0	0.09130009	0.09130009	25.0	7800	2.0378072	0.03255409	2.4016373	1.8395102	-2.0505934	0.0036331767	6395.121858596802
313	0.0	0.0	0.0	0.0	25.0	7825	2.039835	0.036090147	2.3220022	1.9366326	-2.0479283	0.0037447289	6414.990802526474
314	0.5271602	0.0	0.5271602	0.5271602	25.0	7850	2.039298	0.030240713	2.315842	1.9623367	-2.0459373	0.0042914264	6435.629890203476
315	0.13919783	0.0	0.13919783	0.13919783	25.0	7875	2.0410826	0.032007035	2.4729562	1.9158404	-2.0592272	0.0044828095	6455.573354244232
316	0.11114431	0.0	0.11114431	0.11114431	25.0	7900	2.040379	0.027689131	2.351866	1.9470952	-2.0585976	0.003595227	6475.55743598938
317	0.50477266	0.0	0.50477266	0.50477266	25.0	7925	2.0411053	0.036846783	2.9365664	1.841657	-2.0538	0.0035926283	6496.626638650894
318	0.029681154	0.0	0.029681154	0.029681154	25.0	7950	2.0446348	0.03995874	2.967625	1.9630573	-2.053806	0.004145872	6516.497534275055
319	0.5642542	0.0	0.5642542	0.5642542	25.0	7975	2.0415533	0.03339609	2.7210078	1.9588721	-2.0576255	0.0031168219	6536.513609170914
320	0.045932543	0.0	0.045932543	0.045932543	25.0	8000	2.0453808	0.036778238	2.7781687	1.6668167	-2.069043	0.003634491	6557.892296075821
321	0.33363315	0.0	0.33363315	0.33363315	25.0	8025	2.0471609	0.028966742	2.2859035	1.9690765	-2.0568	0.0029597785	6577.978020429611
322	0.21768324	0.0	0.21768324	0.21768324	25.0	8050	2.046207	0.03132449	2.287838	1.9396873	-2.0544095	0.003363589	6597.916211366653
323	0.5282202	0.0	0.5282202	0.5282202	25.0	8075	2.0477788	0.039757587	3.0642934	1.9636887	-2.063142	0.004217416	6619.357579708099
324	0.1607763	0.0	0.1607763	0.1607763	25.0	8100	2.0476918	0.025590632	2.3177269	1.9712908	-2.0608737	0.0032251799	6639.352360725403
325	0.0	0.0	0.0	0.0	25.0	8125	2.0501578	0.035045765	2.7383182	1.9442048	-2.0661285	0.0037916934	6659.707122802734
326	0.0	0.0	0.0	0.0	25.0	8150	2.051062	0.029624686	2.4949212	1.9422618	-2.0688465	0.0029328465	6679.717121362686
327	0.9959496	0.0	0.9959496	0.9959496	25.0	8175	2.0525777	0.03059834	2.5085177	1.9778525	-2.0690815	0.0032153658	6699.746315956116
328	0.2218704	0.0	0.2218704	0.2218704	25.0	8200	2.0502398	0.03255759	2.4474552	1.934734	-2.065478	0.0032834974	6719.827965736389
329	0.2957732	0.0	0.2957732	0.2957732	25.0	8225	2.0570357	0.032351274	2.4715545	1.9785713	-2.069498	0.0033555927	6740.08958864212
330	0.5518292	0.0	0.5518292	0.5518292	25.0	8250	2.0519323	0.026369836	2.3469346	1.9600774	-2.0669622	0.0034453727	6761.385493278503
331	0.35251555	0.0	0.35251555	0.35251555	25.0	8275	2.0550218	0.0390438	2.808166	1.9714783	-2.0628011	0.0033033032	6781.644694328308
332	0.2783297	0.0	0.2783297	0.2783297	25.0	8300	2.0511434	0.03550011	2.490971	1.9623787	-2.0653524	0.003410959	6801.678769350052
333	0.3530864	0.0	0.3530864	0.3530864	25.0	8325	2.0561204	0.038465567	3.0642924	1.9534408	-2.066594	0.003807153	6822.303393125534
334	0.6640082	0.0	0.6640082	0.6640082	25.0	8350	2.0561287	0.028353537	2.4131083	1.9492683	-2.0743785	0.0033631145	6842.432604074478
335	0.46960837	0.0	0.46960837	0.46960837	25.0	8375	2.0544662	0.03174275	2.4738202	1.9387487	-2.0653954	0.002912635	6862.39018702507
336	0.083734736	0.0	0.083734736	0.083734736	25.0	8400	2.0550048	0.027498687	2.48351	1.9700229	-2.0672894	0.003252549	6882.2541670799255
337	0.6802748	0.0	0.6802748	0.6802748	25.0	8425	2.0556562	0.029212955	2.4005926	1.9773408	-2.073523	0.0036123882	6902.476082801819
338	0.12169275	0.0	0.12169275	0.12169275	25.0	8450	2.0607455	0.03002231	2.2899241	1.9640231	-2.0723636	0.0044222116	6922.316961526871
339	0.3746919	0.0	0.3746919	0.3746919	25.0	8475	2.0568807	0.03450642	2.7226095	1.9769733	-2.0685904	0.0037176425	6942.279228210449
340	0.99145466	0.0	0.99145466	0.99145466	25.0	8500	2.0576105	0.031084795	2.4190948	1.9631418	-2.0667083	0.0038310452	6964.647825479507
341	0.0	0.0	0.0	0.0	25.0	8525	2.0567799	0.030872254	2.4356477	1.9420762	-2.081589	0.0034495825	6984.716188907623
342	0.00060094695	0.0	0.00060094695	0.00060094695	25.0	8550	2.0594444	0.036561847	3.03142	1.9816837	-2.0690022	0.0034472712	7004.609543323517
343	0.0	0.0	0.0	0.0	25.0	8575	2.060535	0.049513277	3.0471008	1.9729408	-2.0692875	0.0032831973	7026.205282926559
344	0.41634044	0.0	0.41634044	0.41634044	25.0	8600	2.0595107	0.037147712	2.4357626	1.9740596	-2.073712	0.0038692204	7046.115407943726
345	0.54526633	0.0	0.54526633	0.54526633	25.0	8625	2.061789	0.040078085	3.1066713	1.9664431	-2.077544	0.0033082515	7065.981938838959
346	0.0	0.0	0.0	0.0	25.0	8650	2.0654202	0.038696345	2.749536	1.9781257	-2.0762231	0.0040428294	7087.010572195053
347	0.17993085	0.0	0.17993085	0.17993085	25.0	8675	2.0593672	0.03172975	2.2892883	1.9688132	-2.0751646	0.0035250548	7107.048784971237
348	0.20053566	0.0	0.20053566	0.20053566	25.0	8700	2.064038	0.035914846	2.4865377	1.9623915	-2.0714974	0.0035964015	7126.890529870987
349	0.0	0.0	0.0	0.0	25.0	8725	2.0663712	0.032725316	2.4803355	1.9785808	-2.0746722	0.0038196251	7146.912412643433
350	0.2024422	0.0	0.2024422	0.2024422	25.0	8750	2.061861	0.027706899	2.3327467	1.977518	-2.0699174	0.0029505503	7168.254074335098
351	0.066294566	0.0	0.066294566	0.066294566	25.0	8775	2.0625663	0.0328884	2.5037963	1.983455	-2.080711	0.0032467588	7188.295819044113
352	0.092413574	0.0	0.092413574	0.092413574	25.0	8800	2.0657563	0.031445634	2.4539018	1.9853848	-2.077743	0.0037153375	7209.074148178101
353	0.604359	0.0	0.604359	0.604359	25.0	8825	2.06684	0.046043776	3.1462936	2.00462	-2.079257	0.0033340005	7229.681324720383
354	1.0137409	0.0	1.0137409	1.0137409	25.0	8850	2.0689018	0.030740105	2.413384	1.9843436	-2.078618	0.0037129412	7249.754702568054
355	0.868382	0.0	0.868382	0.868382	25.0	8875	2.061569	0.03291596	2.3027902	1.9720459	-2.0757115	0.0033880577	7269.918063402176
356	0.25072795	0.0	0.25072795	0.25072795	25.0	8900	2.0663068	0.036893915	2.9754963	1.993304	-2.0738132	0.0034570983	7289.811043262482
357	0.122742824	0.0	0.122742824	0.122742824	25.0	8925	2.0658092	0.03344866	2.502287	1.928986	-2.0728626	0.0032584802	7309.803916692734
358	0.3941756	0.0	0.3941756	0.3941756	25.0	8950	2.0652266	0.029195117	2.37469	1.9815357	-2.0797033	0.0032032619	7330.061043024063
359	0.16982676	0.0	0.16982676	0.16982676	25.0	8975	2.066589	0.030100126	2.5022554	1.976814	-2.0754237	0.003160065	7350.018781661987
360	0.86635846	0.0	0.86635846	0.86635846	25.0	9000	2.0675895	0.036798015	3.0199063	1.9804723	-2.076224	0.0031908602	7371.421993970871
361	0.0	0.0	0.0	0.0	25.0	9025	2.0649893	0.033838566	2.8132985	1.9746137	-2.0769956	0.00378907	7391.494730472565
362	0.1325152	0.0	0.1325152	0.1325152	25.0	9050	2.0633645	0.029255157	2.3637235	1.9890358	-2.0727403	0.002930222	7411.41085934639
363	0.6457749	0.0	0.6457749	0.6457749	25.0	9075	2.067773	0.036455464	3.1294317	1.9727956	-2.0772734	0.004087406	7432.001906871796
364	0.4817216	0.0	0.4817216	0.4817216	25.0	9100	2.0694122	0.03128435	2.3804924	1.9780235	-2.086996	0.0043889578	7452.023208618164
365	0.646456	0.0	0.646456	0.646456	25.0	9125	2.067189	0.033839773	2.7850113	1.8670263	-2.0829492	0.0037256598	7471.884136676788
366	0.3027813	0.0	0.3027813	0.3027813	25.0	9150	2.0646467	0.03674568	3.0599914	1.9999971	-2.0828228	0.0024578543	7491.769990205765
367	0.21765168	0.0	0.21765168	0.21765168	25.0	9175	2.0684016	0.031106085	2.4477596	1.9454101	-2.0771978	0.003973067	7511.7317996025085
368	0.0	0.0	0.0	0.0	25.0	9200	2.066037	0.02622865	2.4514976	1.9762782	-2.0758183	0.0030060508	7531.646129131317
369	1.4157779	0.0	1.4157779	1.4157779	25.0	9225	2.0718884	0.03611174	2.560195	1.9209154	-2.0771124	0.004115232	7551.560755729675
370	0.6878512	0.0	0.6878512	0.6878512	25.0	9250	2.0689723	0.033933397	2.4450672	1.9823072	-2.0817213	0.0044220523	7573.020036697388
371	0.07617724	0.0	0.07617724	0.07617724	25.0	9275	2.0668848	0.031020045	2.3229945	1.9008389	-2.0781553	0.0032814732	7593.118402004242
372	0.63103515	0.0	0.63103515	0.63103515	25.0	9300	2.0682256	0.029290022	2.5639508	1.9576416	-2.0733795	0.0033362852	7613.029947280884
373	0.49755526	0.0	0.49755526	0.49755526	25.0	9325	2.0743914	0.034808815	2.5634089	1.975438	-2.083734	0.004515454	7633.67761182785
374	0.3688602	0.0	0.3688602	0.3688602	25.0	9350	2.067484	0.026569968	2.3779013	1.8666849	-2.0757508	0.0037195494	7653.601134061813
375	0.23522402	0.0	0.23522402	0.23522402	25.0	9375	2.0730567	0.029973913	2.646503	1.9744798	-2.082291	0.003821388	7673.611412763596
376	0.17441013	0.0	0.17441013	0.17441013	25.0	9400	2.0717313	0.033457723	2.8078976	1.9694021	-2.0829334	0.0030015456	7693.459382534027
377	0.6661805	0.0	0.6661805	0.6661805	25.0	9425	2.0713675	0.028342767	2.3481317	1.9986196	-2.0799258	0.0034841178	7713.321660995483
378	0.20840564	0.0	0.20840564	0.20840564	25.0	9450	2.0732968	0.02746979	2.2636547	2.0039165	-2.0817466	0.0041013686	7733.2690534591675
379	0.116234496	0.0	0.116234496	0.116234496	25.0	9475	2.0743387	0.03860513	3.0397735	1.9640863	-2.0830407	0.0036567075	7753.224034547806
380	0.9186842	0.0	0.9186842	0.9186842	25.0	9500	2.0690882	0.028950263	2.3741643	1.9959614	-2.0798132	0.0031661158	7774.830447912216
381	0.52495307	0.0	0.52495307	0.52495307	25.0	9525	2.072717	0.031003213	2.527721	1.9990675	-2.0787694	0.0039989892	7794.771310806274
382	0.39327636	0.0	0.39327636	0.39327636	25.0	9550	2.070198	0.032353114	2.4597702	1.9700315	-2.0827913	0.0032613657	7815.309597492218
383	0.7240193	0.0	0.7240193	0.7240193	25.0	9575	2.072209	0.030572416	2.2758732	1.9469692	-2.0842829	0.0040039886	7835.364451646805
384	0.62458277	0.0	0.62458277	0.62458277	25.0	9600	2.0719154	0.029958447	2.3935056	1.9766848	-2.083434	0.0036415467	7855.354145050049
385	0.033014625	0.0	0.033014625	0.033014625	25.0	9625	2.0732877	0.030182146	2.4288003	1.9977578	-2.0804586	0.00426036	7875.265223741531
386	0.0	0.0	0.0	0.0	25.0	9650	2.07392	0.028342761	2.4890764	1.9518086	-2.0876472	0.0037187156	7895.102780342102
387	0.4675203	0.0	0.4675203	0.4675203	25.0	9675	2.0710785	0.02916444	2.2820098	1.9948456	-2.0801132	0.0034850312	7915.055730581284
388	0.61546946	0.0	0.61546946	0.61546946	25.0	9700	2.0742981	0.030644082	2.5191705	1.981712	-2.085352	0.0044242064	7935.065989732742
389	0.0	0.0	0.0	0.0	25.0	9725	2.0748432	0.035696622	2.5538983	1.9966766	-2.082892	0.0044968547	7954.973003864288
390	0.046076655	0.0	0.046076655	0.046076655	25.0	9750	2.069539	0.030731998	2.2922726	1.9712723	-2.0782726	0.003417137	7976.942672967911
391	0.7190928	0.0	0.7190928	0.7190928	25.0	9775	2.0699558	0.039207544	3.0327363	1.9575261	-2.0779073	0.003333058	7996.932251214981
392	0.3889627	0.0	0.3889627	0.3889627	25.0	9800	2.074012	0.0365383	2.790575	1.9581792	-2.0830462	0.0033172593	8017.539261102676
393	0.95519793	0.0	0.95519793	0.95519793	25.0	9825	2.0753226	0.034773577	2.813031	1.9887277	-2.08487	0.0037771156	8037.526513338089
394	0.0	0.0	0.0	0.0	25.0	9850	2.071691	0.030032763	2.384584	1.998368	-2.082443	0.0035595528	8057.608971118927
395	0.15239425	0.0	0.15239425	0.15239425	25.0	9875	2.0739787	0.033281088	2.560384	1.9914248	-2.0847833	0.003467164	8077.399678945541
396	0.19358061	0.0	0.19358061	0.19358061	25.0	9900	2.0731606	0.028122835	2.4752223	1.9913396	-2.0793848	0.0031888084	8097.299877643585
397	0.108613245	0.0	0.108613245	0.108613245	25.0	9925	2.0775602	0.026161939	2.325947	1.994431	-2.087649	0.0041028266	8117.211076498032
398	0.090045	0.0	0.090045	0.090045	25.0	9950	2.0765486	0.029268496	2.3847704	1.9827133	-2.0848877	0.004137182	8137.069927930832
399	0.11341243	0.0	0.11341243	0.11341243	25.0	9975	2.072508	0.026379427	2.2326598	1.7118325	-2.08328	0.0032459106	8156.922195672989
400	0.69788563	0.0	0.69788563	0.69788563	25.0	10000	2.0742352	0.028164621	2.5883245	2.0046642	-2.083102	0.0035678986	8178.449869155884
401	0.48177984	0.0	0.48177984	0.48177984	25.0	10025	2.076329	0.03125813	2.2772236	2.0003772	-2.0773108	0.00460549	8198.575443983078
402	0.025783142	0.0	0.025783142	0.025783142	25.0	10050	2.0764701	0.029637787	2.336493	1.9996305	-2.0919404	0.004602763	8219.263418912888
403	0.13189365	0.0	0.13189365	0.13189365	25.0	10075	2.0750113	0.034601368	2.5793076	1.9742478	-2.0825531	0.003947613	8239.148221731186
404	0.68019366	0.0	0.68019366	0.68019366	25.0	10100	2.0767975	0.02933374	2.4809785	2.0101736	-2.080874	0.0033092396	8259.114578723907
405	0.9666264	0.0	0.9666264	0.9666264	25.0	10125	2.0754595	0.032438558	2.7050028	1.9661922	-2.0889046	0.003952284	8278.979871988297
406	0.29941034	0.0	0.29941034	0.29941034	25.0	10150	2.0782561	0.033805415	2.4075522	1.9399401	-2.0869982	0.004609791	8298.879566669464
407	0.3078966	0.0	0.3078966	0.3078966	25.0	10175	2.0747056	0.03552503	2.4911788	1.514752	-2.084501	0.004283695	8318.90293431282
408	0.0	0.0	0.0	0.0	25.0	10200	2.0774019	0.038991425	3.0733175	1.9899212	-2.0949214	0.0031449494	8338.744915008545
409	0.0	0.0	0.0	0.0	25.0	10225	2.0771694	0.031145673	2.396079	1.9843395	-2.090719	0.0040853643	8358.652709722519
410	0.0	0.0	0.0	0.0	25.0	10250	2.0796404	0.028581966	2.2444925	1.9785261	-2.0903502	0.004681692	8380.097702026367
411	0.0	0.0	0.0	0.0	25.0	10275	2.079653	0.029253127	2.420381	1.9737195	-2.0898824	0.003459497	8400.04723739624
412	0.008051385	0.0	0.008051385	0.008051385	25.0	10300	2.0788019	0.02840689	2.415053	1.9810375	-2.0898373	0.0038581842	8420.65905213356
413	0.32487345	0.0	0.32487345	0.32487345	25.0	10325	2.0820367	0.032130674	2.4283805	2.0090177	-2.0880926	0.0040622246	8440.650947093964
414	0.16204035	0.0	0.16204035	0.16204035	25.0	10350	2.0810077	0.03672296	2.828817	2.00105	-2.0877228	0.0036313408	8460.561581611633
415	0.089257106	0.0	0.089257106	0.089257106	25.0	10375	2.079536	0.027553223	2.3399267	1.9841518	-2.0905976	0.003707923	8480.497925043106
416	0.28714472	0.0	0.28714472	0.28714472	25.0	10400	2.0832567	0.03930664	2.9960237	1.9480501	-2.0879889	0.004256546	8500.350069999695
417	0.455787	0.0	0.455787	0.455787	25.0	10425	2.0791183	0.031408228	2.463176	1.9982597	-2.088214	0.0033958657	8520.312215328217
418	0.0	0.0	0.0	0.0	25.0	10450	2.0851507	0.038748816	2.9921494	2.000424	-2.0951307	0.004815003	8540.310227632523
419	0.37447223	0.0	0.37447223	0.37447223	25.0	10475	2.0829272	0.029530933	2.2656593	1.983248	-2.0897024	0.0038230019	8560.269750595093
420	0.52853674	0.0	0.52853674	0.52853674	25.0	10500	2.0775301	0.032384507	2.479095	1.9575026	-2.0946686	0.003577258	8581.83990931511
421	0.47186095	0.0	0.47186095	0.47186095	25.0	10525	2.0797176	0.034804646	2.9880638	2.0107462	-2.0819144	0.0029353825	8601.847229480743
422	0.16762498	0.0	0.16762498	0.16762498	25.0	10550	2.0823092	0.03997499	2.8377607	1.9939178	-2.0886037	0.0043911193	8622.47982954979
423	0.3120191	0.0	0.3120191	0.3120191	25.0	10575	2.0768943	0.03107441	2.345202	1.9685223	-2.0876954	0.0037819443	8642.38064455986
424	0.5733801	0.0	0.5733801	0.5733801	25.0	10600	2.0801804	0.027159017	2.505053	1.9948957	-2.090769	0.0037317842	8662.260283470154
425	0.6097058	0.0	0.6097058	0.6097058	25.0	10625	2.0773153	0.02942955	2.5183802	1.9952936	-2.0877485	0.003264192	8682.15236067772
426	0.28037536	0.0	0.28037536	0.28037536	25.0	10650	2.0792372	0.024646936	2.2613807	2.0081062	-2.0882826	0.0041674436	8702.060057640076
427	0.6712315	0.0	0.6712315	0.6712315	25.0	10675	2.0793498	0.028504474	2.5398529	1.9916292	-2.092961	0.0031573577	8721.976073265076
428	0.36718246	0.0	0.36718246	0.36718246	25.0	10700	2.0781622	0.031706445	2.813361	2.0078936	-2.0864685	0.0033292735	8741.91010594368
429	0.63452953	0.0	0.63452953	0.63452953	25.0	10725	2.0850968	0.033065617	2.601738	1.9930034	-2.0965872	0.004496021	8761.811944007874
430	0.78501683	0.0	0.78501683	0.78501683	25.0	10750	2.0757346	0.026754038	2.2625136	2.0001884	-2.0831773	0.0027530268	8783.703540802002
431	0.72669786	0.0	0.72669786	0.72669786	25.0	10775	2.0806828	0.027827026	2.417034	1.9971868	-2.0873158	0.0034994564	8803.97261428833
432	0.71914786	0.0	0.71914786	0.71914786	25.0	10800	2.080289	0.0330262	2.8063939	1.983971	-2.0904205	0.0040684454	8824.748126983643
433	0.51499844	0.0	0.51499844	0.51499844	25.0	10825	2.079583	0.02888669	2.3494637	1.9967806	-2.0849023	0.003329969	8844.650441169739
434	1.4439416	0.0	1.4439416	1.4439416	25.0	10850	2.0809329	0.03148978	2.8324168	2.0000699	-2.093779	0.0039976765	8864.56917309761
435	0.09787751	0.0	0.09787751	0.09787751	25.0	10875	2.0797796	0.03208319	2.8457	1.9963524	-2.0884845	0.0035469222	8884.648969173431
436	0.81864417	0.0	0.81864417	0.81864417	25.0	10900	2.080109	0.029045714	2.4531605	1.9785657	-2.0894957	0.0040256563	8904.607558488846
437	0.036859076	0.0	0.036859076	0.036859076	25.0	10925	2.080309	0.03276197	2.5358107	1.9946139	-2.09063	0.0040582595	8924.641359567642
438	0.548134	0.0	0.548134	0.548134	25.0	10950	2.0831387	0.025342846	2.3512652	2.00523	-2.092408	0.0036504655	8944.425339698792
439	0.5680661	0.0	0.5680661	0.5680661	25.0	10975	2.079037	0.028575784	2.3547904	1.9881232	-2.0893312	0.0032825065	8964.438130378723
440	0.917842	0.0	0.917842	0.917842	25.0	11000	2.082549	0.030608622	2.4265099	1.9676625	-2.0913713	0.004588373	8985.941992282867
441	0.5468472	0.0	0.5468472	0.5468472	25.0	11025	2.0829709	0.027790302	2.3401246	2.0073135	-2.09623	0.0043883557	9006.30444598198
442	0.33145478	0.0	0.33145478	0.33145478	25.0	11050	2.0817122	0.027511586	2.5109303	1.9983553	-2.0937834	0.0033018207	9026.750843524933
443	0.20041262	0.0	0.20041262	0.20041262	25.0	11075	2.0878956	0.036444664	2.8403249	2.010037	-2.1003911	0.004447857	9046.517731428146
444	0.77287954	0.0	0.77287954	0.77287954	25.0	11100	2.0831895	0.028758831	2.3820798	2.011237	-2.090178	0.00294148	9066.434388399124
445	0.050052065	0.0	0.050052065	0.050052065	25.0	11125	2.0823379	0.028222257	2.5461237	1.9945587	-2.095048	0.0039325343	9086.381959438324
446	0.26948497	0.0	0.26948497	0.26948497	25.0	11150	2.0818338	0.029333964	2.3762817	2.0241783	-2.0876913	0.0031110551	9106.265345096588
447	0.004798185	0.0	0.004798185	0.004798185	25.0	11175	2.0856729	0.023203881	2.2651427	2.0302615	-2.1031072	0.004167313	9126.113972187042
448	0.37692538	0.0	0.37692538	0.37692538	25.0	11200	2.0859244	0.02771311	2.4645903	2.013877	-2.1003768	0.0035164657	9146.026546001434
449	0.21157843	0.0	0.21157843	0.21157843	25.0	11225	2.0862942	0.026735988	2.3183727	1.9974817	-2.097534	0.003720722	9165.865231275558
450	0.3983551	0.0	0.3983551	0.3983551	25.0	11250	2.085528	0.02854084	2.34468	1.9781113	-2.0963805	0.0034319654	9187.5342233181
451	0.56881773	0.0	0.56881773	0.56881773	25.0	11275	2.0839348	0.03410577	2.8539867	2.0023787	-2.0931077	0.0029266193	9208.359973669052
452	0.19256225	0.0	0.19256225	0.19256225	25.0	11300	2.085885	0.032182474	2.5253663	2.0030417	-2.095006	0.0033873543	9228.240000963211
453	0.27764022	0.0	0.27764022	0.27764022	25.0	11325	2.083242	0.027340762	2.4152603	1.9998076	-2.091611	0.0031785276	9248.141314029694
454	0.66704863	0.0	0.66704863	0.66704863	25.0	11350	2.0792992	0.029620593	2.5717387	1.9937575	-2.088742	0.0026669356	9268.03087234497
455	0.30838177	0.0	0.30838177	0.30838177	25.0	11375	2.081157	0.029566037	2.4164085	1.9866288	-2.0874615	0.0033683765	9287.92535686493
456	0.24384007	0.0	0.24384007	0.24384007	25.0	11400	2.0827513	0.027943999	2.2868426	1.9475905	-2.0942118	0.0044676815	9307.83808350563
457	0.19792612	0.0	0.19792612	0.19792612	25.0	11425	2.0870194	0.026776493	2.3270555	1.99263	-2.094295	0.00499724	9327.790861845016
458	0.41054186	0.0	0.41054186	0.41054186	25.0	11450	2.076986	0.027759455	2.308179	1.9558295	-2.0850346	0.0030163196	9347.61152267456
459	0.0	0.0	0.0	0.0	25.0	11475	2.0831146	0.031330913	2.2613916	1.9385904	-2.0868387	0.0048558954	9367.50673031807
460	0.24665663	0.0	0.24665663	0.24665663	25.0	11500	2.084765	0.027182827	2.3479393	2.0095549	-2.0991442	0.0044009434	9389.233599185944
461	0.31038308	0.0	0.31038308	0.31038308	25.0	11525	2.0810378	0.030426059	2.4272943	1.9788563	-2.0916262	0.00408368	9410.040894269943
462	0.9435918	0.0	0.9435918	0.9435918	25.0	11550	2.0796244	0.025204875	2.3836699	1.9896276	-2.0887678	0.0034951856	9430.032955169678
463	0.45385504	0.0	0.45385504	0.45385504	25.0	11575	2.0804253	0.025432669	2.2441547	1.9904947	-2.0890014	0.0035814	9449.976253271103
464	0.30027464	0.0	0.30027464	0.30027464	25.0	11600	2.0854907	0.03733126	2.88336	2.001179	-2.0982585	0.00451005	9473.033418893814
465	0.188098	0.0	0.188098	0.188098	25.0	11625	2.082303	0.036383115	2.568161	1.9988352	-2.0903504	0.0050276387	9492.90726184845
466	0.5697952	0.0	0.5697952	0.5697952	25.0	11650	2.083378	0.03621204	2.5150082	1.9483142	-2.091041	0.0037744632	9512.880164861679
467	0.771713	0.0	0.771713	0.771713	25.0	11675	2.0868344	0.046713676	3.192692	2.0001903	-2.0980065	0.00491541	9532.767636537552
468	0.89108217	0.0	0.89108217	0.89108217	25.0	11700	2.0843267	0.028172666	2.332932	1.9397633	-2.094299	0.0044325585	9552.705907344818
469	1.0927697	0.0	1.0927697	1.0927697	25.0	11725	2.0881512	0.036655296	2.6728177	1.9967403	-2.0978348	0.0043780045	9572.63245177269
470	0.45965227	0.0	0.45965227	0.45965227	25.0	11750	2.083633	0.031690713	2.4598432	1.9567063	-2.0942185	0.003916664	9594.48678612709
471	0.0	0.0	0.0	0.0	25.0	11775	2.0857651	0.028634341	2.3096433	2.011661	-2.095561	0.004106277	9615.208148479462
472	0.0	0.0	0.0	0.0	25.0	11800	2.0860763	0.0273861	2.4353113	2.0167885	-2.0961475	0.0034642464	9635.088807582855
473	0.074163616	0.0	0.074163616	0.074163616	25.0	11825	2.0863192	0.027198007	2.43557	1.9954239	-2.0929987	0.004041751	9655.06366109848
474	0.27746722	0.0	0.27746722	0.27746722	25.0	11850	2.0855448	0.030992907	2.4128814	1.9839274	-2.0938375	0.0036568744	9675.00299191475
475	0.09338302	0.0	0.09338302	0.09338302	25.0	11875	2.0860648	0.037082233	2.652656	1.9558017	-2.0953305	0.0043613375	9694.969902515411
476	0.557831	0.0	0.557831	0.557831	25.0	11900	2.0852997	0.037692692	2.852693	1.9796888	-2.0910087	0.0036652256	9714.89221906662
477	0.42434567	0.0	0.42434567	0.42434567	25.0	11925	2.0865312	0.026986068	2.3029723	2.0093493	-2.0962276	0.0038668984	9734.78027009964
478	0.0	0.0	0.0	0.0	25.0	11950	2.0891595	0.029466096	2.502411	1.9239216	-2.0985212	0.0046591638	9754.63400053978
479	0.3508852	0.0	0.3508852	0.3508852	25.0	11975	2.0873678	0.031250767	2.3745172	2.0100107	-2.097038	0.0041350094	9774.524379968643
480	0.3320139	0.0	0.3320139	0.3320139	25.0	12000	2.0873349	0.03458891	2.917974	2.0105073	-2.0943916	0.0045730593	9796.313026189804
481	0.29070568	0.0	0.29070568	0.29070568	25.0	12025	2.086861	0.036265604	2.9061415	2.01396	-2.094631	0.003941142	9817.068598985672
482	0.6789108	0.0	0.6789108	0.6789108	25.0	12050	2.0869384	0.04139795	3.0626895	2.011177	-2.095948	0.0036991497	9836.972219467163
483	0.13445245	0.0	0.13445245	0.13445245	25.0	12075	2.0890956	0.02997333	2.4229815	1.9973572	-2.0966938	0.004346002	9856.876639127731
484	0.22755565	0.0	0.22755565	0.22755565	25.0	12100	2.090242	0.039655086	2.9531643	2.008226	-2.0964575	0.0054378766	9876.8357360363
485	0.41894597	0.0	0.41894597	0.41894597	25.0	12125	2.0907607	0.030562498	2.2905266	1.9975734	-2.101549	0.0046679853	9896.783027410507
486	0.32441282	0.0	0.32441282	0.32441282	25.0	12150	2.090537	0.028336337	2.3309984	2.0218213	-2.1036806	0.0042328476	9916.850747585297
487	0.6775666	0.0	0.6775666	0.6775666	25.0	12175	2.0902054	0.0318888	2.4783254	2.006836	-2.0953634	0.0041794237	9936.804879426956
488	1.5221217	0.0	1.5221217	1.5221217	25.0	12200	2.0866752	0.027412416	2.5471904	2.0188496	-2.099722	0.0037578067	9956.738586187363
489	0.5741501	0.0	0.5741501	0.5741501	25.0	12225	2.089494	0.028593417	2.4923637	2.0052385	-2.09459	0.0045479764	9976.745148420334
490	0.4495423	0.0	0.4495423	0.4495423	25.0	12250	2.0887222	0.028242279	2.5567367	2.005363	-2.1013782	0.0040736427	9999.069036722183
491	0.24326044	0.0	0.24326044	0.24326044	25.0	12275	2.090643	0.02816245	2.4392755	2.0120976	-2.0995529	0.003850068	10019.887603282928
492	0.043922007	0.0	0.043922007	0.043922007	25.0	12300	2.0907698	0.03422091	2.4192257	1.9902916	-2.1009598	0.004418047	10039.851713180542
493	0.37792957	0.0	0.37792957	0.37792957	25.0	12325	2.0858402	0.029022332	2.3147383	1.9625643	-2.0943623	0.004295608	10059.7171626091
494	0.42056233	0.0	0.42056233	0.42056233	25.0	12350	2.092887	0.029647745	2.4246845	2.0178602	-2.101062	0.0039094053	10079.739028692245
495	0.13532867	0.0	0.13532867	0.13532867	25.0	12375	2.0868397	0.03657564	2.866083	1.9747756	-2.0955966	0.0040138136	10100.58712553978
496	0.28006458	0.0	0.28006458	0.28006458	25.0	12400	2.0957587	0.036131017	2.5909343	1.98986	-2.1057408	0.0054533198	10120.603987693787
497	0.06026012	0.0	0.06026012	0.06026012	25.0	12425	2.0881746	0.027811611	2.475302	2.0051894	-2.0963128	0.0040552034	10140.487220287323
498	0.22700292	0.0	0.22700292	0.22700292	25.0	12450	2.0899613	0.029493855	2.4353297	2.0143206	-2.0989687	0.0038690427	10160.458432674408
499	0.71267486	0.0	0.71267486	0.71267486	25.0	12475	2.0931568	0.035633728	2.4381173	2.003583	-2.102334	0.0053486563	10180.400855779648
500	0.2691771	0.0	0.2691771	0.2691771	25.0	12500	2.0879395	0.031785734	2.5314047	1.9384997	-2.1008925	0.003596842	10202.10939860344
501	0.21487814	0.0	0.21487814	0.21487814	25.0	12525	2.0960915	0.028632844	2.4651942	2.0052114	-2.1063325	0.005107265	10222.975325345993
502	0.099738866	0.0	0.099738866	0.099738866	25.0	12550	2.0946364	0.03621369	2.917458	1.920685	-2.1007044	0.0045570587	10242.83996462822
503	0.6044975	0.0	0.6044975	0.6044975	25.0	12575	2.0954533	0.033601303	2.3628385	2.021056	-2.1070762	0.0050589405	10262.75464463234
504	0.30562147	0.0	0.30562147	0.30562147	25.0	12600	2.0975618	0.033953913	2.4368455	2.019804	-2.1053898	0.0044719637	10283.094649553299
505	0.9202127	0.0	0.9202127	0.9202127	25.0	12625	2.0910943	0.033437163	2.458032	2.022437	-2.0960145	0.0036350691	10303.00883936882
506	0.22701335	0.0	0.22701335	0.22701335	25.0	12650	2.0912921	0.03324116	2.501105	1.8283601	-2.0984368	0.0042057508	10322.994898319244
507	0.23172389	0.0	0.23172389	0.23172389	25.0	12675	2.0943491	0.040214293	3.0291636	1.9932466	-2.1017718	0.0041060774	10342.857084989548
508	0.4742632	0.0	0.4742632	0.4742632	25.0	12700	2.0942674	0.035888232	2.8550045	2.027618	-2.1044724	0.0037443184	10362.752661466599
509	0.0	0.0	0.0	0.0	25.0	12725	2.0947824	0.033237703	2.3915799	2.0129356	-2.1029	0.0050087734	10382.659083843231
510	0.9026401	0.0	0.9026401	0.9026401	25.0	12750	2.092724	0.029624557	2.4448092	1.9757216	-2.1027937	0.0046074633	10404.517439842224
511	0.04226054	0.0	0.04226054	0.04226054	25.0	12775	2.092119	0.03152122	2.5946002	1.9462396	-2.0997636	0.0044797235	10424.639012813568
512	0.029223768	0.0	0.029223768	0.029223768	25.0	12800	2.0925474	0.02703452	2.4245033	2.0203686	-2.0994062	0.004072124	10444.503236532211
513	0.29039797	0.0	0.29039797	0.29039797	25.0	12825	2.090598	0.031075168	2.4204636	1.998693	-2.0993898	0.0030396972	10464.352623701096
514	0.7089586	0.0	0.7089586	0.7089586	25.0	12850	2.0922074	0.031845037	2.4781864	2.013319	-2.101171	0.0037611434	10484.256764411926
515	0.43181545	0.0	0.43181545	0.43181545	25.0	12875	2.0916407	0.030655619	2.408221	1.9410818	-2.102715	0.0057157367	10503.991064310074
516	0.19684513	0.0	0.19684513	0.19684513	25.0	12900	2.0966568	0.033582933	2.411194	2.0096087	-2.1130023	0.004571196	10523.969810009003
517	0.0	0.0	0.0	0.0	25.0	12925	2.0928028	0.029265324	2.493321	1.9858959	-2.1014392	0.0041378713	10543.84231209755
518	0.25503772	0.0	0.25503772	0.25503772	25.0	12950	2.0988827	0.030617258	2.4529696	1.9758759	-2.1045403	0.005441823	10563.778052568436
519	0.7499697	0.0	0.7499697	0.7499697	25.0	12975	2.0973175	0.037081763	2.9086273	2.0055852	-2.103998	0.0054082805	10583.840616941452
520	0.32035178	0.0	0.32035178	0.32035178	25.0	13000	2.0907485	0.03132836	2.4856458	1.997362	-2.0996642	0.0035400146	10606.643104553223
521	0.64066046	0.0	0.64066046	0.64066046	25.0	13025	2.0913777	0.031433742	2.3674064	2.0229006	-2.0986855	0.005033279	10626.58569908142
522	0.88932776	0.0	0.88932776	0.88932776	25.0	13050	2.096614	0.035338134	2.5521672	2.00547	-2.1022081	0.00445732	10646.570365190506
523	0.19885065	0.0	0.19885065	0.19885065	25.0	13075	2.0925112	0.031550128	2.378373	2.0031028	-2.0969515	0.004037308	10666.339533090591
524	0.016137298	0.0	0.016137298	0.016137298	25.0	13100	2.095588	0.036046177	2.5304344	1.9937931	-2.1095338	0.005317111	10686.232191801071
525	0.4143529	0.0	0.4143529	0.4143529	25.0	13125	2.0909054	0.034836072	2.8344889	2.0330465	-2.0941954	0.0031875316	10706.125524997711
526	0.27562276	0.0	0.27562276	0.27562276	25.0	13150	2.0954561	0.03535207	2.6078596	2.024869	-2.1037226	0.0046873344	10726.045438528061
527	0.0	0.0	0.0	0.0	25.0	13175	2.0956073	0.03499318	2.5583568	1.8046591	-2.1062891	0.0065766163	10745.928933620453
528	0.3357608	0.0	0.3357608	0.3357608	25.0	13200	2.0924852	0.04070711	2.9725008	2.009574	-2.0992532	0.0042023854	10765.999963998795
529	0.17051847	0.0	0.17051847	0.17051847	25.0	13225	2.0924752	0.024930015	2.292087	1.9982429	-2.103312	0.0034098232	10785.901411056519
530	0.56901145	0.0	0.56901145	0.56901145	25.0	13250	2.095595	0.031789873	2.3886447	2.0052223	-2.1071918	0.004674895	10808.622212409973
531	0.04883211	0.0	0.04883211	0.04883211	25.0	13275	2.0903268	0.028132968	2.4486468	1.9941113	-2.102579	0.0037816286	10828.68130660057
532	0.2672676	0.0	0.2672676	0.2672676	25.0	13300	2.0976417	0.035628192	2.6273851	2.0234976	-2.103233	0.004133687	10848.57198214531
533	0.7800653	0.0	0.7800653	0.7800653	25.0	13325	2.0947855	0.031969074	2.706029	2.0018268	-2.1041214	0.004600372	10868.416245222092
534	0.69535846	0.0	0.69535846	0.69535846	25.0	13350	2.0959692	0.02755568	2.409651	1.9716842	-2.1065066	0.0045749424	10888.339645147324
535	0.21682188	0.0	0.21682188	0.21682188	25.0	13375	2.0982568	0.033038143	2.3217227	2.0106049	-2.1078818	0.0044718613	10908.272162914276
536	0.77256763	0.0	0.77256763	0.77256763	25.0	13400	2.0952456	0.029755853	2.4914386	1.9842592	-2.101233	0.0048501007	10928.106696367264
537	0.1319272	0.0	0.1319272	0.1319272	25.0	13425	2.0989165	0.03052178	2.5616474	2.0171294	-2.1079912	0.0058748047	10947.973083019257
538	0.2612409	0.0	0.2612409	0.2612409	25.0	13450	2.092868	0.030070778	2.411019	1.9873027	-2.0997648	0.003504394	10967.922838449478
539	0.16956083	0.0	0.16956083	0.16956083	25.0	13475	2.092236	0.02425358	2.2446864	2.0078468	-2.099868	0.0038669885	10987.927903175354
540	1.3091176	0.0	1.3091176	1.3091176	25.0	13500	2.0953958	0.03169051	2.4591205	2.0321121	-2.0989711	0.004247349	11011.080939531326
541	0.74699205	0.0	0.74699205	0.74699205	25.0	13525	2.0898626	0.026498629	2.2896953	1.9724888	-2.1007612	0.003930235	11031.010427951813
542	0.31836912	0.0	0.31836912	0.31836912	25.0	13550	2.096839	0.03372077	2.6161551	2.0285697	-2.1030166	0.0045807213	11051.011355161667
543	0.6454861	0.0	0.6454861	0.6454861	25.0	13575	2.0962877	0.02760726	2.3942707	1.9345374	-2.101465	0.004206087	11070.883577823639
544	0.2352302	0.0	0.2352302	0.2352302	25.0	13600	2.093891	0.033413164	2.8616498	2.0191133	-2.1031506	0.004164465	11090.757112026215
545	0.34188074	0.0	0.34188074	0.34188074	25.0	13625	2.0966098	0.041077916	3.1522365	2.0200644	-2.1017148	0.0037398331	11110.648978948593
546	0.23394619	0.0	0.23394619	0.23394619	25.0	13650	2.0928342	0.026906602	2.3330188	2.0179865	-2.1007702	0.0036043928	11130.52707862854
547	0.31998757	0.0	0.31998757	0.31998757	25.0	13675	2.095604	0.031931583	2.556081	2.0127056	-2.1047094	0.003690251	11150.39026093483
548	0.44310936	0.0	0.44310936	0.44310936	25.0	13700	2.0949826	0.033978105	2.5218606	1.9994261	-2.097957	0.004171972	11170.425233840942
549	0.5889116	0.0	0.5889116	0.5889116	25.0	13725	2.0968194	0.031024924	2.3886251	1.6928117	-2.1059637	0.0049093897	11190.304483890533
550	0.5159177	0.0	0.5159177	0.5159177	25.0	13750	2.0985746	0.04053508	2.871828	1.9995891	-2.1052508	0.0053607463	11213.060651540756
551	0.4957668	0.0	0.4957668	0.4957668	25.0	13775	2.0964196	0.036763586	2.6356823	1.9798486	-2.1061912	0.004475264	11232.999903678894
552	0.17391096	0.0	0.17391096	0.17391096	25.0	13800	2.0950904	0.032163408	2.607664	2.0139823	-2.104923	0.0035562338	11252.84552693367
553	0.0	0.0	0.0	0.0	25.0	13825	2.0980182	0.03025111	2.537499	1.6287425	-2.107907	0.005111107	11272.723098039627
554	0.04428597	0.0	0.04428597	0.04428597	25.0	13850	2.097777	0.028120652	2.341985	1.9980159	-2.101571	0.0043822895	11292.509150981903
555	0.383852	0.0	0.383852	0.383852	25.0	13875	2.095571	0.027761385	2.4328456	1.9576311	-2.1047497	0.003745675	11312.33948802948
556	0.021567963	0.0	0.021567963	0.021567963	25.0	13900	2.0966594	0.02751959	2.3469203	2.0120838	-2.1027143	0.0045192344	11332.262033939362
557	0.30627447	0.0	0.30627447	0.30627447	25.0	13925	2.0996025	0.03928992	2.9042807	2.0238707	-2.1096308	0.0056753266	11352.056981086731
558	0.2782068	0.0	0.2782068	0.2782068	25.0	13950	2.0954468	0.025057524	2.347694	2.0302882	-2.1010766	0.0038044387	11371.93867111206
559	0.15298957	0.0	0.15298957	0.15298957	25.0	13975	2.0964644	0.03658541	2.9234738	1.9935477	-2.1038878	0.0044237925	11391.89938044548
560	0.81681925	0.0	0.81681925	0.81681925	25.0	14000	2.0999153	0.038165182	3.0688877	2.0084662	-2.1069841	0.004550069	11414.741613864899
561	0.26746643	0.0	0.26746643	0.26746643	25.0	14025	2.0946844	0.03252539	2.4839675	2.0147972	-2.0983315	0.0041386033	11434.789489746094
562	0.32965544	0.0	0.32965544	0.32965544	25.0	14050	2.094934	0.028849002	2.5743542	2.0201814	-2.1043682	0.0032277396	11454.69339299202
563	0.0	0.0	0.0	0.0	25.0	14075	2.098758	0.033221498	2.560587	1.9761007	-2.110918	0.00470235	11474.560948848724
564	0.0	0.0	0.0	0.0	25.0	14100	2.0971541	0.028193805	2.4803843	2.035242	-2.1005802	0.0034867092	11494.45758008957
565	0.0	0.0	0.0	0.0	25.0	14125	2.097425	0.030752936	2.4089973	1.9976299	-2.1005676	0.004993223	11514.388921260834
566	0.05869233	0.0	0.05869233	0.05869233	25.0	14150	2.0974104	0.031931084	2.4924276	1.9972882	-2.104244	0.0045297104	11534.287452220917
567	0.74567187	0.0	0.74567187	0.74567187	25.0	14175	2.0955613	0.03840298	3.01375	2.0033243	-2.100525	0.0035017615	11554.133820772171
568	0.38823962	0.0	0.38823962	0.38823962	25.0	14200	2.094855	0.030224917	2.5197165	1.9982635	-2.1012716	0.003911402	11574.052292346954
569	0.41271025	0.0	0.41271025	0.41271025	25.0	14225	2.0982668	0.030633682	2.4415708	2.0205874	-2.1064303	0.00495835	11594.076658248901
570	0.0	0.0	0.0	0.0	25.0	14250	2.0946808	0.0283134	2.5481625	1.9919503	-2.10501	0.004542127	11616.924853801727
571	0.21473995	0.0	0.21473995	0.21473995	25.0	14275	2.0963333	0.028393941	2.3149452	1.9732252	-2.1016016	0.0044588777	11636.989620447159
572	0.4608027	0.0	0.4608027	0.4608027	25.0	14300	2.0892992	0.028159041	2.438064	2.0235627	-2.095442	0.0027153166	11656.977185487747
573	0.6332324	0.0	0.6332324	0.6332324	25.0	14325	2.0916352	0.029566243	2.4893992	2.0366716	-2.0987034	0.0045636417	11676.772125720978
574	0.29746312	0.0	0.29746312	0.29746312	25.0	14350	2.092019	0.027925301	2.4127	2.0048537	-2.1032095	0.0035663757	11696.668748378754
575	0.17072827	0.0	0.17072827	0.17072827	25.0	14375	2.0949993	0.032475222	2.54798	2.0296655	-2.1028893	0.0038969854	11716.491127252579
576	0.4940959	0.0	0.4940959	0.4940959	25.0	14400	2.0925026	0.026259955	2.329034	2.0165272	-2.0980368	0.004457208	11736.281869888306
577	0.91338515	0.0	0.91338515	0.91338515	25.0	14425	2.092926	0.037071094	3.0622	1.99827	-2.09825	0.003699989	11756.165133714676
578	0.0	0.0	0.0	0.0	25.0	14450	2.097684	0.028018879	2.3401	2.001853	-2.1006484	0.0050171567	11776.054411888123
579	0.0	0.0	0.0	0.0	25.0	14475	2.0920668	0.030281743	2.8504841	1.9836092	-2.1006417	0.0033781482	11797.05049443245
580	1.0530214	0.0	1.0530214	1.0530214	25.0	14500	2.0933714	0.02633746	2.3628573	2.0259118	-2.0963738	0.0041364604	11819.039758443832
581	0.30883184	0.0	0.30883184	0.30883184	25.0	14525	2.0906625	0.026852155	2.5218267	2.0202553	-2.0991123	0.0033681903	11839.028892755508
582	0.55292135	0.0	0.55292135	0.55292135	25.0	14550	2.0939329	0.028445408	2.499396	1.9918196	-2.1019006	0.004520106	11858.880969524384
583	0.99613935	0.0	0.99613935	0.99613935	25.0	14575	2.0914872	0.033828095	2.4596424	2.0060875	-2.0956466	0.0041900123	11878.672535181046
584	0.026067777	0.0	0.026067777	0.026067777	25.0	14600	2.0933504	0.029065201	2.4615228	2.0345745	-2.1035948	0.0048869485	11898.50681591034
585	0.20505919	0.0	0.20505919	0.20505919	25.0	14625	2.0941198	0.031493653	2.482611	2.016501	-2.098129	0.0041380636	11918.336603403091
586	0.57752657	0.0	0.57752657	0.57752657	25.0	14650	2.0905929	0.028251082	2.4878778	1.9864972	-2.0945923	0.003954064	11938.179262399673
587	0.6704932	0.0	0.6704932	0.6704932	25.0	14675	2.0904357	0.034879573	2.8998275	2.0045674	-2.0956306	0.0031818198	11958.027129650116
588	0.14022446	0.0	0.14022446	0.14022446	25.0	14700	2.0923645	0.035227455	2.9449952	2.0042663	-2.1000566	0.004183696	11977.940840005875
589	0.0050160442	0.0	0.0050160442	0.0050160442	25.0	14725	2.0933037	0.030693835	2.4302254	2.020478	-2.0987005	0.004784362	11998.855836391449
590	0.3533766	0.0	0.3533766	0.3533766	25.0	14750	2.0871766	0.031076059	2.4192872	1.9776189	-2.0937357	0.0037375346	12020.930136680603
591	1.1678752	0.0	1.1678752	1.1678752	25.0	14775	2.0952852	0.030573824	2.429294	1.9847791	-2.102738	0.0055092857	12041.003079652786
592	0.37030998	0.0	0.37030998	0.37030998	25.0	14800	2.093046	0.034418505	2.5465796	1.9374645	-2.098268	0.0048973565	12060.920056581497
593	0.39732584	0.0	0.39732584	0.39732584	25.0	14825	2.0876367	0.03523987	2.909895	2.0151272	-2.0912304	0.0032874793	12080.763481140137
594	0.80740255	0.0	0.80740255	0.80740255	25.0	14850	2.0898232	0.030114999	2.402722	1.961334	-2.0973446	0.0038891584	12100.708223819733
595	0.37309438	0.0	0.37309438	0.37309438	25.0	14875	2.0902734	0.02746655	2.399283	2.0069954	-2.0982947	0.004496275	12120.624816656113
596	0.47480327	0.0	0.47480327	0.47480327	25.0	14900	2.0883222	0.027093144	2.390186	1.9656131	-2.0918052	0.0032374104	12140.466972351074
597	0.0	0.0	0.0	0.0	25.0	14925	2.0875523	0.044058423	2.8902638	1.9743934	-2.0928452	0.005586552	12160.403965950012
598	0.17445715	0.0	0.17445715	0.17445715	25.0	14950	2.0910041	0.030983007	2.3587368	2.0111566	-2.0977814	0.0051093292	12180.279332876205
599	0.25662595	0.0	0.25662595	0.25662595	25.0	14975	2.0843997	0.028789517	2.3905337	1.9998703	-2.0955634	0.0035964153	12201.040627717972
600	0.3668957	0.0	0.3668957	0.3668957	25.0	15000	2.086042	0.028160442	2.3501797	1.9915959	-2.0943787	0.0039952514	12223.324251174927
601	0.60115665	0.0	0.60115665	0.60115665	25.0	15025	2.0902383	0.034556072	2.4755285	2.005262	-2.094692	0.0051147174	12243.334197998047
602	0.51028275	0.0	0.51028275	0.51028275	25.0	15050	2.0894907	0.036786012	2.8370688	2.001529	-2.0938046	0.0044581806	12263.186052560806
603	0.35293773	0.0	0.35293773	0.35293773	25.0	15075	2.0825818	0.035286468	2.440619	1.9621159	-2.0913918	0.0039160447	12283.006523132324
604	0.43758386	0.0	0.43758386	0.43758386	25.0	15100	2.087423	0.032918766	2.4914432	2.0126247	-2.0944467	0.003990187	12302.830406188965
605	0.36951846	0.0	0.36951846	0.36951846	25.0	15125	2.0878003	0.034646552	2.5124378	1.989491	-2.0934165	0.004252883	12322.664896965027
606	0.20804822	0.0	0.20804822	0.20804822	25.0	15150	2.0841627	0.028120002	2.353662	2.0019271	-2.089035	0.003510111	12342.514719486237
607	0.0564368	0.0	0.0564368	0.0564368	25.0	15175	2.0853045	0.032993145	2.4822974	1.9948674	-2.0914297	0.0050327694	12362.31501531601
608	0.0	0.0	0.0	0.0	25.0	15200	2.0896378	0.03198886	2.8589668	1.9858276	-2.0945399	0.0056069237	12382.158692836761
609	1.1052423	0.0	1.1052423	1.1052423	25.0	15225	2.0815713	0.025510523	2.504757	1.9643402	-2.0815275	0.0032395972	12403.161289930344
610	0.12999403	0.0	0.12999403	0.12999403	25.0	15250	2.0835907	0.02767646	2.3854296	2.0054255	-2.0876083	0.0044155475	12425.302876710892
611	0.41080937	0.0	0.41080937	0.41080937	25.0	15275	2.0837119	0.037835743	3.1292508	1.9539058	-2.0883489	0.004825725	12445.330015420914
612	0.107455514	0.0	0.107455514	0.107455514	25.0	15300	2.0788527	0.029309839	2.3539157	2.0014825	-2.0833793	0.0040347246	12465.26789689064
613	0.3216883	0.0	0.3216883	0.3216883	25.0	15325	2.084568	0.031232033	2.5122807	1.842189	-2.091414	0.004222441	12485.2480738163
614	0.041800693	0.0	0.041800693	0.041800693	25.0	15350	2.076291	0.028810883	2.5170426	1.9926231	-2.08188	0.003067513	12505.198027849197
615	0.24124318	0.0	0.24124318	0.24124318	25.0	15375	2.0772483	0.030457295	2.5336263	2.0145507	-2.0834775	0.0036054016	12525.06132721901
616	0.051248685	0.0	0.051248685	0.051248685	25.0	15400	2.0771646	0.029703105	2.5951304	1.9995812	-2.0804386	0.003933496	12544.798486471176
617	0.55286527	0.0	0.55286527	0.55286527	25.0	15425	2.0803711	0.03436364	2.716491	2.0050564	-2.0868647	0.003932797	12564.715113401413
618	0.2694041	0.0	0.2694041	0.2694041	25.0	15450	2.0779338	0.028923094	2.5041275	1.973981	-2.0847945	0.0035796228	12584.722951173782
619	0.5850582	0.0	0.5850582	0.5850582	25.0	15475	2.081458	0.042802762	3.2254975	1.9353627	-2.086792	0.004958675	12605.663692474365
620	0.0	0.0	0.0	0.0	25.0	15500	2.0822616	0.029506588	2.5993295	1.9871885	-2.0863814	0.0050265505	12627.79936337471
621	0.72729075	0.0	0.72729075	0.72729075	25.0	15525	2.0785546	0.03537793	2.8069885	2.0094333	-2.082459	0.0038531187	12647.883991003036
622	0.0014437533	0.0	0.0014437533	0.0014437533	25.0	15550	2.0766065	0.029085852	2.3548055	1.4455565	-2.083071	0.0040311655	12667.848624706268
623	0.38970953	0.0	0.38970953	0.38970953	25.0	15575	2.0782094	0.02612047	2.4202714	1.9901524	-2.0860853	0.003750639	12687.94081735611
624	0.03047124	0.0	0.03047124	0.03047124	25.0	15600	2.0813906	0.03307017	2.8690603	2.003237	-2.0884695	0.0045907446	12707.807696580887
625	1.3075095	0.0	1.3075095	1.3075095	25.0	15625	2.0775003	0.030131262	2.5117629	1.9760997	-2.0824807	0.0038921249	12727.665607213974
626	0.0	0.0	0.0	0.0	25.0	15650	2.0779753	0.026507169	2.3287718	1.9977894	-2.081039	0.0037827084	12747.583501815796
627	0.69811755	0.0	0.69811755	0.69811755	25.0	15675	2.0759978	0.037496924	2.9693947	2.0014465	-2.0779064	0.0037944985	12767.571863889694
628	0.7302068	0.0	0.7302068	0.7302068	25.0	15700	2.0764544	0.029767822	2.5943785	1.9980675	-2.081815	0.0041205753	12787.572550535202
629	0.20232785	0.0	0.20232785	0.20232785	25.0	15725	2.0708632	0.028688384	2.3271797	1.9867063	-2.0769935	0.0032421662	12808.51587510109
630	0.5706145	0.0	0.5706145	0.5706145	25.0	15750	2.0770226	0.027085992	2.444078	2.017025	-2.0816936	0.0045111873	12830.783972978592
631	0.59727836	0.0	0.59727836	0.59727836	25.0	15775	2.0772	0.025926113	2.3007176	1.9626883	-2.0837522	0.005573224	12850.73769903183
632	0.1116454	0.0	0.1116454	0.1116454	25.0	15800	2.0706441	0.03148461	2.4748838	1.9215962	-2.0753884	0.003382774	12870.59434723854
