Epoch	AverageEpRet	StdEpRet	MaxEpRet	MinEpRet	EpLen	TotalEnvInteracts	AverageQVals	StdQVals	MaxQVals	MinQVals	LossPi	LossQ	Time
1	6.6654334	0.0	6.6654334	6.6654334	25.0	25	0.19064285	0.3317943	0.89060485	-1.012221	-0.34974003	0.09447405	20.30862069129944
2	5.7054086	0.0	5.7054086	5.7054086	25.0	50	0.2533071	0.24406293	0.9559759	-0.39676535	-2.2158957	0.026116697	39.276063680648804
3	4.691717	0.0	4.691717	4.691717	25.0	75	0.34105903	0.23413716	1.0969504	-0.28500414	-5.802002	0.009365473	58.32217574119568
4	4.7149806	0.0	4.7149806	4.7149806	25.0	100	0.5581711	0.26622635	1.7252111	-0.10247356	-7.130116	0.013211846	77.24506211280823
5	6.1090593	0.0	6.1090593	6.1090593	25.0	125	0.9194518	1.1631858	7.587752	-1.4730903	-1.3740647	1.3524754	96.21316885948181
6	1.3556203	0.0	1.3556203	1.3556203	25.0	150	1.2458979	0.35139742	2.71228	0.57514536	-1.3672512	0.081501506	115.14051008224487
7	0.23904726	0.0	0.23904726	0.23904726	25.0	175	1.43099	0.3555774	2.9313946	0.9268645	-1.5517975	0.027997138	134.10050559043884
8	1.8896662	0.0	1.8896662	1.8896662	25.0	200	1.5105515	0.30620703	2.8767283	1.1099806	-1.7695731	0.02469809	153.0210723876953
9	2.6535335	0.0	2.6535335	2.6535335	25.0	225	1.5814803	0.2755697	2.8905716	1.2583073	-1.8379467	0.021937666	171.97718954086304
10	0.5852854	0.0	0.5852854	0.5852854	25.0	250	1.6250312	0.2526266	2.8126307	1.3309566	-1.8003165	0.015864223	191.2315182685852
11	0.5664213	0.0	0.5664213	0.5664213	25.0	275	1.636588	0.23374365	2.714128	1.3799329	-1.9011939	0.018656733	210.20819997787476
12	0.4678771	0.0	0.4678771	0.4678771	25.0	300	1.6524208	0.21195142	2.6890073	1.327465	-1.8430378	0.02255232	229.1338164806366
13	0.19002654	0.0	0.19002654	0.19002654	25.0	325	1.6176566	0.17981246	2.5961647	1.3421092	-1.6528512	0.013208492	248.0019326210022
14	4.3562875	0.0	4.3562875	4.3562875	25.0	350	1.6283815	0.17328061	2.5750134	1.4134004	-1.7439002	0.014080668	266.9553790092468
15	18.362991	0.0	18.362991	18.362991	25.0	375	1.686196	0.17966616	2.5740752	1.4002362	-2.1092036	0.034111794	285.8496115207672
16	1.0371928	0.0	1.0371928	1.0371928	25.0	400	1.7201418	0.1924778	2.5953364	1.4707154	-2.108068	0.041586623	304.83671164512634
17	0.877376	0.0	0.877376	0.877376	25.0	425	1.7397114	0.15766914	2.5926023	1.5037167	-1.9596426	0.032441314	323.78612327575684
18	0.4588312	0.0	0.4588312	0.4588312	25.0	450	1.769736	0.15515356	2.5535107	1.5364536	-1.9297187	0.030286748	342.7943203449249
19	0.7359529	0.0	0.7359529	0.7359529	25.0	475	1.8105152	0.16264778	2.7175205	1.5951061	-2.0452628	0.01810727	361.8260726928711
20	0.5833283	0.0	0.5833283	0.5833283	25.0	500	1.865218	0.1661779	2.7493718	1.6037861	-2.1879716	0.023824133	381.12144112586975
21	2.8415334	0.0	2.8415334	2.8415334	25.0	525	1.9373007	0.17585713	2.8041914	1.6519685	-2.3332682	0.021139296	400.06525325775146
22	1.0865175	0.0	1.0865175	1.0865175	25.0	550	2.0052323	0.16409038	2.8571954	1.7739558	-2.443606	0.023213776	419.03883385658264
23	0.59475374	0.0	0.59475374	0.59475374	25.0	575	2.0643275	0.1635146	2.8945372	1.8391829	-2.5475373	0.022970403	437.9140748977661
24	2.1148612	0.0	2.1148612	2.1148612	25.0	600	2.1473997	0.1602743	3.1173475	1.8600482	-2.5808418	0.017782204	456.86987805366516
25	0.3491869	0.0	0.3491869	0.3491869	25.0	625	2.283438	0.17433268	3.1670768	1.961665	-2.5613575	0.016939867	475.81298995018005
26	0.49226394	0.0	0.49226394	0.49226394	25.0	650	2.4197974	0.17463371	3.2941623	2.1285844	-2.742445	0.014095502	494.7894558906555
27	1.2445927	0.0	1.2445927	1.2445927	25.0	675	2.558629	0.1892535	3.514417	2.2244568	-3.022003	0.01599971	513.6842935085297
28	0.5021851	0.0	0.5021851	0.5021851	25.0	700	2.6766355	0.18930481	3.595127	2.3733757	-3.1671424	0.016482873	532.4815819263458
29	3.260083	0.0	3.260083	3.260083	25.0	725	2.786164	0.17838317	3.7532394	2.507441	-3.2205124	0.015494981	551.3647539615631
30	2.3914337	0.0	2.3914337	2.3914337	25.0	750	2.904412	0.19049284	3.8334262	2.6062515	-3.3783674	0.015713109	570.702864408493
31	4.733193	0.0	4.733193	4.733193	25.0	775	3.003247	0.1936347	4.004872	2.708014	-3.276776	0.018817369	589.7045664787292
32	0.86662227	0.0	0.86662227	0.86662227	25.0	800	3.0737827	0.1792713	4.128506	2.8082201	-3.2808774	0.018420262	608.6284601688385
33	1.3285662	0.0	1.3285662	1.3285662	25.0	825	3.1745985	0.19021429	4.3144517	2.829297	-3.3674786	0.017142354	627.544323682785
34	0.051007327	0.0	0.051007327	0.051007327	25.0	850	3.2585778	0.21170321	4.375515	2.9822576	-3.3667583	0.018559046	646.5045745372772
35	0.7698036	0.0	0.7698036	0.7698036	25.0	875	3.3361623	0.1893042	4.5094466	3.0694025	-3.6013348	0.01916332	665.4957163333893
36	0.8299953	0.0	0.8299953	0.8299953	25.0	900	3.4153864	0.20217945	4.6482882	3.1364353	-3.7387958	0.019306948	684.4975805282593
37	2.8422956	0.0	2.8422956	2.8422956	25.0	925	3.4730232	0.19729112	4.685476	3.1879065	-3.8166764	0.019355893	703.4641005992889
38	0.3489253	0.0	0.3489253	0.3489253	25.0	950	3.5079508	0.19263773	4.7214823	3.147146	-3.7637699	0.017762192	722.4114174842834
39	0.0	0.0	0.0	0.0	25.0	975	3.5446994	0.18905091	4.686019	3.2693639	-3.678043	0.019241918	741.4633026123047
40	0.19857322	0.0	0.19857322	0.19857322	25.0	1000	3.588158	0.1930658	4.795464	2.7065084	-3.753425	0.017757678	760.8239924907684
41	0.32379276	0.0	0.32379276	0.32379276	25.0	1025	3.6443198	0.19926655	5.159923	3.1171896	-3.9566712	0.017966405	779.9105045795441
42	0.8893739	0.0	0.8893739	0.8893739	25.0	1050	3.692987	0.21490742	5.000149	3.3688803	-3.95513	0.016407035	798.907057762146
43	1.5563992	0.0	1.5563992	1.5563992	25.0	1075	3.7346346	0.20130336	4.9584336	3.4774067	-4.002403	0.017098766	817.9616122245789
44	2.7192032	0.0	2.7192032	2.7192032	25.0	1100	3.7696722	0.21430686	5.057365	3.3790178	-4.090947	0.014610015	836.9355792999268
45	1.3162272	0.0	1.3162272	1.3162272	25.0	1125	3.810172	0.21374914	5.169876	3.5399575	-4.1555953	0.019916235	855.9829397201538
46	1.3005034	0.0	1.3005034	1.3005034	25.0	1150	3.8370562	0.21513635	5.211706	3.2737844	-4.126765	0.019061303	875.0490355491638
47	1.5295731	0.0	1.5295731	1.5295731	25.0	1175	3.8848004	0.20190644	5.2881427	3.4285228	-4.1177797	0.02211353	894.0665211677551
48	1.724789	0.0	1.724789	1.724789	25.0	1200	3.9722006	0.21577145	5.3399844	3.628175	-4.155717	0.016201543	913.1154477596283
49	2.3407288	0.0	2.3407288	2.3407288	25.0	1225	4.0242825	0.17311834	5.359764	2.72111	-4.164377	0.018328238	932.4049096107483
50	1.6651042	0.0	1.6651042	1.6651042	25.0	1250	4.1026177	0.19295323	5.402934	3.6580706	-4.2412286	0.016246023	951.8259034156799
51	1.9131635	0.0	1.9131635	1.9131635	25.0	1275	4.1595297	0.19914035	5.632057	3.859711	-4.3319263	0.018616147	970.8227353096008
52	0.54152316	0.0	0.54152316	0.54152316	25.0	1300	4.189255	0.17366344	5.510783	3.6337059	-4.3899674	0.017505763	990.212911605835
53	1.2965237	0.0	1.2965237	1.2965237	25.0	1325	4.2497587	0.21383521	5.740449	3.5526807	-4.4047074	0.022525081	1009.166006565094
54	1.4823326	0.0	1.4823326	1.4823326	25.0	1350	4.2750554	0.19832526	5.7307673	3.7525845	-4.4287086	0.019036133	1028.1171600818634
55	2.9519954	0.0	2.9519954	2.9519954	25.0	1375	4.314146	0.1951401	5.7944613	3.8931937	-4.469274	0.022079652	1047.0896480083466
56	5.3243356	0.0	5.3243356	5.3243356	25.0	1400	4.35143	0.19301705	5.7627444	4.0429893	-4.5163984	0.02513847	1066.1316990852356
57	5.684676	0.0	5.684676	5.684676	25.0	1425	4.3900666	0.21048284	5.9768515	3.6740239	-4.659674	0.025917562	1085.1935160160065
58	1.3860617	0.0	1.3860617	1.3860617	25.0	1450	4.409703	0.2133009	5.8232236	4.0595245	-4.6766768	0.029834654	1104.209777355194
59	0.07358877	0.0	0.07358877	0.07358877	25.0	1475	4.4508314	0.22565421	5.9926314	4.0170603	-4.6646376	0.030847004	1123.2985033988953
60	0.0	0.0	0.0	0.0	25.0	1500	4.4940553	0.23755412	6.027291	3.9083169	-4.7180853	0.025340244	1142.7102897167206
61	0.8724977	0.0	0.8724977	0.8724977	25.0	1525	4.511047	0.18984252	5.9927773	3.8611498	-4.6985307	0.02775611	1161.7701253890991
62	0.3351031	0.0	0.3351031	0.3351031	25.0	1550	4.5478587	0.22612731	6.1645694	3.9006667	-4.7142243	0.023018489	1180.8395409584045
63	0.71453446	0.0	0.71453446	0.71453446	25.0	1575	4.567368	0.20410877	6.1050014	4.025375	-4.7496	0.021085346	1199.9090051651
64	1.8057044	0.0	1.8057044	1.8057044	25.0	1600	4.596641	0.21879354	6.1955495	4.251703	-4.7747536	0.02952098	1218.966564655304
65	0.73070794	0.0	0.73070794	0.73070794	25.0	1625	4.6120768	0.1956016	6.341297	4.1387615	-4.7954044	0.02358767	1237.9936594963074
66	1.4263808	0.0	1.4263808	1.4263808	25.0	1650	4.654519	0.20501147	6.314643	4.1261683	-4.886478	0.028873613	1257.0569434165955
67	3.6758876	0.0	3.6758876	3.6758876	25.0	1675	4.684671	0.2057057	6.3265605	4.004269	-4.931101	0.02717767	1276.2136859893799
68	1.3354156	0.0	1.3354156	1.3354156	25.0	1700	4.722031	0.2289949	6.4451423	4.296338	-4.931594	0.028250523	1295.346247434616
69	1.9513462	0.0	1.9513462	1.9513462	25.0	1725	4.7643023	0.2336723	6.5248065	4.365438	-5.014825	0.027832739	1314.4145576953888
70	1.2047772	0.0	1.2047772	1.2047772	25.0	1750	4.80385	0.23352253	6.546122	4.321819	-5.1446533	0.030191801	1333.8704986572266
71	0.68755174	0.0	0.68755174	0.68755174	25.0	1775	4.836064	0.22154392	6.645193	4.444491	-5.2347264	0.029586757	1352.9700708389282
72	0.93397444	0.0	0.93397444	0.93397444	25.0	1800	4.8843427	0.21857598	6.8058248	4.3294735	-5.3029175	0.03141655	1372.048283815384
73	0.67686284	0.0	0.67686284	0.67686284	25.0	1825	4.94214	0.22553484	6.824399	4.4683766	-5.3186016	0.030678237	1391.1597292423248
74	1.3819677	0.0	1.3819677	1.3819677	25.0	1850	5.0098424	0.23554002	7.0463543	4.416865	-5.353938	0.03141179	1410.65532040596
75	1.6976902	0.0	1.6976902	1.6976902	25.0	1875	5.0750337	0.22870846	6.8954196	4.0595236	-5.39776	0.03360465	1429.6352298259735
76	0.80642277	0.0	0.80642277	0.80642277	25.0	1900	5.140865	0.212188	7.001328	4.587961	-5.5055346	0.03423184	1448.738867521286
77	0.18543473	0.0	0.18543473	0.18543473	25.0	1925	5.2116685	0.21765839	7.0237446	4.8257136	-5.4967713	0.034210548	1467.757751941681
78	0.57474905	0.0	0.57474905	0.57474905	25.0	1950	5.2777543	0.23947707	7.0487137	4.427039	-5.523228	0.03277569	1486.7769293785095
79	0.67378634	0.0	0.67378634	0.67378634	25.0	1975	5.3121243	0.22581522	7.1750894	4.775134	-5.628436	0.025200399	1505.8169522285461
80	2.0592217	0.0	2.0592217	2.0592217	25.0	2000	5.3626337	0.22983134	7.3209352	4.3912168	-5.8170457	0.027506681	1525.3168148994446
81	0.59064573	0.0	0.59064573	0.59064573	25.0	2025	5.4157715	0.2186975	7.2878723	4.8154516	-5.935798	0.032168288	1544.3819212913513
82	4.24339	0.0	4.24339	4.24339	25.0	2050	5.4944706	0.23605655	7.365325	4.574939	-6.236793	0.032739833	1563.3657896518707
83	1.9749789	0.0	1.9749789	1.9749789	25.0	2075	5.559496	0.2564105	7.457704	4.5905843	-6.0571575	0.041707497	1582.3900520801544
84	0.8843623	0.0	0.8843623	0.8843623	25.0	2100	5.617536	0.24357656	7.6250954	4.7208986	-6.0233893	0.03397912	1601.496812582016
85	1.4631498	0.0	1.4631498	1.4631498	25.0	2125	5.6972857	0.23279354	7.705438	4.5910983	-6.0055037	0.03523879	1620.6983306407928
86	3.9866397	0.0	3.9866397	3.9866397	25.0	2150	5.815658	0.24645527	7.8785605	3.7435787	-6.3066254	0.03593343	1639.727994441986
87	0.116246104	0.0	0.116246104	0.116246104	25.0	2175	5.9606347	0.2531144	8.031687	5.389262	-6.5391045	0.045354795	1658.7641882896423
88	0.7044685	0.0	0.7044685	0.7044685	25.0	2200	6.0161524	0.25434548	8.228011	5.3562226	-6.4255023	0.039180037	1677.8257710933685
89	1.306855	0.0	1.306855	1.306855	25.0	2225	6.070997	0.22299157	8.125659	5.4612036	-6.5746484	0.033017233	1696.9188859462738
90	0.0	0.0	0.0	0.0	25.0	2250	6.145459	0.27184907	8.189407	4.8413105	-6.743529	0.037768558	1716.295247077942
91	0.38555855	0.0	0.38555855	0.38555855	25.0	2275	6.2061095	0.20821005	8.14573	5.0982547	-6.583916	0.03216084	1735.2600150108337
92	8.72704	0.0	8.72704	8.72704	25.0	2300	6.315512	0.26675987	8.387489	5.2428017	-6.791945	0.037705477	1754.1097750663757
93	2.6035788	0.0	2.6035788	2.6035788	25.0	2325	6.4066186	0.25338367	8.479593	5.664087	-6.843931	0.04093156	1773.1059494018555
94	0.83654696	0.0	0.83654696	0.83654696	25.0	2350	6.496117	0.22672921	8.504999	4.938802	-6.8928294	0.042202115	1792.2715060710907
95	0.15280451	0.0	0.15280451	0.15280451	25.0	2375	6.578058	0.23531842	8.668069	5.8220425	-6.91049	0.031535868	1811.3499126434326
96	0.9638435	0.0	0.9638435	0.9638435	25.0	2400	6.6488743	0.24554148	9.093018	5.6919303	-7.012333	0.041096002	1830.406362771988
97	0.77973026	0.0	0.77973026	0.77973026	25.0	2425	6.7186913	0.27609485	8.908639	5.2718353	-7.070555	0.04527113	1849.5129272937775
98	0.21851945	0.0	0.21851945	0.21851945	25.0	2450	6.759188	0.28589934	8.941008	4.553471	-7.108852	0.046781152	1868.6578228473663
99	0.38492867	0.0	0.38492867	0.38492867	25.0	2475	6.7904835	0.26275384	10.05957	5.2317104	-7.083921	0.04917428	1887.8645977973938
100	1.2439978	0.0	1.2439978	1.2439978	25.0	2500	6.8234086	0.2726653	9.152427	5.6115527	-7.0705624	0.04678506	1907.217420578003
101	0.037882615	0.0	0.037882615	0.037882615	25.0	2525	6.8922358	0.2894956	9.269781	6.22892	-7.218209	0.04347758	1926.386405467987
102	1.1463147	0.0	1.1463147	1.1463147	25.0	2550	6.963932	0.26406193	9.376815	6.537595	-7.294783	0.03926362	1945.4492177963257
103	0.6239314	0.0	0.6239314	0.6239314	25.0	2575	7.000007	0.2306838	9.218414	6.092022	-7.3067775	0.038057588	1964.5218551158905
104	0.5190325	0.0	0.5190325	0.5190325	25.0	2600	7.052538	0.26972765	9.326273	5.846181	-7.3394594	0.033015106	1983.6390573978424
105	0.38558328	0.0	0.38558328	0.38558328	25.0	2625	7.098766	0.271298	9.475856	5.960191	-7.3777313	0.04044688	2002.7331986427307
106	0.30237877	0.0	0.30237877	0.30237877	25.0	2650	7.136593	0.27671674	9.467843	6.161724	-7.4476576	0.040719423	2021.805178642273
107	0.33974028	0.0	0.33974028	0.33974028	25.0	2675	7.194622	0.2558314	9.574436	6.4780593	-7.538812	0.04977171	2040.8698706626892
108	0.35710654	0.0	0.35710654	0.35710654	25.0	2700	7.234817	0.2608771	9.640752	6.753729	-7.6059704	0.03831148	2059.853682756424
109	1.0618712	0.0	1.0618712	1.0618712	25.0	2725	7.294313	0.29616717	9.861682	6.6393256	-7.636415	0.04774184	2078.9836263656616
110	0.3879511	0.0	0.3879511	0.3879511	25.0	2750	7.377014	0.295308	9.774397	6.9109945	-7.7216573	0.046951275	2098.461648464203
111	0.4201377	0.0	0.4201377	0.4201377	25.0	2775	7.407396	0.25557214	9.651328	6.5632844	-7.6970196	0.0466907	2117.5435662269592
112	0.7577396	0.0	0.7577396	0.7577396	25.0	2800	7.443687	0.27036563	9.85325	7.1058035	-7.7798963	0.04229436	2136.450518131256
113	0.46767968	0.0	0.46767968	0.46767968	25.0	2825	7.4800158	0.27555543	9.931327	6.7468395	-7.8548975	0.037569143	2155.3964829444885
114	0.4381657	0.0	0.4381657	0.4381657	25.0	2850	7.529607	0.2695052	10.048342	6.9391675	-7.9235234	0.037528172	2174.378396511078
115	0.64073545	0.0	0.64073545	0.64073545	25.0	2875	7.5812473	0.27665925	10.000178	7.0997224	-7.9582624	0.03637029	2193.503070116043
116	0.74009347	0.0	0.74009347	0.74009347	25.0	2900	7.658456	0.28696632	10.257082	7.14714	-8.100689	0.0607933	2212.606048107147
117	0.789512	0.0	0.789512	0.789512	25.0	2925	7.7005286	0.30407068	10.248074	7.2893643	-8.095749	0.044149157	2231.682550430298
118	0.46825132	0.0	0.46825132	0.46825132	25.0	2950	7.7694726	0.298112	10.266462	6.737049	-8.123911	0.047538243	2250.7220270633698
119	0.8717135	0.0	0.8717135	0.8717135	25.0	2975	7.822736	0.2507096	10.304927	7.4116526	-8.152624	0.03846158	2269.81103014946
120	1.0834626	0.0	1.0834626	1.0834626	25.0	3000	7.89578	0.2685382	10.511471	7.451113	-8.195352	0.037332192	2289.52841258049
121	0.3341198	0.0	0.3341198	0.3341198	25.0	3025	7.974932	0.3027226	10.530356	7.600116	-8.277761	0.04417745	2308.666526079178
122	0.7810043	0.0	0.7810043	0.7810043	25.0	3050	8.037207	0.28506726	10.873252	7.595353	-8.3365555	0.051246893	2327.843150138855
123	1.0685303	0.0	1.0685303	1.0685303	25.0	3075	8.063057	0.27583262	10.728788	7.0432796	-8.343895	0.045336712	2346.896512031555
124	1.9319507	0.0	1.9319507	1.9319507	25.0	3100	8.107657	0.2682187	10.736308	7.718025	-8.419901	0.0414484	2365.9269037246704
125	1.0324091	0.0	1.0324091	1.0324091	25.0	3125	8.140432	0.2510088	10.857279	7.6325316	-8.478445	0.043142427	2384.9991590976715
126	0.21596628	0.0	0.21596628	0.21596628	25.0	3150	8.184409	0.27382216	10.805342	7.2303452	-8.577742	0.042302385	2404.1003980636597
127	0.43781677	0.0	0.43781677	0.43781677	25.0	3175	8.22747	0.29813164	10.757852	7.613613	-8.638685	0.043097835	2423.202985048294
128	0.5277356	0.0	0.5277356	0.5277356	25.0	3200	8.261901	0.28851587	10.840277	7.36	-8.723127	0.043338504	2442.36399102211
129	0.52067626	0.0	0.52067626	0.52067626	25.0	3225	8.303555	0.23827477	10.721817	7.437025	-8.727758	0.04076277	2461.5313019752502
130	0.2636769	0.0	0.2636769	0.2636769	25.0	3250	8.364324	0.29269382	11.039745	7.741956	-8.755521	0.042344645	2481.108805656433
131	0.40733933	0.0	0.40733933	0.40733933	25.0	3275	8.400792	0.27041066	10.936876	7.752117	-8.8011465	0.037591606	2500.1603710651398
132	0.7448152	0.0	0.7448152	0.7448152	25.0	3300	8.486958	0.28849247	11.100118	7.566331	-8.920812	0.049580943	2522.351319551468
133	0.14015107	0.0	0.14015107	0.14015107	25.0	3325	8.555757	0.30638295	11.244456	7.773509	-9.047047	0.044301607	2541.3101942539215
134	0.8286896	0.0	0.8286896	0.8286896	25.0	3350	8.624308	0.28420362	11.5232315	7.773465	-9.026083	0.05776207	2560.3078722953796
135	0.0	0.0	0.0	0.0	25.0	3375	8.685167	0.33174467	11.2709055	7.616509	-9.170954	0.048559595	2579.321249485016
136	0.5788022	0.0	0.5788022	0.5788022	25.0	3400	8.746473	0.2781452	11.398362	7.653193	-9.319608	0.048497252	2598.2635684013367
137	0.43746665	0.0	0.43746665	0.43746665	25.0	3425	8.806809	0.28214508	11.640372	7.07232	-9.3689	0.0508848	2617.2623467445374
138	0.0	0.0	0.0	0.0	25.0	3450	8.876521	0.26416653	11.430296	8.129036	-9.515863	0.050522532	2636.3926508426666
139	0.60520315	0.0	0.60520315	0.60520315	25.0	3475	8.940774	0.31731752	11.669567	6.9162908	-9.436633	0.06351085	2655.4255175590515
140	0.4971513	0.0	0.4971513	0.4971513	25.0	3500	9.008405	0.2923782	11.543714	7.424685	-9.518158	0.04486338	2674.8586218357086
141	0.43279147	0.0	0.43279147	0.43279147	25.0	3525	9.128933	0.32081696	11.741492	8.027337	-9.709255	0.051206846	2694.283165216446
142	0.28191262	0.0	0.28191262	0.28191262	25.0	3550	9.2353525	0.30168548	12.156839	8.218608	-9.878682	0.055754095	2713.420645236969
143	0.3831558	0.0	0.3831558	0.3831558	25.0	3575	9.325395	0.30637267	12.348151	8.061886	-9.989954	0.053743213	2732.4593148231506
144	0.9303585	0.0	0.9303585	0.9303585	25.0	3600	9.437133	0.3354366	12.335552	7.9538116	-10.216092	0.058720365	2751.5827176570892
145	0.7577585	0.0	0.7577585	0.7577585	25.0	3625	9.519646	0.35527575	12.37019	7.322178	-10.275259	0.06571678	2770.717802286148
146	0.9555341	0.0	0.9555341	0.9555341	25.0	3650	9.611968	0.3304058	12.435618	8.447698	-10.408185	0.05772778	2789.875919818878
147	1.1070827	0.0	1.1070827	1.1070827	25.0	3675	9.746463	0.3680606	12.559421	8.166341	-10.484841	0.047253247	2809.026053905487
148	0.2953294	0.0	0.2953294	0.2953294	25.0	3700	9.819317	0.27970436	12.49343	8.162057	-10.392064	0.056824934	2828.1744253635406
149	0.67795765	0.0	0.67795765	0.67795765	25.0	3725	9.965558	0.30252793	12.780809	9.109799	-10.558899	0.052971598	2847.2856211662292
150	0.25388807	0.0	0.25388807	0.25388807	25.0	3750	10.08292	0.32274884	12.879798	8.754903	-10.481371	0.056460075	2866.8861045837402
151	0.67897713	0.0	0.67897713	0.67897713	25.0	3775	10.184662	0.2900558	13.027301	8.727327	-10.762901	0.051749874	2885.983639717102
152	1.2981516	0.0	1.2981516	1.2981516	25.0	3800	10.240548	0.280946	12.93565	9.138818	-10.748691	0.04790792	2905.0488369464874
153	0.89392316	0.0	0.89392316	0.89392316	25.0	3825	10.300725	0.29702142	13.131267	9.170734	-10.839636	0.051988766	2924.1096460819244
154	0.33892474	0.0	0.33892474	0.33892474	25.0	3850	10.3515415	0.31031337	13.214136	9.394058	-10.841322	0.048321363	2943.1181995868683
155	0.66352105	0.0	0.66352105	0.66352105	25.0	3875	10.425738	0.30375051	13.474215	8.513718	-10.939552	0.050174072	2962.183631658554
156	1.0175807	0.0	1.0175807	1.0175807	25.0	3900	10.501631	0.3086202	13.399163	9.385983	-11.025876	0.05041199	2981.1929984092712
157	0.5867521	0.0	0.5867521	0.5867521	25.0	3925	10.585608	0.28163797	13.690517	8.355969	-11.105238	0.061963603	3000.226009130478
158	0.10430279	0.0	0.10430279	0.10430279	25.0	3950	10.635725	0.30082706	13.740487	9.631629	-11.105225	0.052468915	3019.261415719986
159	0.032869052	0.0	0.032869052	0.032869052	25.0	3975	10.700918	0.24746853	13.636258	9.703828	-11.150726	0.05053769	3038.128178834915
160	0.41676176	0.0	0.41676176	0.41676176	25.0	4000	10.7773	0.29419366	13.764438	9.980407	-11.292584	0.051670454	3057.6964194774628
161	1.0459507	0.0	1.0459507	1.0459507	25.0	4025	10.838135	0.3125054	13.840945	9.84115	-11.333736	0.049658827	3076.6931369304657
162	0.065905176	0.0	0.065905176	0.065905176	25.0	4050	10.892694	0.32187676	13.854716	7.745983	-11.4021225	0.05604111	3095.7961931228638
163	3.9126177	0.0	3.9126177	3.9126177	25.0	4075	10.9229	0.27256885	13.794567	9.439172	-11.490401	0.0502712	3114.971143245697
164	2.174177	0.0	2.174177	2.174177	25.0	4100	11.009575	0.31877294	13.922985	9.799765	-11.6346	0.054291055	3134.1609921455383
165	1.088809	0.0	1.088809	1.088809	25.0	4125	11.053419	0.26418796	13.808794	9.8450985	-11.679705	0.05401003	3153.1383213996887
166	0.6332338	0.0	0.6332338	0.6332338	25.0	4150	11.122654	0.2878354	13.958144	9.793046	-11.674866	0.05192194	3172.366208076477
167	0.5276032	0.0	0.5276032	0.5276032	25.0	4175	11.177285	0.28408116	14.040586	10.070207	-11.745277	0.0596174	3191.291257381439
168	0.2187707	0.0	0.2187707	0.2187707	25.0	4200	11.255507	0.2902348	13.949207	10.161769	-11.896021	0.054578215	3210.40487074852
169	1.6068239	0.0	1.6068239	1.6068239	25.0	4225	11.343498	0.27527776	14.176881	10.826616	-12.044128	0.03782407	3229.5690348148346
170	1.2776836	0.0	1.2776836	1.2776836	25.0	4250	11.423332	0.2931234	14.271947	10.4713955	-12.205951	0.04380509	3249.049488067627
171	0.5867876	0.0	0.5867876	0.5867876	25.0	4275	11.489089	0.31365412	14.435657	9.371547	-12.218035	0.04799158	3268.084484577179
172	1.5630159	0.0	1.5630159	1.5630159	25.0	4300	11.579043	0.31646934	14.573829	11.067476	-12.304512	0.057372518	3287.145886182785
173	0.8943645	0.0	0.8943645	0.8943645	25.0	4325	11.670027	0.29075626	14.416477	10.97615	-12.367618	0.055264212	3306.2064006328583
174	0.6003214	0.0	0.6003214	0.6003214	25.0	4350	11.804612	0.31368074	14.845918	11.18859	-12.389513	0.054003283	3325.169701576233
175	0.9012129	0.0	0.9012129	0.9012129	25.0	4375	11.871529	0.28569496	14.783819	10.841377	-12.505105	0.05529063	3344.170079469681
176	0.22486174	0.0	0.22486174	0.22486174	25.0	4400	11.984376	0.31219283	14.918689	11.322065	-12.644138	0.046372008	3363.123978614807
177	0.94057316	0.0	0.94057316	0.94057316	25.0	4425	12.067244	0.30791357	15.193947	10.949264	-12.651447	0.054894313	3382.1541860103607
178	0.2811926	0.0	0.2811926	0.2811926	25.0	4450	12.109051	0.28165752	14.996452	11.202116	-12.68058	0.04717966	3401.175391435623
179	0.5092117	0.0	0.5092117	0.5092117	25.0	4475	12.149474	0.28639486	14.977741	10.756071	-12.715354	0.04898118	3420.1120312213898
180	0.46308276	0.0	0.46308276	0.46308276	25.0	4500	12.217927	0.3205725	14.95922	10.833623	-12.871703	0.06823796	3439.5867269039154
181	1.1645664	0.0	1.1645664	1.1645664	25.0	4525	12.299007	0.27391145	15.234404	11.612009	-12.865871	0.04371447	3458.5173366069794
182	0.45488468	0.0	0.45488468	0.45488468	25.0	4550	12.361292	0.26380432	15.058113	10.512846	-12.9228115	0.0539061	3477.4647397994995
183	0.99098676	0.0	0.99098676	0.99098676	25.0	4575	12.453305	0.28848845	15.274514	10.67821	-12.9560995	0.048313547	3496.531082868576
184	0.62856066	0.0	0.62856066	0.62856066	25.0	4600	12.533307	0.2846957	15.312354	11.218458	-13.041839	0.045810476	3515.4194474220276
185	0.5023761	0.0	0.5023761	0.5023761	25.0	4625	12.602156	0.28699356	15.383206	11.555312	-13.079385	0.0485197	3534.2989773750305
186	0.40185738	0.0	0.40185738	0.40185738	25.0	4650	12.656753	0.27282006	15.283062	11.310097	-13.209171	0.054591436	3553.2844071388245
187	1.1652471	0.0	1.1652471	1.1652471	25.0	4675	12.719975	0.27240065	15.405615	11.872055	-13.245779	0.046552047	3572.1543827056885
188	0.66711164	0.0	0.66711164	0.66711164	25.0	4700	12.762386	0.28669932	16.541956	11.546946	-13.400227	0.052658927	3591.088903427124
189	0.8466696	0.0	0.8466696	0.8466696	25.0	4725	12.815819	0.2935485	15.661127	11.242696	-13.402218	0.059723567	3610.090721130371
190	1.2274646	0.0	1.2274646	1.2274646	25.0	4750	12.870173	0.30174625	15.520393	9.953075	-13.408411	0.06000445	3629.687800884247
191	0.47500968	0.0	0.47500968	0.47500968	25.0	4775	12.915095	0.23429418	15.604657	11.770568	-13.437828	0.04519125	3648.680401325226
192	0.4189235	0.0	0.4189235	0.4189235	25.0	4800	12.990643	0.27806967	15.757762	11.73574	-13.475173	0.05902673	3667.727869749069
193	0.92514026	0.0	0.92514026	0.92514026	25.0	4825	13.053015	0.3170316	16.87741	10.628146	-13.533972	0.067224376	3686.78004527092
194	0.27165458	0.0	0.27165458	0.27165458	25.0	4850	13.099387	0.2940966	15.997854	11.93463	-13.646087	0.04580477	3705.864917755127
195	0.06597013	0.0	0.06597013	0.06597013	25.0	4875	13.155256	0.31424072	16.016027	12.296699	-13.848711	0.05119324	3725.07958650589
196	0.36966988	0.0	0.36966988	0.36966988	25.0	4900	13.195704	0.28129974	16.429646	11.992446	-13.741469	0.059301566	3744.049369096756
197	0.75776917	0.0	0.75776917	0.75776917	25.0	4925	13.25455	0.32673058	16.101717	11.080583	-13.755645	0.06254487	3762.987898826599
198	1.1833786	0.0	1.1833786	1.1833786	25.0	4950	13.261399	0.26074088	16.00627	11.788194	-13.779015	0.044654537	3782.2173516750336
199	1.4456263	0.0	1.4456263	1.4456263	25.0	4975	13.342532	0.34154385	16.30135	6.807798	-13.828556	0.07381211	3801.3666768074036
200	0.56869906	0.0	0.56869906	0.56869906	25.0	5000	13.398408	0.273144	16.117205	12.014459	-13.940499	0.06460731	3820.9427127838135
201	0.75414896	0.0	0.75414896	0.75414896	25.0	5025	13.471155	0.30737367	16.179052	11.86135	-13.96905	0.05337448	3839.8988976478577
202	0.3876668	0.0	0.3876668	0.3876668	25.0	5050	13.535232	0.30069318	16.36998	12.548196	-14.06411	0.07452859	3858.909937620163
203	0.5073045	0.0	0.5073045	0.5073045	25.0	5075	13.593056	0.3113273	16.321701	10.458473	-14.070483	0.06588579	3877.900022506714
204	1.279699	0.0	1.279699	1.279699	25.0	5100	13.63623	0.30946133	16.628391	12.054862	-14.127983	0.056323357	3897.032201528549
205	0.40254015	0.0	0.40254015	0.40254015	25.0	5125	13.673337	0.2585148	17.087454	12.282238	-14.171009	0.049596034	3916.0567948818207
206	1.82342	0.0	1.82342	1.82342	25.0	5150	13.728258	0.27153695	16.47478	12.216413	-14.251756	0.053938784	3935.108559846878
207	0.00035678386	0.0	0.00035678386	0.00035678386	25.0	5175	13.7931	0.30371502	16.711206	13.104026	-14.277036	0.049239427	3954.1566665172577
208	0.54765373	0.0	0.54765373	0.54765373	25.0	5200	13.819202	0.25823733	16.580774	11.721396	-14.366748	0.040617477	3973.248729944229
209	0.7032364	0.0	0.7032364	0.7032364	25.0	5225	13.876985	0.2645676	16.552431	12.875774	-14.382957	0.043500576	3992.21381688118
210	0.24733636	0.0	0.24733636	0.24733636	25.0	5250	13.925711	0.24863492	16.67725	12.178746	-14.421579	0.043116122	4011.8156609535217
211	0.0	0.0	0.0	0.0	25.0	5275	13.972669	0.27641457	16.652216	13.111311	-14.50177	0.03884011	4030.926830291748
212	0.0	0.0	0.0	0.0	25.0	5300	14.026309	0.23110217	16.699507	13.402734	-14.535328	0.047235046	4049.8790810108185
213	0.7121828	0.0	0.7121828	0.7121828	25.0	5325	14.077288	0.26643193	16.770325	13.007542	-14.604523	0.047145065	4068.813015937805
214	0.5007865	0.0	0.5007865	0.5007865	25.0	5350	14.149039	0.25299963	16.929544	13.371124	-14.635965	0.05116851	4087.7295200824738
215	1.0137719	0.0	1.0137719	1.0137719	25.0	5375	14.186106	0.27012965	16.69066	13.231261	-14.702875	0.061108075	4106.778255939484
216	0.7612175	0.0	0.7612175	0.7612175	25.0	5400	14.249055	0.27072462	16.912254	13.852761	-14.796647	0.03838323	4125.696487665176
217	0.53357977	0.0	0.53357977	0.53357977	25.0	5425	14.313503	0.27401856	16.94442	13.218148	-14.839317	0.044611562	4144.735997200012
218	1.5431058	0.0	1.5431058	1.5431058	25.0	5450	14.343701	0.24374604	17.114948	13.7832155	-14.874974	0.0429023	4163.691770792007
219	1.0386258	0.0	1.0386258	1.0386258	25.0	5475	14.402012	0.24486391	16.979725	13.440985	-14.920942	0.046411373	4182.705966472626
220	0.43093255	0.0	0.43093255	0.43093255	25.0	5500	14.462607	0.24866514	16.917356	13.702415	-15.001002	0.041664854	4202.267861604691
221	0.9610951	0.0	0.9610951	0.9610951	25.0	5525	14.524466	0.2813058	17.278898	14.064668	-15.046579	0.0410287	4221.171489477158
222	0.35785258	0.0	0.35785258	0.35785258	25.0	5550	14.560864	0.26773232	17.224136	14.0278015	-15.119992	0.041356303	4240.092067480087
223	0.41312078	0.0	0.41312078	0.41312078	25.0	5575	14.626206	0.24578905	17.36308	14.164611	-15.182509	0.046232015	4259.095016241074
224	0.4928652	0.0	0.4928652	0.4928652	25.0	5600	14.684623	0.266079	17.303167	13.61959	-15.254758	0.039475854	4278.0748472213745
225	0.1498108	0.0	0.1498108	0.1498108	25.0	5625	14.722899	0.23326258	17.19898	13.561614	-15.312074	0.046349656	4297.0322265625
226	0.48903844	0.0	0.48903844	0.48903844	25.0	5650	14.782598	0.2441469	17.417765	13.9831	-15.379437	0.033576418	4316.095537900925
227	0.45125946	0.0	0.45125946	0.45125946	25.0	5675	14.841474	0.25023657	17.454174	14.277784	-15.419124	0.038200952	4335.128892660141
228	0.18325354	0.0	0.18325354	0.18325354	25.0	5700	14.897622	0.24588844	17.656803	13.836231	-15.468729	0.034753226	4354.021895170212
229	0.8000171	0.0	0.8000171	0.8000171	25.0	5725	14.962983	0.2549553	17.73688	13.813568	-15.522609	0.04613699	4372.8967163562775
230	0.71689296	0.0	0.71689296	0.71689296	25.0	5750	15.021851	0.25725672	17.565733	14.588486	-15.589355	0.038675845	4392.4655883312225
231	0.8953982	0.0	0.8953982	0.8953982	25.0	5775	15.070477	0.2544454	17.812708	13.515928	-15.6372385	0.039216142	4411.434197187424
232	0.7108724	0.0	0.7108724	0.7108724	25.0	5800	15.130803	0.2850832	17.805008	14.14516	-15.681751	0.047201086	4430.384780883789
233	0.42425358	0.0	0.42425358	0.42425358	25.0	5825	15.170813	0.24494371	17.85029	14.484769	-15.757947	0.039393265	4449.329063177109
234	0.8370073	0.0	0.8370073	0.8370073	25.0	5850	15.224978	0.23897019	18.215008	14.586263	-15.798125	0.048343167	4468.248332500458
235	0.8258926	0.0	0.8258926	0.8258926	25.0	5875	15.301984	0.28603786	18.27816	14.14388	-15.8714905	0.04668934	4487.3151268959045
236	0.38959923	0.0	0.38959923	0.38959923	25.0	5900	15.336831	0.21790458	18.160398	14.149021	-15.903772	0.045675006	4506.377865314484
237	0.8447489	0.0	0.8447489	0.8447489	25.0	5925	15.411136	0.30194563	18.528784	12.307867	-15.979816	0.06638862	4525.61381149292
238	0.43295377	0.0	0.43295377	0.43295377	25.0	5950	15.445865	0.299103	18.617155	11.396264	-16.054176	0.078424856	4544.591929197311
239	1.2128035	0.0	1.2128035	1.2128035	25.0	5975	15.526239	0.32904416	18.534498	11.603944	-16.080189	0.07880271	4563.614735364914
240	0.26480985	0.0	0.26480985	0.26480985	25.0	6000	15.569607	0.30471286	18.085077	12.664714	-16.151617	0.069788046	4583.336447715759
241	0.21281329	0.0	0.21281329	0.21281329	25.0	6025	15.6204195	0.25311235	18.130268	13.794712	-16.197062	0.054186802	4602.343746423721
242	1.2132312	0.0	1.2132312	1.2132312	25.0	6050	15.688384	0.25764912	18.058258	13.8297825	-16.295004	0.06555915	4621.364129543304
243	2.313742	0.0	2.313742	2.313742	25.0	6075	15.753449	0.31439415	18.887886	13.475336	-16.376738	0.07781278	4640.290647268295
244	0.7654715	0.0	0.7654715	0.7654715	25.0	6100	15.827263	0.30529505	18.927483	13.680445	-16.44314	0.062199797	4659.259630680084
245	0.5137436	0.0	0.5137436	0.5137436	25.0	6125	15.857026	0.2653423	18.542841	12.293496	-16.481743	0.057311606	4678.289274930954
246	0.66728187	0.0	0.66728187	0.66728187	25.0	6150	15.929723	0.2998218	19.00238	13.115463	-16.554493	0.06606011	4697.288707494736
247	0.8886688	0.0	0.8886688	0.8886688	25.0	6175	16.000477	0.31107718	19.639742	14.711971	-16.578382	0.060108714	4716.280725240707
248	0.3589355	0.0	0.3589355	0.3589355	25.0	6200	16.045399	0.25303632	18.819708	13.95931	-16.70768	0.054116417	4735.443951368332
249	0.5255865	0.0	0.5255865	0.5255865	25.0	6225	16.130623	0.28524038	19.041935	13.709889	-16.731976	0.058244772	4754.447870731354
250	1.091375	0.0	1.091375	1.091375	25.0	6250	16.185114	0.2867762	19.300463	14.077583	-16.796381	0.059555963	4773.945227146149
251	0.3361291	0.0	0.3361291	0.3361291	25.0	6275	16.24392	0.30663437	18.979202	12.724895	-16.849262	0.059548564	4792.955302238464
252	0.12439393	0.0	0.12439393	0.12439393	25.0	6300	16.30165	0.2715204	19.05716	14.108562	-16.899092	0.060077026	4811.972619533539
253	0.2536704	0.0	0.2536704	0.2536704	25.0	6325	16.363325	0.25242025	19.57524	15.6380415	-16.994017	0.054833543	4830.998697042465
254	0.2771048	0.0	0.2771048	0.2771048	25.0	6350	16.420517	0.26691142	19.23734	13.557338	-17.046572	0.060138512	4850.086457490921
255	0.85538304	0.0	0.85538304	0.85538304	25.0	6375	16.496204	0.23828214	18.928236	15.939313	-17.094934	0.049502477	4869.160510778427
256	0.8876644	0.0	0.8876644	0.8876644	25.0	6400	16.557568	0.26039192	19.103365	15.448469	-17.178843	0.05094964	4888.26867890358
257	0.68266827	0.0	0.68266827	0.68266827	25.0	6425	16.603304	0.27903345	19.362566	14.758299	-17.257881	0.055770203	4907.271059751511
258	0.63313293	0.0	0.63313293	0.63313293	25.0	6450	16.676142	0.28288907	19.250422	16.085835	-17.289923	0.053560194	4926.2520797252655
259	0.2612485	0.0	0.2612485	0.2612485	25.0	6475	16.741125	0.29951915	19.432507	15.473176	-17.365013	0.043275498	4945.2186160087585
260	0.51163214	0.0	0.51163214	0.51163214	25.0	6500	16.798506	0.25497714	19.408613	16.20853	-17.434174	0.040916465	4964.867980003357
261	0.22361173	0.0	0.22361173	0.22361173	25.0	6525	16.852755	0.24575786	19.390795	15.228356	-17.489902	0.04414744	4983.87441778183
262	0.6720704	0.0	0.6720704	0.6720704	25.0	6550	16.907143	0.22733197	19.84941	16.291622	-17.551	0.039281994	5002.891799926758
263	0.5199178	0.0	0.5199178	0.5199178	25.0	6575	16.989758	0.2673978	19.782349	16.425117	-17.61203	0.039246775	5021.933227777481
264	0.9598828	0.0	0.9598828	0.9598828	25.0	6600	17.040478	0.21175714	19.474777	16.198606	-17.67486	0.040417925	5040.993621587753
265	0.9526194	0.0	0.9526194	0.9526194	25.0	6625	17.096931	0.23346683	20.07197	16.120808	-17.733408	0.04191673	5060.065380573273
266	0.29708734	0.0	0.29708734	0.29708734	25.0	6650	17.175175	0.26575735	20.026533	16.410503	-17.843822	0.047872547	5079.063851118088
267	1.7311027	0.0	1.7311027	1.7311027	25.0	6675	17.236494	0.2411137	19.744766	15.895459	-17.893414	0.042345475	5098.12539935112
268	0.6152257	0.0	0.6152257	0.6152257	25.0	6700	17.309725	0.27103466	19.877424	16.324846	-17.941374	0.054059356	5117.1207501888275
269	0.582253	0.0	0.582253	0.582253	25.0	6725	17.355423	0.23949802	19.981169	16.6367	-18.014023	0.046657573	5136.050292015076
270	0.49542558	0.0	0.49542558	0.49542558	25.0	6750	17.433107	0.27010262	20.076918	16.836304	-18.092134	0.042691074	5155.668076753616
271	0.5725501	0.0	0.5725501	0.5725501	25.0	6775	17.492798	0.238194	20.053684	16.528568	-18.141685	0.041284487	5174.772761583328
272	1.27383	0.0	1.27383	1.27383	25.0	6800	17.543873	0.24900341	20.19796	15.5398655	-18.4011	0.04916063	5193.763346672058
273	0.903279	0.0	0.903279	0.903279	25.0	6825	17.633266	0.28715402	21.011131	15.820042	-18.494759	0.051093478	5212.726267337799
274	0.7089178	0.0	0.7089178	0.7089178	25.0	6850	17.667303	0.24623029	20.1266	15.776662	-18.583708	0.05864698	5231.717324256897
275	1.3012923	0.0	1.3012923	1.3012923	25.0	6875	17.760994	0.24475014	20.263338	16.948359	-18.663397	0.04841609	5250.754229784012
276	2.4077961	0.0	2.4077961	2.4077961	25.0	6900	17.856222	0.23402026	20.401407	16.407219	-18.725067	0.039557252	5269.799243688583
277	0.4613441	0.0	0.4613441	0.4613441	25.0	6925	17.980253	0.2363973	20.650068	17.044811	-18.81088	0.04356731	5288.792900085449
278	0.28115165	0.0	0.28115165	0.28115165	25.0	6950	18.116009	0.2619521	20.825817	16.941807	-18.975147	0.043672014	5307.799599885941
279	0.77977294	0.0	0.77977294	0.77977294	25.0	6975	18.224745	0.27406538	21.395401	17.214283	-19.092484	0.06809004	5326.869589328766
280	0.5119223	0.0	0.5119223	0.5119223	25.0	7000	18.322248	0.25665197	20.885271	15.449926	-19.161379	0.055675603	5346.539427280426
281	2.460138	0.0	2.460138	2.460138	25.0	7025	18.396051	0.2284103	21.235237	17.092968	-19.206493	0.054482147	5365.626397609711
282	0.95393276	0.0	0.95393276	0.95393276	25.0	7050	18.488436	0.28036818	21.297491	15.880878	-19.371788	0.059181556	5384.618896961212
283	1.4445208	0.0	1.4445208	1.4445208	25.0	7075	18.60675	0.28610766	21.489214	16.840132	-19.557318	0.05323969	5403.649755954742
284	2.7844603	0.0	2.7844603	2.7844603	25.0	7100	18.68993	0.28198555	21.610415	16.581213	-19.690987	0.06385633	5422.737989664078
285	0.98065096	0.0	0.98065096	0.98065096	25.0	7125	18.775124	0.23738445	21.178968	17.244028	-19.690985	0.05121069	5441.718980550766
286	0.86962986	0.0	0.86962986	0.86962986	25.0	7150	18.86952	0.26750267	21.628658	17.06046	-19.800678	0.050630573	5460.88268828392
287	0.49089125	0.0	0.49089125	0.49089125	25.0	7175	18.962862	0.23332845	21.689703	17.76137	-19.795975	0.04953456	5479.898490905762
288	0.44025996	0.0	0.44025996	0.44025996	25.0	7200	19.074738	0.26222542	21.72137	16.755518	-19.84686	0.0582502	5498.893244504929
289	0.9003836	0.0	0.9003836	0.9003836	25.0	7225	19.194025	0.254781	21.811565	17.305948	-19.999527	0.059890933	5517.871032238007
290	0.9429072	0.0	0.9429072	0.9429072	25.0	7250	19.28671	0.25475782	22.458406	17.776928	-20.1294	0.053687584	5537.600234985352
291	1.0405053	0.0	1.0405053	1.0405053	25.0	7275	19.382969	0.2699767	21.997007	17.37988	-20.284742	0.05445851	5556.570659399033
292	1.3857584	0.0	1.3857584	1.3857584	25.0	7300	19.459568	0.22459707	21.925398	17.081501	-20.334002	0.04935125	5575.620185852051
293	0.5129576	0.0	0.5129576	0.5129576	25.0	7325	19.550474	0.25090358	21.859158	17.08345	-20.405935	0.05985999	5594.678220272064
294	0.49690825	0.0	0.49690825	0.49690825	25.0	7350	19.62009	0.23062457	22.19823	17.906399	-20.421532	0.047490746	5613.710209608078
295	1.2858214	0.0	1.2858214	1.2858214	25.0	7375	19.709633	0.26947984	22.488113	18.390001	-20.513906	0.05129591	5632.838040828705
296	0.22564603	0.0	0.22564603	0.22564603	25.0	7400	19.80111	0.23794062	22.65265	17.924229	-20.576689	0.054203715	5651.896914243698
297	0.8443041	0.0	0.8443041	0.8443041	25.0	7425	19.873817	0.25876573	22.313429	18.75309	-20.614357	0.0634053	5670.959495067596
298	0.26409847	0.0	0.26409847	0.26409847	25.0	7450	19.963018	0.24765591	22.860495	18.640238	-20.751127	0.058944937	5689.977217435837
299	0.46350408	0.0	0.46350408	0.46350408	25.0	7475	20.03098	0.24993055	22.646803	18.119865	-20.816591	0.066702075	5709.007107019424
300	1.2322903	0.0	1.2322903	1.2322903	25.0	7500	20.114866	0.3159256	23.439297	19.002653	-21.040691	0.071156904	5728.769572973251
301	0.3236528	0.0	0.3236528	0.3236528	25.0	7525	20.178621	0.2609886	22.782957	17.432217	-21.185349	0.0617803	5747.865450620651
302	1.3082911	0.0	1.3082911	1.3082911	25.0	7550	20.262413	0.3155088	23.150076	16.689907	-21.334824	0.082842596	5767.926779270172
303	0.6647159	0.0	0.6647159	0.6647159	25.0	7575	20.361868	0.2746666	23.083776	18.078829	-21.408115	0.0643796	5786.936959266663
304	0.56545675	0.0	0.56545675	0.56545675	25.0	7600	20.494785	0.26874632	23.076483	18.801752	-21.578249	0.06501663	5805.957339048386
305	0.0	0.0	0.0	0.0	25.0	7625	20.629663	0.31738555	23.802925	17.950953	-21.80223	0.08375688	5825.099741220474
306	0.5465706	0.0	0.5465706	0.5465706	25.0	7650	20.770313	0.25208673	23.454672	19.19562	-21.842772	0.051533543	5844.038984298706
307	0.8996426	0.0	0.8996426	0.8996426	25.0	7675	20.929138	0.24330384	24.908829	19.122086	-21.841864	0.05906432	5863.099534273148
308	1.3415613	0.0	1.3415613	1.3415613	25.0	7700	21.021374	0.29970682	25.135881	16.761274	-22.020248	0.08342545	5882.948311328888
309	0.0	0.0	0.0	0.0	25.0	7725	21.128183	0.33853656	23.37776	11.429081	-22.04906	0.11461289	5901.976809263229
310	0.28879505	0.0	0.28879505	0.28879505	25.0	7750	21.259872	0.28354925	24.538105	17.15916	-22.237026	0.08010292	5921.83839058876
311	0.45964998	0.0	0.45964998	0.45964998	25.0	7775	21.36474	0.26087156	23.946983	18.157446	-22.348522	0.06343517	5941.3110871315
312	0.20592427	0.0	0.20592427	0.20592427	25.0	7800	21.473068	0.397781	31.84588	18.283083	-22.46421	0.13888146	5960.320781946182
313	2.3075416	0.0	2.3075416	2.3075416	25.0	7825	21.546959	0.29746726	24.144999	15.002482	-22.53079	0.08331272	5979.405603170395
314	0.020381412	0.0	0.020381412	0.020381412	25.0	7850	21.6518	0.27306154	24.223497	21.017004	-22.672388	0.05212746	5998.6048102378845
315	0.2250346	0.0	0.2250346	0.2250346	25.0	7875	21.75747	0.25518867	24.471615	20.1658	-22.964712	0.060195338	6017.712898015976
316	0.8546768	0.0	0.8546768	0.8546768	25.0	7900	21.858337	0.23339075	24.723177	20.326353	-23.45168	0.046454903	6036.835291147232
317	0.7539432	0.0	0.7539432	0.7539432	25.0	7925	22.01437	0.29758286	24.698593	20.383244	-23.626404	0.070221685	6055.961523532867
318	0.68738234	0.0	0.68738234	0.68738234	25.0	7950	22.14521	0.28926963	26.049086	20.275122	-23.62637	0.077030815	6075.3480389118195
319	0.5695726	0.0	0.5695726	0.5695726	25.0	7975	22.31674	0.27920303	25.22912	20.28627	-23.585512	0.053247128	6094.443549156189
320	1.8036666	0.0	1.8036666	1.8036666	25.0	8000	22.59042	0.26872668	25.573843	20.136688	-23.776209	0.05457509	6114.416983127594
321	0.34354606	0.0	0.34354606	0.34354606	25.0	8025	22.80956	0.25445956	25.690725	21.116665	-23.888374	0.049827494	6133.726843595505
322	0.55842036	0.0	0.55842036	0.55842036	25.0	8050	23.005508	0.27490366	25.972664	21.1567	-24.07818	0.05406549	6152.638164758682
323	1.124114	0.0	1.124114	1.124114	25.0	8075	23.190044	0.29211107	26.02796	21.880007	-24.278807	0.05802509	6171.658871412277
324	0.31830567	0.0	0.31830567	0.31830567	25.0	8100	23.295202	0.23945174	25.65702	22.600332	-24.335308	0.051282283	6190.962602853775
325	0.7361149	0.0	0.7361149	0.7361149	25.0	8125	23.413244	0.2608156	25.750284	22.257765	-24.510736	0.06615634	6210.000957250595
326	0.5119182	0.0	0.5119182	0.5119182	25.0	8150	23.505342	0.2567019	26.246449	21.238174	-24.502111	0.053267993	6229.035395860672
327	0.22115093	0.0	0.22115093	0.22115093	25.0	8175	23.617657	0.30037847	27.244108	21.763062	-24.573034	0.060482077	6249.005324840546
328	0.93478626	0.0	0.93478626	0.93478626	25.0	8200	23.698372	0.2223111	26.061167	22.320957	-24.629475	0.050294388	6268.0507555007935
329	0.0	0.0	0.0	0.0	25.0	8225	23.804005	0.25134367	26.656645	22.5349	-24.783197	0.04798062	6287.053683757782
330	0.4356547	0.0	0.4356547	0.4356547	25.0	8250	23.897966	0.28801128	27.074951	21.302992	-24.798052	0.05686971	6307.866747379303
331	0.3468648	0.0	0.3468648	0.3468648	25.0	8275	23.99719	0.3016789	27.498838	22.618673	-24.914051	0.0665576	6326.883568525314
332	0.28683335	0.0	0.28683335	0.28683335	25.0	8300	24.078241	0.27306595	28.108267	23.05632	-25.0102	0.06399217	6345.898409605026
333	1.6276901	0.0	1.6276901	1.6276901	25.0	8325	24.16298	0.31280008	27.083435	21.67222	-25.12124	0.07277586	6365.826670885086
334	0.6222205	0.0	0.6222205	0.6222205	25.0	8350	24.244698	0.24644476	26.625582	23.113604	-25.15849	0.056445554	6384.8308753967285
335	0.43540806	0.0	0.43540806	0.43540806	25.0	8375	24.332075	0.22496042	26.672068	23.503729	-25.297623	0.048391618	6403.904079914093
336	0.64450383	0.0	0.64450383	0.64450383	25.0	8400	24.431213	0.26661515	27.353397	21.946894	-25.385408	0.05396567	6422.968570947647
337	0.45200786	0.0	0.45200786	0.45200786	25.0	8425	24.52228	0.25411162	27.276548	23.93927	-25.43485	0.052232448	6442.034474372864
338	0.15299714	0.0	0.15299714	0.15299714	25.0	8450	24.610014	0.25241247	27.3884	23.068453	-25.579191	0.05093842	6461.074660778046
339	0.5017732	0.0	0.5017732	0.5017732	25.0	8475	24.69834	0.28603774	27.498636	21.633337	-25.589746	0.06100851	6481.281245231628
340	1.857869	0.0	1.857869	1.857869	25.0	8500	24.78505	0.30178183	28.036425	22.866146	-25.72707	0.07520047	6501.156487464905
341	0.4384236	0.0	0.4384236	0.4384236	25.0	8525	24.86688	0.2518789	27.549656	22.461317	-25.87369	0.066706076	6520.233278989792
342	0.7399937	0.0	0.7399937	0.7399937	25.0	8550	24.970741	0.27931502	27.7946	23.840427	-25.952778	0.061724853	6539.484667301178
343	1.2929182	0.0	1.2929182	1.2929182	25.0	8575	25.054499	0.2910581	27.952305	23.050047	-26.016356	0.072992414	6558.499109506607
344	1.1178095	0.0	1.1178095	1.1178095	25.0	8600	25.159409	0.25638455	28.350948	23.861773	-26.098335	0.058818836	6577.554146051407
345	0.9083148	0.0	0.9083148	0.9083148	25.0	8625	25.255653	0.29150227	27.97509	23.491104	-26.221258	0.07079101	6596.596940994263
346	0.38080746	0.0	0.38080746	0.38080746	25.0	8650	25.324532	0.2489226	28.18598	24.081642	-26.270636	0.0516417	6616.1395943164825
347	0.54593146	0.0	0.54593146	0.54593146	25.0	8675	25.423428	0.31937823	28.266983	23.047024	-26.390722	0.07132082	6635.204754114151
348	0.4671604	0.0	0.4671604	0.4671604	25.0	8700	25.506975	0.24958971	28.080957	24.358969	-26.463291	0.056815196	6654.333527803421
349	0.56149507	0.0	0.56149507	0.56149507	25.0	8725	25.603798	0.2555477	28.417263	23.331444	-26.559074	0.05702629	6673.495239019394
350	2.118618	0.0	2.118618	2.118618	25.0	8750	25.697826	0.27143356	28.369846	24.063168	-26.696993	0.053750586	6693.361763238907
351	0.96519864	0.0	0.96519864	0.96519864	25.0	8775	25.790447	0.25466156	28.87692	24.448927	-26.788685	0.061212186	6712.491091966629
352	0.44823492	0.0	0.44823492	0.44823492	25.0	8800	25.883902	0.24737565	27.938967	23.559868	-26.868732	0.06615577	6731.729310512543
353	0.7051754	0.0	0.7051754	0.7051754	25.0	8825	25.974207	0.271218	28.747011	24.793745	-26.963066	0.06464781	6750.823780059814
354	1.6982013	0.0	1.6982013	1.6982013	25.0	8850	26.085756	0.30131868	29.095772	23.247072	-27.135382	0.07072974	6769.898083925247
355	0.52992857	0.0	0.52992857	0.52992857	25.0	8875	26.17	0.25061575	28.94575	24.587938	-27.186241	0.055596314	6788.933590888977
356	0.048784807	0.0	0.048784807	0.048784807	25.0	8900	26.270578	0.29246753	30.742287	24.05749	-27.25062	0.07611591	6808.020489931107
357	0.9393278	0.0	0.9393278	0.9393278	25.0	8925	26.363022	0.3027356	29.17334	22.565182	-27.345284	0.078300424	6827.070449113846
358	0.79086673	0.0	0.79086673	0.79086673	25.0	8950	26.45059	0.27821633	29.853312	24.218597	-27.458977	0.06735286	6846.12095284462
359	0.73888665	0.0	0.73888665	0.73888665	25.0	8975	26.552984	0.28788513	30.699545	25.466694	-27.583374	0.079156026	6865.19011259079
360	0.37975484	0.0	0.37975484	0.37975484	25.0	9000	26.64748	0.33040228	30.074102	22.763779	-27.69145	0.084720075	6885.0167808532715
361	0.0	0.0	0.0	0.0	25.0	9025	26.74636	0.27538562	30.272257	24.088358	-27.7754	0.07544653	6904.161421775818
362	0.7650759	0.0	0.7650759	0.7650759	25.0	9050	26.847492	0.30324242	30.158491	25.218893	-27.848549	0.06924239	6923.333363294601
363	0.27203783	0.0	0.27203783	0.27203783	25.0	9075	26.944292	0.33117387	29.803663	22.540678	-27.979912	0.10058246	6942.512590646744
364	0.28022692	0.0	0.28022692	0.28022692	25.0	9100	27.05379	0.28599095	31.547012	25.918203	-28.100977	0.0638495	6961.551839590073
365	0.8040718	0.0	0.8040718	0.8040718	25.0	9125	27.139563	0.33028877	32.14789	24.529072	-28.176052	0.09103465	6980.638652563095
366	1.155829	0.0	1.155829	1.155829	25.0	9150	27.242851	0.33496687	33.43194	25.39721	-28.295769	0.0869922	6999.704398870468
367	0.54346085	0.0	0.54346085	0.54346085	25.0	9175	27.33637	0.29939076	30.932728	22.07433	-28.383595	0.08477123	7018.874419212341
368	0.0583669	0.0	0.0583669	0.0583669	25.0	9200	27.445835	0.28962368	30.431095	25.538078	-28.505817	0.063479535	7038.030381679535
369	1.2145596	0.0	1.2145596	1.2145596	25.0	9225	27.54562	0.29504836	30.587225	25.40467	-28.586632	0.076771095	7057.108475446701
370	1.2365227	0.0	1.2365227	1.2365227	25.0	9250	27.641514	0.32828724	32.634426	22.902323	-28.681866	0.08661213	7077.0189909935
371	0.9441009	0.0	0.9441009	0.9441009	25.0	9275	27.75156	0.3359144	30.990568	24.001024	-28.812685	0.09397261	7096.20393705368
372	1.1013012	0.0	1.1013012	1.1013012	25.0	9300	27.854267	0.35265356	31.229548	22.314543	-28.921282	0.09863017	7115.3338742256165
373	1.1816388	0.0	1.1816388	1.1816388	25.0	9325	27.93898	0.2891888	30.9578	24.718506	-29.038574	0.07164889	7134.410694360733
374	0.0	0.0	0.0	0.0	25.0	9350	28.053688	0.34040713	34.08251	26.582565	-29.129168	0.08851781	7153.5073783397675
375	1.7413204	0.0	1.7413204	1.7413204	25.0	9375	28.154963	0.25730056	30.90201	26.314257	-29.243513	0.06817194	7172.543198108673
376	0.32005975	0.0	0.32005975	0.32005975	25.0	9400	28.260317	0.3317551	31.849934	25.434267	-29.385855	0.09766047	7191.572525978088
377	1.2620059	0.0	1.2620059	1.2620059	25.0	9425	28.372597	0.3436309	31.384565	24.452377	-29.48194	0.09868539	7210.636002540588
378	1.1894712	0.0	1.1894712	1.1894712	25.0	9450	28.467754	0.29933348	31.347952	26.116865	-29.582344	0.07298166	7229.790767431259
379	2.234227	0.0	2.234227	2.234227	25.0	9475	28.578152	0.31595114	33.017094	27.195843	-29.675127	0.08150735	7249.2309012413025
380	0.0	0.0	0.0	0.0	25.0	9500	28.664722	0.27235878	31.87682	26.199015	-29.791279	0.072018765	7269.169459104538
381	0.18992254	0.0	0.18992254	0.18992254	25.0	9525	28.791481	0.3171928	32.27381	25.347223	-29.923899	0.09119678	7288.2191870212555
382	1.707284	0.0	1.707284	1.707284	25.0	9550	28.894415	0.29252544	32.170723	27.109426	-29.997847	0.0734808	7307.323241710663
383	0.56883067	0.0	0.56883067	0.56883067	25.0	9575	28.988123	0.2689779	31.890562	26.30462	-30.101982	0.06859756	7326.459757804871
384	0.9920097	0.0	0.9920097	0.9920097	25.0	9600	29.110933	0.30391562	33.705402	27.378456	-30.241829	0.074384496	7345.607670783997
385	0.1585429	0.0	0.1585429	0.1585429	25.0	9625	29.207119	0.27260226	31.887743	26.81741	-30.350891	0.06761875	7364.769324064255
386	0.32045895	0.0	0.32045895	0.32045895	25.0	9650	29.319998	0.3680057	32.799217	24.773462	-30.443735	0.12294674	7383.8274891376495
387	0.4990018	0.0	0.4990018	0.4990018	25.0	9675	29.443218	0.3607131	35.215862	27.305235	-30.57699	0.09492855	7402.856067657471
388	0.9107858	0.0	0.9107858	0.9107858	25.0	9700	29.525074	0.32015786	32.75662	23.846004	-30.656267	0.107650585	7421.941807985306
389	1.4378023	0.0	1.4378023	1.4378023	25.0	9725	29.643877	0.35165554	34.297466	26.694931	-30.797485	0.108040094	7441.073001384735
390	0.44346923	0.0	0.44346923	0.44346923	25.0	9750	29.741606	0.32326055	32.662884	26.304447	-30.905737	0.0950717	7461.078991889954
391	0.77402663	0.0	0.77402663	0.77402663	25.0	9775	29.85333	0.29353762	32.616226	27.547155	-30.991291	0.06677188	7480.041559934616
392	0.36973697	0.0	0.36973697	0.36973697	25.0	9800	29.976748	0.29739386	32.976368	28.171492	-31.147795	0.082810156	7499.125684499741
393	0.23912409	0.0	0.23912409	0.23912409	25.0	9825	30.07565	0.3137872	33.831005	26.073494	-31.24848	0.09040595	7518.303506851196
394	0.4957807	0.0	0.4957807	0.4957807	25.0	9850	30.176304	0.31065628	33.336796	24.716293	-31.322691	0.08484405	7537.387668132782
395	1.2663596	0.0	1.2663596	1.2663596	25.0	9875	30.288372	0.27488685	34.12225	28.30151	-31.46087	0.07009067	7556.369781970978
396	0.08881059	0.0	0.08881059	0.08881059	25.0	9900	30.409563	0.3371926	34.342945	27.404589	-31.57893	0.08891897	7575.472378253937
397	0.2946021	0.0	0.2946021	0.2946021	25.0	9925	30.51916	0.28550577	33.484444	27.800745	-31.678562	0.07669621	7594.497582912445
398	0.83810395	0.0	0.83810395	0.83810395	25.0	9950	30.63522	0.29301676	33.11423	27.908682	-31.800074	0.07406519	7613.670011758804
399	1.0353677	0.0	1.0353677	1.0353677	25.0	9975	30.740984	0.31914154	35.882263	27.751198	-31.911705	0.094257854	7632.796036720276
400	0.25240496	0.0	0.25240496	0.25240496	25.0	10000	30.839912	0.32211387	34.14479	27.352652	-32.021156	0.09420113	7652.779216766357
401	1.1617144	0.0	1.1617144	1.1617144	25.0	10025	30.957695	0.3160332	34.394707	26.510628	-32.171562	0.078089826	7671.856516122818
402	1.9280769	0.0	1.9280769	1.9280769	25.0	10050	31.068174	0.33268765	34.095695	25.422306	-32.26674	0.103490315	7690.969056129456
403	0.10536593	0.0	0.10536593	0.10536593	25.0	10075	31.184952	0.3042042	34.26543	28.405506	-32.398033	0.088621356	7710.158099651337
404	0.5379781	0.0	0.5379781	0.5379781	25.0	10100	31.29686	0.244269	33.368916	30.01773	-32.484337	0.06607811	7729.355157136917
405	0.3904016	0.0	0.3904016	0.3904016	25.0	10125	31.40423	0.28487873	35.672432	30.09119	-32.61719	0.06293419	7748.456795454025
406	1.015275	0.0	1.015275	1.015275	25.0	10150	31.51837	0.29554263	34.136547	29.681923	-32.728817	0.08684406	7767.470073699951
407	0.8709509	0.0	0.8709509	0.8709509	25.0	10175	31.650059	0.32196566	35.008625	29.070368	-32.849834	0.09763124	7786.484214544296
408	0.5281809	0.0	0.5281809	0.5281809	25.0	10200	31.757225	0.3499409	38.5493	28.153267	-32.96586	0.109993994	7805.611619949341
409	0.31550273	0.0	0.31550273	0.31550273	25.0	10225	31.87333	0.27723426	34.82136	30.596512	-33.118305	0.07317546	7824.590493440628
410	0.014769126	0.0	0.014769126	0.014769126	25.0	10250	31.984777	0.30711314	34.510612	30.03516	-33.219242	0.0797611	7844.670024871826
411	0.27447617	0.0	0.27447617	0.27447617	25.0	10275	32.113808	0.3201445	35.24075	30.225605	-33.354034	0.08566629	7863.712762832642
412	0.92072785	0.0	0.92072785	0.92072785	25.0	10300	32.224354	0.31612742	35.49221	30.905134	-33.4526	0.08058971	7882.737482786179
413	0.0	0.0	0.0	0.0	25.0	10325	32.328068	0.2484358	34.847702	30.125727	-33.603523	0.06300292	7901.920965433121
414	1.2143533	0.0	1.2143533	1.2143533	25.0	10350	32.466137	0.2731198	35.403374	31.216978	-33.701237	0.060895547	7921.082760810852
415	0.39735007	0.0	0.39735007	0.39735007	25.0	10375	32.58696	0.27783182	35.206367	31.222488	-33.813576	0.05816023	7940.136415719986
416	0.31901458	0.0	0.31901458	0.31901458	25.0	10400	32.68905	0.318464	38.26395	30.874037	-33.95188	0.0838212	7959.129980325699
417	1.0516927	0.0	1.0516927	1.0516927	25.0	10425	32.81021	0.29906613	37.79014	30.275372	-34.101135	0.09566231	7978.219245195389
418	0.45326695	0.0	0.45326695	0.45326695	25.0	10450	32.925358	0.24227642	35.018475	31.14915	-34.205162	0.062474385	7997.302806854248
419	1.0475608	0.0	1.0475608	1.0475608	25.0	10475	33.045788	0.2998956	35.266125	30.649576	-34.29746	0.08306116	8016.393075942993
420	0.38107738	0.0	0.38107738	0.38107738	25.0	10500	33.167427	0.2649778	35.797024	29.977238	-34.458317	0.06601615	8036.392689704895
421	0.24122544	0.0	0.24122544	0.24122544	25.0	10525	33.30132	0.30565578	36.205048	30.607521	-34.561195	0.07767692	8055.504339456558
422	0.47899032	0.0	0.47899032	0.47899032	25.0	10550	33.412514	0.31174824	36.6846	31.122446	-34.693737	0.07390241	8074.597983121872
423	1.0113481	0.0	1.0113481	1.0113481	25.0	10575	33.5268	0.28549695	36.88931	32.046806	-34.821156	0.06772702	8093.6931211948395
424	0.4214932	0.0	0.4214932	0.4214932	25.0	10600	33.650265	0.29323336	36.829453	31.766603	-34.93935	0.090395376	8112.816365718842
425	0.3789703	0.0	0.3789703	0.3789703	25.0	10625	33.774776	0.288192	36.70062	30.02083	-35.094128	0.08742389	8131.889917135239
426	0.45358583	0.0	0.45358583	0.45358583	25.0	10650	33.91221	0.31737173	37.255173	32.449993	-35.220745	0.08343557	8150.99040055275
427	1.3321712	0.0	1.3321712	1.3321712	25.0	10675	34.02732	0.30432975	38.102345	30.752205	-35.358704	0.09170862	8170.119334220886
428	1.0212129	0.0	1.0212129	1.0212129	25.0	10700	34.14452	0.28593048	36.853996	31.59732	-35.446354	0.08164386	8189.1932735443115
429	0.22313914	0.0	0.22313914	0.22313914	25.0	10725	34.276554	0.33634245	40.20953	31.122976	-35.599586	0.11126245	8208.30090379715
430	0.54336756	0.0	0.54336756	0.54336756	25.0	10750	34.39481	0.31912753	38.29088	31.0491	-35.75792	0.085304506	8228.440687417984
431	0.5382531	0.0	0.5382531	0.5382531	25.0	10775	34.536068	0.2792029	37.89757	33.662	-35.863174	0.066389516	8247.379822969437
432	0.40919307	0.0	0.40919307	0.40919307	25.0	10800	34.640068	0.24756737	36.508163	31.470676	-35.995438	0.06649974	8266.40861415863
433	0.13900481	0.0	0.13900481	0.13900481	25.0	10825	34.78422	0.3116056	39.072254	33.96675	-36.081207	0.07587212	8285.466912031174
434	1.8052207	0.0	1.8052207	1.8052207	25.0	10850	34.877724	0.35102573	38.79961	32.204178	-36.214615	0.12289494	8304.471803188324
435	0.6530434	0.0	0.6530434	0.6530434	25.0	10875	35.024708	0.31990734	38.158604	32.89223	-36.35328	0.09425759	8323.566100358963
436	1.5839591	0.0	1.5839591	1.5839591	25.0	10900	35.146473	0.29953605	39.375767	32.873737	-36.48867	0.07436643	8342.524008989334
437	0.72322166	0.0	0.72322166	0.72322166	25.0	10925	35.28005	0.3052877	38.24494	32.037758	-36.661343	0.090643436	8361.527847290039
438	0.3007357	0.0	0.3007357	0.3007357	25.0	10950	35.404545	0.2614731	38.027863	34.157963	-36.873558	0.07056212	8380.47056221962
439	0.36947078	0.0	0.36947078	0.36947078	25.0	10975	35.52323	0.29881173	38.342125	32.11985	-37.02319	0.08779789	8399.466318130493
440	0.21819949	0.0	0.21819949	0.21819949	25.0	11000	35.681473	0.34143338	39.719265	33.326817	-37.183163	0.09131111	8419.41859292984
441	0.66901356	0.0	0.66901356	0.66901356	25.0	11025	35.809364	0.32024148	39.07993	30.231056	-37.32163	0.10143715	8438.458272457123
442	0.0	0.0	0.0	0.0	25.0	11050	35.971535	0.283986	38.981205	34.657616	-37.454704	0.07671788	8457.532241821289
443	0.7115269	0.0	0.7115269	0.7115269	25.0	11075	36.15362	0.3827563	43.958927	31.103235	-37.742172	0.13976654	8476.555728912354
444	0.99377	0.0	0.99377	0.99377	25.0	11100	36.31978	0.42965996	40.79011	27.811052	-37.875404	0.16649285	8495.465752124786
445	0.57206714	0.0	0.57206714	0.57206714	25.0	11125	36.462173	0.29846328	41.12029	34.71163	-37.95917	0.08152331	8514.321605920792
446	0.5364716	0.0	0.5364716	0.5364716	25.0	11150	36.62334	0.38027942	43.95758	32.27677	-38.151604	0.12723175	8533.44330239296
447	0.40032825	0.0	0.40032825	0.40032825	25.0	11175	36.77189	0.40382296	40.91919	28.84841	-38.267918	0.13912746	8552.551302433014
448	2.5115218	0.0	2.5115218	2.5115218	25.0	11200	36.9343	0.35351047	42.475224	33.678062	-38.425686	0.12592325	8571.54570555687
449	0.0	0.0	0.0	0.0	25.0	11225	37.080444	0.27903682	39.922787	34.47226	-38.560158	0.076898366	8590.553394317627
450	0.41712677	0.0	0.41712677	0.41712677	25.0	11250	37.222065	0.38474807	41.956905	33.154938	-38.753002	0.13285667	8610.686716556549
451	1.4752172	0.0	1.4752172	1.4752172	25.0	11275	37.35529	0.34630513	42.30393	32.980915	-39.048134	0.11199722	8629.816703557968
452	1.076892	0.0	1.076892	1.076892	25.0	11300	37.48514	0.3412637	41.22325	32.864605	-39.438347	0.10975388	8648.973741292953
453	0.23374858	0.0	0.23374858	0.23374858	25.0	11325	37.640865	0.39325348	44.409824	34.080532	-39.71783	0.13595133	8668.079297065735
454	0.7696242	0.0	0.7696242	0.7696242	25.0	11350	37.821228	0.3982797	41.870094	29.417128	-39.89404	0.14911108	8687.12117767334
455	0.8958876	0.0	0.8958876	0.8958876	25.0	11375	38.047787	0.35218954	43.56788	32.875683	-39.77176	0.10965998	8706.187244653702
456	0.2695648	0.0	0.2695648	0.2695648	25.0	11400	38.29757	0.34026927	40.97349	35.090305	-39.7838	0.10194958	8725.271550416946
457	0.7993966	0.0	0.7993966	0.7993966	25.0	11425	38.526524	0.36857817	42.771828	35.16126	-40.047646	0.1294581	8747.43394446373
458	0.35033855	0.0	0.35033855	0.35033855	25.0	11450	38.74268	0.38882834	42.519928	36.355614	-40.32208	0.12878129	8766.518329381943
459	0.798529	0.0	0.798529	0.798529	25.0	11475	38.995953	0.40231568	47.55554	36.853104	-40.514732	0.12742701	8785.542248249054
460	0.3647695	0.0	0.3647695	0.3647695	25.0	11500	39.15466	0.3274458	42.11678	34.664383	-40.701153	0.09514832	8805.67813539505
461	0.33468217	0.0	0.33468217	0.33468217	25.0	11525	39.336674	0.3083225	42.3552	37.11788	-40.849754	0.07734988	8824.743530273438
462	2.113404	0.0	2.113404	2.113404	25.0	11550	39.479763	0.40521562	44.921417	35.396614	-41.049385	0.14118946	8843.828481674194
463	2.4000628	0.0	2.4000628	2.4000628	25.0	11575	39.608704	0.32230428	44.867348	36.498425	-41.052216	0.10105763	8862.998115301132
464	0.18781391	0.0	0.18781391	0.18781391	25.0	11600	39.762665	0.41439158	46.419373	36.925488	-41.277172	0.1448937	8882.086559534073
465	0.13216476	0.0	0.13216476	0.13216476	25.0	11625	39.877625	0.3629977	45.448776	36.499218	-41.33702	0.13400997	8901.117327213287
466	0.5466619	0.0	0.5466619	0.5466619	25.0	11650	39.994595	0.3843284	44.50965	35.10804	-41.524166	0.13316776	8920.19657278061
467	1.6343497	0.0	1.6343497	1.6343497	25.0	11675	40.12483	0.3201149	42.62819	35.996918	-41.70401	0.098253414	8939.253539800644
468	0.34548944	0.0	0.34548944	0.34548944	25.0	11700	40.26855	0.3487657	47.17782	37.61656	-41.76344	0.10173174	8958.303447246552
469	0.6358516	0.0	0.6358516	0.6358516	25.0	11725	40.39674	0.34754357	44.38513	37.87491	-42.025658	0.12451168	8977.529577732086
470	0.3376508	0.0	0.3376508	0.3376508	25.0	11750	40.566463	0.3310877	43.85578	39.62923	-42.195736	0.096029	8997.554762840271
471	0.12609741	0.0	0.12609741	0.12609741	25.0	11775	40.699024	0.37291658	44.247814	36.41316	-42.61856	0.13669994	9016.614773988724
472	0.883228	0.0	0.883228	0.883228	25.0	11800	40.843155	0.36843497	45.46215	39.090687	-43.080467	0.12072712	9035.627865076065
473	0.7043726	0.0	0.7043726	0.7043726	25.0	11825	41.017265	0.38245818	45.275364	35.56427	-43.07941	0.1451503	9054.713354825974
474	1.100848	0.0	1.100848	1.100848	25.0	11850	41.22655	0.37599245	44.68999	37.797813	-43.247692	0.11489624	9073.753099918365
475	1.3449882	0.0	1.3449882	1.3449882	25.0	11875	41.51284	0.33514172	44.521355	37.28238	-43.516335	0.10415575	9092.80484175682
476	1.5867096	0.0	1.5867096	1.5867096	25.0	11900	41.803635	0.3894546	46.611633	37.65653	-43.682602	0.14728738	9111.901264190674
477	0.5654098	0.0	0.5654098	0.5654098	25.0	11925	42.079002	0.3039189	45.38749	41.231667	-44.005733	0.09949845	9130.884021043777
478	0.38624126	0.0	0.38624126	0.38624126	25.0	11950	42.303356	0.37072757	45.93464	36.455826	-44.13015	0.13463005	9150.069952964783
479	1.0808105	0.0	1.0808105	1.0808105	25.0	11975	42.49963	0.36530083	47.833607	37.900948	-44.323975	0.13464892	9169.102731466293
480	0.34597668	0.0	0.34597668	0.34597668	25.0	12000	42.67472	0.362322	48.074833	40.560844	-44.446186	0.10072877	9189.140966892242
481	1.0767244	0.0	1.0767244	1.0767244	25.0	12025	42.833847	0.36770564	46.91596	39.802643	-44.604664	0.12882327	9208.261428117752
482	1.1401551	0.0	1.1401551	1.1401551	25.0	12050	43.02072	0.3884389	48.208134	38.23059	-44.781227	0.14022332	9227.236238718033
483	0.0	0.0	0.0	0.0	25.0	12075	43.217735	0.29080182	44.6187	40.23114	-45.02623	0.09688016	9246.254633188248
484	1.6953979	0.0	1.6953979	1.6953979	25.0	12100	43.40232	0.38223132	48.57753	38.1164	-45.12003	0.13304472	9265.950169563293
485	1.2114153	0.0	1.2114153	1.2114153	25.0	12125	43.581425	0.3502337	47.70786	40.16004	-45.337914	0.1181716	9285.000158786774
486	0.507901	0.0	0.507901	0.507901	25.0	12150	43.729767	0.3445634	46.47495	39.736156	-45.44106	0.12801298	9304.029326915741
487	0.10466574	0.0	0.10466574	0.10466574	25.0	12175	43.895565	0.3968385	49.283726	39.997936	-45.533222	0.1473619	9323.323645591736
488	0.69973487	0.0	0.69973487	0.69973487	25.0	12200	44.044502	0.4029927	49.261906	40.81035	-45.667618	0.13603185	9342.358262300491
489	0.682903	0.0	0.682903	0.682903	25.0	12225	44.18944	0.35863584	47.663963	43.09413	-45.917023	0.11790668	9361.418075799942
490	1.427105	0.0	1.427105	1.427105	25.0	12250	44.35466	0.37917295	46.722385	40.88598	-46.023293	0.1457456	9382.365168094635
491	0.8807125	0.0	0.8807125	0.8807125	25.0	12275	44.51244	0.36368132	48.61319	41.26401	-46.271515	0.12490716	9401.389658927917
492	0.60096455	0.0	0.60096455	0.60096455	25.0	12300	44.670517	0.33958858	47.60256	41.782207	-46.419445	0.113070525	9420.425092220306
493	0.45439065	0.0	0.45439065	0.45439065	25.0	12325	44.833546	0.3422367	48.4314	42.732304	-46.49318	0.11669349	9439.541661024094
494	0.9453292	0.0	0.9453292	0.9453292	25.0	12350	44.97804	0.35540542	48.307713	40.79331	-46.73096	0.12108883	9458.575998783112
495	1.0748631	0.0	1.0748631	1.0748631	25.0	12375	45.14084	0.3536839	49.273872	40.490284	-46.834652	0.1350749	9477.562129974365
496	0.24883628	0.0	0.24883628	0.24883628	25.0	12400	45.295372	0.35294932	50.06959	43.143417	-47.024956	0.11414814	9496.618611097336
497	0.8724264	0.0	0.8724264	0.8724264	25.0	12425	45.46845	0.3894984	50.881226	41.8895	-47.194424	0.15719762	9515.650183677673
498	0.6646759	0.0	0.6646759	0.6646759	25.0	12450	45.619194	0.3260562	48.125294	43.77519	-47.37038	0.10175564	9534.647505760193
499	1.1869597	0.0	1.1869597	1.1869597	25.0	12475	45.779545	0.3424219	49.11581	43.75431	-47.518375	0.10833583	9553.72320508957
500	0.6218742	0.0	0.6218742	0.6218742	25.0	12500	45.93712	0.3447443	49.476303	44.285927	-47.743263	0.110358916	9574.230231046677
501	0.59984136	0.0	0.59984136	0.59984136	25.0	12525	46.10225	0.34783003	49.213135	42.830853	-47.88135	0.11505658	9593.192192316055
502	1.088246	0.0	1.088246	1.088246	25.0	12550	46.27733	0.33383375	52.128353	45.338257	-47.997913	0.106980994	9612.32909822464
503	0.5971088	0.0	0.5971088	0.5971088	25.0	12575	46.427628	0.31306288	50.42936	44.251938	-48.210983	0.090922736	9631.490793943405
504	0.095050715	0.0	0.095050715	0.095050715	25.0	12600	46.58059	0.4002659	50.727642	41.153984	-48.35284	0.15666191	9650.5168030262
505	0.1416311	0.0	0.1416311	0.1416311	25.0	12625	46.74801	0.38915756	51.399624	43.15271	-48.527046	0.15051273	9669.644796609879
506	0.8472054	0.0	0.8472054	0.8472054	25.0	12650	46.904278	0.3710178	49.56479	41.81641	-48.772507	0.14563161	9688.586114168167
507	0.95019156	0.0	0.95019156	0.95019156	25.0	12675	47.103115	0.35278243	50.194767	45.003517	-48.892467	0.10767722	9707.627829790115
508	0.24409959	0.0	0.24409959	0.24409959	25.0	12700	47.24082	0.3374203	51.10493	43.633778	-48.990223	0.11518981	9726.635798215866
509	0.28969565	0.0	0.28969565	0.28969565	25.0	12725	47.406044	0.42348784	53.9383	41.32237	-49.24461	0.17296071	9745.643301725388
510	0.10609854	0.0	0.10609854	0.10609854	25.0	12750	47.564903	0.33145046	50.00886	42.86873	-49.362343	0.104070835	9765.738701581955
511	0.47079036	0.0	0.47079036	0.47079036	25.0	12775	47.758656	0.3975739	53.70266	45.494995	-49.59102	0.1434886	9784.76210975647
512	0.6233576	0.0	0.6233576	0.6233576	25.0	12800	47.912323	0.4006971	51.59595	43.479595	-49.734493	0.15448019	9803.840912103653
513	0.16291173	0.0	0.16291173	0.16291173	25.0	12825	48.094765	0.3743195	51.085117	46.86239	-49.99413	0.12119727	9822.926124095917
514	1.0762277	0.0	1.0762277	1.0762277	25.0	12850	48.26113	0.42997146	53.0211	43.111744	-50.126846	0.17596072	9842.072269916534
515	1.2058289	0.0	1.2058289	1.2058289	25.0	12875	48.42779	0.4152743	51.744064	41.346973	-50.297653	0.16649394	9861.186824798584
516	1.6092625	0.0	1.6092625	1.6092625	25.0	12900	48.625004	0.3725098	53.325752	44.530502	-50.534435	0.13357666	9880.112736940384
517	1.446921	0.0	1.446921	1.446921	25.0	12925	48.77907	0.41305673	53.567818	45.773483	-50.622383	0.14801866	9899.1281208992
518	1.7346408	0.0	1.7346408	1.7346408	25.0	12950	48.95086	0.40924433	52.605774	45.899506	-50.806866	0.16846977	9918.149450302124
519	2.2937884	0.0	2.2937884	2.2937884	25.0	12975	49.132412	0.36891332	53.16419	46.42177	-51.084152	0.13618441	9937.176604270935
520	1.1028512	0.0	1.1028512	1.1028512	25.0	13000	49.296104	0.3148405	52.331203	46.770477	-51.20904	0.09983686	9957.28629231453
521	0.0	0.0	0.0	0.0	25.0	13025	49.47158	0.30597943	52.169403	47.021286	-51.43295	0.10080269	9976.252218961716
522	0.40802202	0.0	0.40802202	0.40802202	25.0	13050	49.667957	0.4224744	54.862736	44.721336	-51.575863	0.17347172	9995.22188615799
523	0.9020373	0.0	0.9020373	0.9020373	25.0	13075	49.836185	0.4412237	55.18452	45.282246	-51.748795	0.17832373	10014.240148544312
524	0.8041168	0.0	0.8041168	0.8041168	25.0	13100	50.006817	0.40497416	54.1355	46.393017	-51.950752	0.15085812	10033.472018241882
525	0.57713103	0.0	0.57713103	0.57713103	25.0	13125	50.194725	0.3982013	55.260803	43.90602	-52.132614	0.15050238	10052.554268836975
526	1.8577051	0.0	1.8577051	1.8577051	25.0	13150	50.369022	0.372387	56.81874	46.444736	-52.218594	0.13010482	10071.635927677155
527	0.4101129	0.0	0.4101129	0.4101129	25.0	13175	50.537895	0.40842062	55.452507	43.391285	-52.455265	0.17018624	10090.641021966934
528	0.0	0.0	0.0	0.0	25.0	13200	50.70875	0.35987014	53.71388	46.756386	-52.60111	0.12940305	10109.670577526093
529	0.8445884	0.0	0.8445884	0.8445884	25.0	13225	50.89227	0.42013124	59.281216	48.158012	-52.836376	0.17125273	10128.653821706772
530	1.2568835	0.0	1.2568835	1.2568835	25.0	13250	51.073242	0.42355418	53.76132	47.20923	-53.0012	0.17034741	10148.831330776215
531	0.7230426	0.0	0.7230426	0.7230426	25.0	13275	51.223896	0.43344513	55.04856	49.53916	-53.177296	0.19101626	10167.856361627579
532	1.3950306	0.0	1.3950306	1.3950306	25.0	13300	51.40262	0.44725	59.37158	47.057434	-53.37768	0.19129029	10186.963111400604
533	0.35770226	0.0	0.35770226	0.35770226	25.0	13325	51.593674	0.41850153	54.201366	47.98503	-53.59832	0.18081509	10205.976951599121
534	0.7416999	0.0	0.7416999	0.7416999	25.0	13350	51.785614	0.40438733	57.742653	48.64283	-53.765087	0.1568905	10224.989608049393
535	0.2541949	0.0	0.2541949	0.2541949	25.0	13375	51.989624	0.4597008	62.72974	48.15966	-54.01537	0.21058892	10244.140063047409
536	0.6906919	0.0	0.6906919	0.6906919	25.0	13400	52.147793	0.47719315	57.529602	45.968647	-54.132393	0.22787414	10263.286400079727
537	0.5731304	0.0	0.5731304	0.5731304	25.0	13425	52.332367	0.5749829	66.223076	45.664574	-54.35597	0.32390153	10282.320784807205
538	0.46484348	0.0	0.46484348	0.46484348	25.0	13450	52.50898	0.49053648	57.687157	45.875084	-54.52712	0.24883229	10301.301643133163
539	0.33326727	0.0	0.33326727	0.33326727	25.0	13475	52.72327	0.43842685	61.040257	50.645576	-54.7352	0.17416374	10320.249418258667
540	0.42486924	0.0	0.42486924	0.42486924	25.0	13500	52.868397	0.45578185	56.124573	45.61867	-54.93024	0.2257042	10340.500089168549
541	0.854239	0.0	0.854239	0.854239	25.0	13525	53.086796	0.42554435	58.1632	49.161118	-55.114796	0.16527934	10359.518045902252
542	0.95981187	0.0	0.95981187	0.95981187	25.0	13550	53.265793	0.4298397	57.278408	45.729347	-55.381992	0.17748357	10378.631182670593
543	0.67917466	0.0	0.67917466	0.67917466	25.0	13575	53.45178	0.48630506	59.903793	45.822105	-55.52654	0.24240203	10397.659524202347
544	0.40800238	0.0	0.40800238	0.40800238	25.0	13600	53.650913	0.50846034	61.525486	43.750397	-55.704044	0.24216755	10416.659334897995
545	0.14110057	0.0	0.14110057	0.14110057	25.0	13625	53.83299	0.39285824	56.676476	48.065277	-55.851795	0.14794274	10435.69768166542
546	0.3111984	0.0	0.3111984	0.3111984	25.0	13650	54.02618	0.44880632	63.580612	49.43893	-56.07181	0.18973953	10454.749144792557
547	0.8874206	0.0	0.8874206	0.8874206	25.0	13675	54.208607	0.46103522	58.782417	45.92071	-56.26697	0.20251514	10473.752931594849
548	0.8857036	0.0	0.8857036	0.8857036	25.0	13700	54.386845	0.4120711	58.365738	49.095367	-56.490337	0.18524188	10492.730080842972
549	1.1663026	0.0	1.1663026	1.1663026	25.0	13725	54.610184	0.4747886	59.637794	51.560005	-56.70127	0.19996506	10511.666402339935
550	1.0852814	0.0	1.0852814	1.0852814	25.0	13750	54.76963	0.47304264	57.78271	47.095833	-56.8636	0.22450745	10531.830763816833
551	0.44202438	0.0	0.44202438	0.44202438	25.0	13775	54.985558	0.42874622	59.689953	52.919235	-57.030514	0.16840743	10550.859298944473
552	1.0794921	0.0	1.0794921	1.0794921	25.0	13800	55.149464	0.4269851	58.988235	51.12436	-57.286064	0.17492081	10569.806452989578
553	0.2378824	0.0	0.2378824	0.2378824	25.0	13825	55.378	0.53207415	64.48212	50.17393	-57.527355	0.2473226	10588.744046211243
554	0.4086	0.0	0.4086	0.4086	25.0	13850	55.54703	0.40786365	59.149933	50.87086	-57.705387	0.16190298	10607.76480269432
555	0.003704306	0.0	0.003704306	0.003704306	25.0	13875	55.750595	0.47512615	63.083065	48.889027	-57.89935	0.2090317	10626.848973274231
556	0.25723603	0.0	0.25723603	0.25723603	25.0	13900	55.944912	0.41496158	63.162594	50.80471	-58.037052	0.17123331	10645.875417232513
557	1.0855938	0.0	1.0855938	1.0855938	25.0	13925	56.131207	0.43667048	59.632046	48.132492	-58.331383	0.19355814	10664.892780065536
558	0.38967302	0.0	0.38967302	0.38967302	25.0	13950	56.346825	0.4069172	61.918747	53.04718	-58.478493	0.1542571	10683.895049571991
559	0.534152	0.0	0.534152	0.534152	25.0	13975	56.52791	0.38486195	59.375446	52.2984	-58.68729	0.1333191	10702.951016664505
560	0.4072381	0.0	0.4072381	0.4072381	25.0	14000	56.727737	0.43693793	64.49559	51.186134	-58.916832	0.18493176	10723.222032785416
561	0.8652784	0.0	0.8652784	0.8652784	25.0	14025	56.92921	0.40529808	62.090878	54.56478	-59.15754	0.15724407	10742.22596168518
562	0.67266464	0.0	0.67266464	0.67266464	25.0	14050	57.144413	0.44271642	59.79304	51.53663	-59.32228	0.17811613	10761.29424405098
563	1.1890085	0.0	1.1890085	1.1890085	25.0	14075	57.343517	0.3775546	60.48396	52.931488	-59.570225	0.14187647	10780.302265405655
564	0.52403355	0.0	0.52403355	0.52403355	25.0	14100	57.547054	0.37419406	60.05504	54.736767	-59.71831	0.13889359	10799.34366941452
565	0.45015922	0.0	0.45015922	0.45015922	25.0	14125	57.742603	0.37928855	60.35884	54.378883	-59.96021	0.13852759	10818.36785364151
566	0.45950335	0.0	0.45950335	0.45950335	25.0	14150	57.93499	0.44329682	62.098175	53.028267	-60.106163	0.18266785	10837.270938873291
567	0.05919037	0.0	0.05919037	0.05919037	25.0	14175	58.153404	0.42385805	60.976494	56.497215	-60.354053	0.17061812	10856.32375216484
568	0.11730834	0.0	0.11730834	0.11730834	25.0	14200	58.34159	0.40129423	61.353912	52.54236	-60.55005	0.1440454	10875.47157073021
569	1.0229982	0.0	1.0229982	1.0229982	25.0	14225	58.563046	0.38917825	62.016323	56.205517	-60.809208	0.14113207	10894.566690921783
570	0.70361704	0.0	0.70361704	0.70361704	25.0	14250	58.749855	0.38695738	62.017082	55.53666	-60.969894	0.14653732	10914.858296632767
571	0.47514373	0.0	0.47514373	0.47514373	25.0	14275	58.96685	0.4611846	66.916145	55.055668	-61.1942	0.21397619	10933.946671009064
572	0.2577968	0.0	0.2577968	0.2577968	25.0	14300	59.173252	0.41362786	62.413754	56.858715	-61.461327	0.15366365	10953.009002923965
573	0.30784944	0.0	0.30784944	0.30784944	25.0	14325	59.36972	0.37906525	61.73257	57.269302	-61.614452	0.13502724	10971.997832536697
574	0.57461125	0.0	0.57461125	0.57461125	25.0	14350	59.57999	0.34695506	61.18414	57.315002	-61.87422	0.12972075	10990.894577264786
575	0.8611481	0.0	0.8611481	0.8611481	25.0	14375	59.78244	0.39265725	63.149742	55.30631	-62.080746	0.14600244	11009.952116012573
576	0.0	0.0	0.0	0.0	25.0	14400	60.01202	0.40613192	65.74349	58.61581	-62.340527	0.15514058	11028.916833400726
577	0.7308309	0.0	0.7308309	0.7308309	25.0	14425	60.214947	0.41687644	62.786484	56.357456	-62.536476	0.17052895	11047.948149204254
578	0.32975128	0.0	0.32975128	0.32975128	25.0	14450	60.442352	0.4824396	72.18418	58.132114	-62.76467	0.23042312	11067.01316189766
579	0.0	0.0	0.0	0.0	25.0	14475	60.645576	0.467218	63.83344	56.519318	-62.975906	0.20555347	11086.051562070847
580	0.99038124	0.0	0.99038124	0.99038124	25.0	14500	60.865395	0.44045675	63.947304	59.67625	-63.161446	0.17058453	11106.30950164795
581	1.132896	0.0	1.132896	1.132896	25.0	14525	61.042625	0.5171767	65.75678	52.016804	-63.346603	0.24307221	11125.273963928223
582	1.8616432	0.0	1.8616432	1.8616432	25.0	14550	61.260223	0.45248058	65.90008	55.107258	-63.577423	0.20766598	11144.318366527557
583	0.94038725	0.0	0.94038725	0.94038725	25.0	14575	61.469467	0.39409882	64.66556	60.21177	-63.803448	0.14953871	11163.380419015884
584	0.8012457	0.0	0.8012457	0.8012457	25.0	14600	61.693222	0.38562527	66.16937	58.1244	-64.07638	0.14252853	11182.354558944702
585	1.6784804	0.0	1.6784804	1.6784804	25.0	14625	61.89715	0.47862554	67.49874	57.363556	-64.260605	0.21195847	11201.35892701149
586	0.96392506	0.0	0.96392506	0.96392506	25.0	14650	62.116913	0.46617985	68.543015	57.194366	-64.44564	0.21021484	11220.382513284683
587	0.6659503	0.0	0.6659503	0.6659503	25.0	14675	62.31944	0.43802676	64.77284	54.647007	-64.693794	0.19028065	11239.41670513153
588	0.0	0.0	0.0	0.0	25.0	14700	62.552265	0.41719928	66.43711	59.191734	-64.94354	0.16481668	11258.30875468254
589	0.58898044	0.0	0.58898044	0.58898044	25.0	14725	62.759884	0.37507063	66.46313	60.616932	-65.19539	0.13905177	11277.298732995987
590	0.87452805	0.0	0.87452805	0.87452805	25.0	14750	62.979298	0.50377876	71.062584	55.880688	-65.575195	0.25417072	11297.530318498611
591	0.30927426	0.0	0.30927426	0.30927426	25.0	14775	63.205162	0.42716417	69.086555	59.868134	-65.662865	0.18168455	11316.545830011368
592	0.448492	0.0	0.448492	0.448492	25.0	14800	63.435806	0.39753744	65.47876	58.37398	-65.93345	0.15520605	11335.644847393036
593	1.1030675	0.0	1.1030675	1.1030675	25.0	14825	63.679325	0.41247293	67.80892	61.263714	-66.16403	0.15535906	11354.773773908615
594	0.7615241	0.0	0.7615241	0.7615241	25.0	14850	63.926426	0.48351967	69.66612	55.158993	-66.50778	0.23091282	11373.75092291832
595	0.22580333	0.0	0.22580333	0.22580333	25.0	14875	64.19525	0.46205437	68.9985	58.115257	-66.730644	0.20879194	11392.790038824081
596	0.52109194	0.0	0.52109194	0.52109194	25.0	14900	64.42763	0.41717878	72.43358	61.068256	-67.01617	0.16827421	11411.805317878723
597	1.6848816	0.0	1.6848816	1.6848816	25.0	14925	64.67424	0.46875894	68.74842	54.780636	-67.19082	0.23095505	11430.817930459976
598	0.65917397	0.0	0.65917397	0.65917397	25.0	14950	64.9049	0.43662396	70.43689	61.622826	-67.51356	0.17585482	11449.822040319443
599	0.03929797	0.0	0.03929797	0.03929797	25.0	14975	65.14597	0.4576976	68.64724	58.73745	-67.71459	0.2119042	11468.84287238121
600	0.6007038	0.0	0.6007038	0.6007038	25.0	15000	65.38155	0.47819975	75.65547	63.637497	-67.966866	0.21694613	11489.131009578705
601	0.55900276	0.0	0.55900276	0.55900276	25.0	15025	65.60195	0.589419	77.60354	57.978268	-68.2337	0.36681077	11508.142620801926
602	0.08683929	0.0	0.08683929	0.08683929	25.0	15050	65.885	0.5526052	72.66371	62.623585	-68.415016	0.29190263	11527.195843219757
603	0.59198695	0.0	0.59198695	0.59198695	25.0	15075	66.081474	0.5854267	78.330025	61.993084	-68.656525	0.34106487	11546.209904909134
604	0.80422014	0.0	0.80422014	0.80422014	25.0	15100	66.32025	0.5298607	73.04485	57.45485	-68.87577	0.28120685	11565.202032327652
605	1.4083686	0.0	1.4083686	1.4083686	25.0	15125	66.56274	0.65907466	83.81583	58.642433	-69.14341	0.4351622	11584.192154884338
606	0.536218	0.0	0.536218	0.536218	25.0	15150	66.77338	0.51647633	69.04371	55.82655	-69.435486	0.27692813	11603.19654917717
607	0.0	0.0	0.0	0.0	25.0	15175	67.04648	0.53736013	75.779144	58.52768	-69.64124	0.26374334	11622.178807973862
608	0.7453627	0.0	0.7453627	0.7453627	25.0	15200	67.25689	0.50053436	71.53048	58.9233	-69.94232	0.25198695	11641.206492900848
609	0.82703865	0.0	0.82703865	0.82703865	25.0	15225	67.52224	0.52486163	77.13163	66.17057	-70.24774	0.27763942	11660.158982753754
610	0.6751352	0.0	0.6751352	0.6751352	25.0	15250	67.73544	0.4857706	70.61688	60.799137	-70.46016	0.22486778	11680.4702064991
611	0.6521002	0.0	0.6521002	0.6521002	25.0	15275	67.99572	0.64831394	80.73308	62.438076	-70.745285	0.42263702	11699.504704475403
612	1.0375811	0.0	1.0375811	1.0375811	25.0	15300	68.24316	0.5375842	73.274574	57.92906	-70.91878	0.29372275	11718.573524951935
613	0.67638105	0.0	0.67638105	0.67638105	25.0	15325	68.4894	0.6398003	81.27245	55.475746	-71.15346	0.41410446	11737.688039541245
614	0.1872853	0.0	0.1872853	0.1872853	25.0	15350	68.76767	0.5041248	73.38166	61.14782	-71.460594	0.25728604	11756.734211444855
615	0.16354838	0.0	0.16354838	0.16354838	25.0	15375	69.04738	0.512498	75.57508	65.96251	-71.66491	0.25980884	11775.814306020737
616	1.0183014	0.0	1.0183014	1.0183014	25.0	15400	69.26699	0.47112182	75.15588	66.430405	-72.170685	0.21940163	11794.85985994339
617	1.2895129	0.0	1.2895129	1.2895129	25.0	15425	69.507	0.4997407	72.60283	63.175648	-72.42589	0.23712282	11813.85828781128
618	1.0853668	0.0	1.0853668	1.0853668	25.0	15450	69.78487	0.5488517	77.30742	68.03035	-72.63797	0.2930509	11832.932735204697
619	2.053573	0.0	2.053573	2.053573	25.0	15475	69.97033	0.47285306	73.3748	64.06223	-72.82266	0.22110504	11851.876802682877
620	0.0	0.0	0.0	0.0	25.0	15500	70.21994	0.5606838	77.58137	61.788624	-73.20414	0.32533553	11872.236366033554
621	0.61493886	0.0	0.61493886	0.61493886	25.0	15525	70.56135	0.47463802	76.52081	66.26853	-73.568214	0.20818464	11891.28509068489
622	1.7473112	0.0	1.7473112	1.7473112	25.0	15550	70.88927	0.50941616	76.279655	62.813545	-74.15078	0.25333378	11910.292056798935
623	1.0985072	0.0	1.0985072	1.0985072	25.0	15575	71.222244	0.5261561	83.86369	68.11207	-74.413536	0.2633953	11929.278110265732
624	1.0253996	0.0	1.0253996	1.0253996	25.0	15600	71.49385	0.49439988	77.645454	66.80594	-74.697136	0.2307128	11948.307027101517
625	0.11338046	0.0	0.11338046	0.11338046	25.0	15625	71.7826	0.44716623	74.03535	67.97295	-74.86948	0.19027463	11967.382613897324
626	0.9136632	0.0	0.9136632	0.9136632	25.0	15650	72.09731	0.4632227	77.85054	69.565056	-75.182304	0.21186906	11986.401891469955
627	0.25324142	0.0	0.25324142	0.25324142	25.0	15675	72.39882	0.5062239	74.74135	65.13528	-75.36477	0.2556148	12005.384295463562
628	0.14838487	0.0	0.14838487	0.14838487	25.0	15700	72.69419	0.5055973	81.02963	69.615326	-75.57446	0.24753988	12024.401005268097
629	0.5719925	0.0	0.5719925	0.5719925	25.0	15725	73.03428	0.4925738	79.43047	69.34729	-75.785065	0.23116466	12043.44962644577
630	0.42423066	0.0	0.42423066	0.42423066	25.0	15750	73.33791	0.48872763	81.6671	70.16705	-76.08635	0.23570196	12063.735111951828
631	1.3410598	0.0	1.3410598	1.3410598	25.0	15775	73.6301	0.51750594	83.46723	68.57016	-76.60026	0.2610794	12082.898607254028
632	0.52803886	0.0	0.52803886	0.52803886	25.0	15800	73.91161	0.52310103	78.684616	67.04089	-77.028404	0.26658008	12101.941644906998
633	0.2913858	0.0	0.2913858	0.2913858	25.0	15825	74.19836	0.53813314	81.73259	71.08407	-76.99542	0.26587084	12121.003801584244
634	0.21648128	0.0	0.21648128	0.21648128	25.0	15850	74.44501	0.5545779	77.80336	67.342	-77.38587	0.3058557	12140.043189048767
