Epoch	AverageEpRet	StdEpRet	MaxEpRet	MinEpRet	EpLen	TotalEnvInteracts	AverageQVals	StdQVals	MaxQVals	MinQVals	LossPi	LossQ	Time
1	5.934806	0.0	5.934806	5.934806	25.0	25	0.22687508	0.30341777	1.2965493	-0.9014475	-0.32063302	0.0355067	21.84238052368164
2	3.3417416	0.0	3.3417416	3.3417416	25.0	50	0.21146375	0.25043362	1.0624356	-0.5204046	-2.021563	0.025358884	42.133219957351685
3	6.7015114	0.0	6.7015114	6.7015114	25.0	75	0.3777828	0.29351866	1.4338298	-0.39711058	-5.581769	0.021528656	62.222464084625244
4	3.9284532	0.0	3.9284532	3.9284532	25.0	100	0.6423687	0.34955102	2.0668392	-0.2150014	-7.073046	0.013839747	82.40548539161682
5	1.784019	0.0	1.784019	1.784019	25.0	125	1.0880104	1.0829896	7.4702888	-0.9869083	-1.5430199	1.1482861	102.71528482437134
6	3.5070097	0.0	3.5070097	3.5070097	25.0	150	1.4018693	0.44099197	3.6245105	0.5692099	-1.9887179	0.07879474	122.95996236801147
7	0.4646608	0.0	0.4646608	0.4646608	25.0	175	1.694967	0.41201383	3.7338147	1.187506	-1.8412766	0.066878594	143.202006816864
8	0.8426466	0.0	0.8426466	0.8426466	25.0	200	1.8282603	0.3855492	3.6936755	1.3807282	-1.9070401	0.017614061	163.44498252868652
9	0.7123957	0.0	0.7123957	0.7123957	25.0	225	1.9416211	0.3101083	3.597936	1.4839393	-2.1197867	0.025277844	183.66582989692688
10	0.24802352	0.0	0.24802352	0.24802352	25.0	250	1.9553128	0.2855273	3.5087864	1.5633861	-2.3268616	0.016269524	204.53159594535828
11	0.033645697	0.0	0.033645697	0.033645697	25.0	275	2.0222485	0.26387697	3.3646505	1.5458102	-2.3224456	0.030189002	224.78929162025452
12	0.16736549	0.0	0.16736549	0.16736549	25.0	300	2.0919204	0.20718782	3.3149867	1.74452	-2.3581438	0.016090686	245.15328907966614
13	2.002204	0.0	2.002204	2.002204	25.0	325	2.152528	0.19738322	3.2904997	1.8470776	-2.5311656	0.013408723	265.4083216190338
14	0.6333569	0.0	0.6333569	0.6333569	25.0	350	2.2263944	0.20145614	3.3365786	1.8917677	-2.6670566	0.020396112	285.69630908966064
15	0.0	0.0	0.0	0.0	25.0	375	2.3195133	0.19817631	3.3768237	2.0384526	-2.5608356	0.014739576	306.0405025482178
16	0.0	0.0	0.0	0.0	25.0	400	2.4058886	0.16255501	3.4780002	2.1710544	-2.627092	0.008795695	326.3167860507965
17	0.31603944	0.0	0.31603944	0.31603944	25.0	425	2.509519	0.1682991	3.5188773	2.2766914	-2.7342134	0.0075742714	346.579638004303
18	0.23959729	0.0	0.23959729	0.23959729	25.0	450	2.616095	0.15925159	3.5518181	2.3318543	-2.9078722	0.007202877	366.8039700984955
19	0.068547115	0.0	0.068547115	0.068547115	25.0	475	2.693864	0.14858928	3.5676866	2.4649963	-2.9781985	0.0073131705	387.2297902107239
20	0.47265097	0.0	0.47265097	0.47265097	25.0	500	2.7777822	0.14773849	3.7465136	2.5764868	-3.147363	0.007930534	408.31045603752136
21	0.38664672	0.0	0.38664672	0.38664672	25.0	525	2.85734	0.15284114	3.8638122	2.5699904	-3.125764	0.008370345	428.87620282173157
22	0.39556146	0.0	0.39556146	0.39556146	25.0	550	2.9267764	0.1303091	3.8950303	2.7408223	-3.2161465	0.0056273546	449.26150131225586
23	0.81128985	0.0	0.81128985	0.81128985	25.0	575	2.9780462	0.14841826	3.9575179	2.7832634	-3.32137	0.006887458	469.58235573768616
24	0.23099841	0.0	0.23099841	0.23099841	25.0	600	3.036511	0.14080586	3.9717503	2.8580341	-3.2239368	0.0062575284	489.897513628006
25	0.3581467	0.0	0.3581467	0.3581467	25.0	625	3.1101434	0.13317433	4.1509843	2.922109	-3.24669	0.004948014	510.3867826461792
26	0.34663323	0.0	0.34663323	0.34663323	25.0	650	3.1741533	0.124767594	4.153534	3.012766	-3.2908573	0.0042659044	530.7932543754578
27	0.3779861	0.0	0.3779861	0.3779861	25.0	675	3.2280657	0.123728774	4.204406	3.0863352	-3.3533728	0.0048254244	551.2904403209686
28	0.7538805	0.0	0.7538805	0.7538805	25.0	700	3.2845805	0.12658615	4.270537	3.156287	-3.4590006	0.004662829	571.7532815933228
29	0.13207221	0.0	0.13207221	0.13207221	25.0	725	3.3320832	0.12126773	4.3083763	3.1906683	-3.4781792	0.005608507	592.2194786071777
30	0.51376593	0.0	0.51376593	0.51376593	25.0	750	3.366928	0.12565413	4.3290706	3.2335286	-3.492732	0.0053388053	613.3872578144073
31	0.16341347	0.0	0.16341347	0.16341347	25.0	775	3.3834705	0.11771659	4.328607	3.2585788	-3.5130386	0.0036118133	633.7890927791595
32	0.8975088	0.0	0.8975088	0.8975088	25.0	800	3.3998365	0.107964516	4.356562	3.2802305	-3.550388	0.0035503146	654.1933982372284
33	0.24750237	0.0	0.24750237	0.24750237	25.0	825	3.412556	0.09865865	4.3559484	3.2777982	-3.5687628	0.0032772901	674.5399770736694
34	1.2591939	0.0	1.2591939	1.2591939	25.0	850	3.4364686	0.1200698	4.35991	3.278268	-3.6271615	0.0040177396	694.977765083313
35	1.3852116	0.0	1.3852116	1.3852116	25.0	875	3.4453583	0.1150618	4.4048223	3.3187106	-3.614587	0.003681806	715.4332695007324
36	0.39751709	0.0	0.39751709	0.39751709	25.0	900	3.4654498	0.10481873	4.4144964	3.3072689	-3.628212	0.0060891863	735.7878150939941
37	0.16069543	0.0	0.16069543	0.16069543	25.0	925	3.49281	0.11402006	4.443337	3.322978	-3.639377	0.0061238385	756.1291716098785
38	0.45064023	0.0	0.45064023	0.45064023	25.0	950	3.506778	0.0989303	4.442689	3.301333	-3.6343606	0.0052543897	776.6201994419098
39	0.5636207	0.0	0.5636207	0.5636207	25.0	975	3.525813	0.09475299	4.4304748	3.394228	-3.6552236	0.0047340863	797.0556452274323
40	0.079268135	0.0	0.079268135	0.079268135	25.0	1000	3.54617	0.104413174	4.5540714	3.415486	-3.6782095	0.0040113083	818.2621409893036
41	0.35518044	0.0	0.35518044	0.35518044	25.0	1025	3.5686736	0.097857215	4.556159	2.9421017	-3.705816	0.0048135053	838.9329497814178
42	0.13308348	0.0	0.13308348	0.13308348	25.0	1050	3.5936441	0.09955695	4.5669928	3.2893467	-3.7295942	0.0051084734	859.4111731052399
43	0.43482223	0.0	0.43482223	0.43482223	25.0	1075	3.6146991	0.100192994	4.6287417	3.1923015	-3.751738	0.006474652	879.7694416046143
44	0.9403726	0.0	0.9403726	0.9403726	25.0	1100	3.6360538	0.102375075	4.6491017	3.1976955	-3.7702286	0.006092531	900.2420473098755
45	0.3270621	0.0	0.3270621	0.3270621	25.0	1125	3.650866	0.09801533	4.6221695	3.1896954	-3.788745	0.0051073665	920.7134969234467
46	0.027695043	0.0	0.027695043	0.027695043	25.0	1150	3.6748817	0.09341465	4.5819426	3.3934202	-3.8107243	0.006067872	941.2300052642822
47	0.18967564	0.0	0.18967564	0.18967564	25.0	1175	3.6968298	0.10531421	4.6663933	3.255528	-3.8370001	0.0061613265	961.6697390079498
48	0.45135722	0.0	0.45135722	0.45135722	25.0	1200	3.7149918	0.11188561	4.7162604	3.2048295	-3.8732805	0.006910047	982.1232063770294
49	0.69942033	0.0	0.69942033	0.69942033	25.0	1225	3.7362134	0.10280389	4.8891463	3.454595	-3.917993	0.006433118	1002.5798721313477
50	0.43988624	0.0	0.43988624	0.43988624	25.0	1250	3.7519062	0.110217854	5.087768	3.241782	-3.9129837	0.005679177	1024.0434520244598
51	0.30972207	0.0	0.30972207	0.30972207	25.0	1275	3.7751575	0.10560722	4.852427	2.6822453	-3.9566693	0.007107654	1044.570843219757
52	0.39789847	0.0	0.39789847	0.39789847	25.0	1300	3.7921252	0.107833795	5.1738915	3.4606755	-3.975613	0.0060181455	1065.0109448432922
53	0.29836386	0.0	0.29836386	0.29836386	25.0	1325	3.8134503	0.10218328	5.0757513	3.5427425	-3.9628038	0.0060040564	1085.5632677078247
54	0.40739575	0.0	0.40739575	0.40739575	25.0	1350	3.8329208	0.0947413	4.803484	3.4799147	-4.001626	0.0060366727	1106.1294167041779
55	0.15244338	0.0	0.15244338	0.15244338	25.0	1375	3.8518746	0.09335115	4.850717	2.9799922	-4.0092564	0.0072820364	1126.5966982841492
56	0.50621575	0.0	0.50621575	0.50621575	25.0	1400	3.8745866	0.09279975	4.9927626	3.398524	-4.035116	0.0048423256	1146.9861595630646
57	1.4332223	0.0	1.4332223	1.4332223	25.0	1425	3.9052234	0.08913329	4.894441	3.2462142	-4.0560594	0.0060709273	1167.4753506183624
58	0.541278	0.0	0.541278	0.541278	25.0	1450	3.9262412	0.09382838	4.9061112	3.4100344	-4.083383	0.005399217	1187.9516084194183
59	0.35256463	0.0	0.35256463	0.35256463	25.0	1475	3.95235	0.1081226	5.1780276	3.5295208	-4.123789	0.005692067	1208.3856518268585
60	0.25193465	0.0	0.25193465	0.25193465	25.0	1500	3.9641767	0.09626136	5.175291	3.5158987	-4.161424	0.006920025	1229.834106206894
61	0.15824424	0.0	0.15824424	0.15824424	25.0	1525	3.9912426	0.10431438	5.017371	3.451122	-4.1569643	0.0060389447	1250.2083902359009
62	0.0	0.0	0.0	0.0	25.0	1550	4.0070124	0.09361348	5.045627	3.5187373	-4.163061	0.0065803127	1270.5346212387085
63	0.011428235	0.0	0.011428235	0.011428235	25.0	1575	4.029818	0.08827061	5.2774076	3.487544	-4.2030373	0.005619557	1290.960092306137
64	0.46266335	0.0	0.46266335	0.46266335	25.0	1600	4.058494	0.11414753	5.849676	3.3975089	-4.203765	0.008563554	1311.3693172931671
65	1.1415615	0.0	1.1415615	1.1415615	25.0	1625	4.0829477	0.114750974	5.5103836	3.575757	-4.2491326	0.00795655	1331.8686611652374
66	1.0452812	0.0	1.0452812	1.0452812	25.0	1650	4.1030555	0.105399646	5.1818757	3.431041	-4.276195	0.00742133	1352.3191225528717
67	0.0	0.0	0.0	0.0	25.0	1675	4.123767	0.097277865	5.1675396	3.5792308	-4.299254	0.0077727307	1372.7660739421844
68	0.16749866	0.0	0.16749866	0.16749866	25.0	1700	4.142417	0.10037264	5.1920757	3.1733062	-4.3317647	0.0065374183	1393.2209737300873
69	0.9129793	0.0	0.9129793	0.9129793	25.0	1725	4.1740193	0.10130003	5.218193	3.6524897	-4.351693	0.0065216334	1413.7278807163239
70	0.71469086	0.0	0.71469086	0.71469086	25.0	1750	4.188847	0.0863389	5.21651	3.9315743	-4.3638554	0.005327348	1435.47021150589
71	0.37655067	0.0	0.37655067	0.37655067	25.0	1775	4.2151203	0.101109356	5.366232	3.5492125	-4.3925753	0.007962298	1456.0184681415558
72	0.2645875	0.0	0.2645875	0.2645875	25.0	1800	4.235694	0.08931646	5.3887787	2.737441	-4.467314	0.007914351	1476.6156363487244
73	0.9472551	0.0	0.9472551	0.9472551	25.0	1825	4.267002	0.091669984	5.312469	4.025159	-4.5217876	0.006038897	1497.2680313587189
74	5.8817887	0.0	5.8817887	5.8817887	25.0	1850	4.2975035	0.09238417	5.294359	3.4144459	-4.5896926	0.008349122	1517.7220137119293
75	3.57108	0.0	3.57108	3.57108	25.0	1875	4.33219	0.09837134	5.572974	3.993633	-4.647655	0.009729424	1538.24440574646
76	2.2090845	0.0	2.2090845	2.2090845	25.0	1900	4.3631825	0.11285589	5.5313077	3.4533143	-4.6706715	0.010551495	1558.8285460472107
77	1.1404907	0.0	1.1404907	1.1404907	25.0	1925	4.4112477	0.11072786	5.6626167	3.881668	-4.6553144	0.0076316823	1579.3463101387024
78	0.566714	0.0	0.566714	0.566714	25.0	1950	4.452998	0.086315356	5.2934527	3.8569207	-4.7260942	0.009577469	1599.8727204799652
79	0.2028256	0.0	0.2028256	0.2028256	25.0	1975	4.4941025	0.09873457	5.827101	4.2022457	-4.7633834	0.008949425	1620.453339099884
80	0.9434125	0.0	0.9434125	0.9434125	25.0	2000	4.522419	0.08505199	5.378079	3.9012089	-4.7491555	0.0074188653	1642.1208355426788
81	0.2780573	0.0	0.2780573	0.2780573	25.0	2025	4.5574455	0.09455331	5.9216967	4.273934	-4.7928786	0.010496315	1663.0235517024994
82	0.84617025	0.0	0.84617025	0.84617025	25.0	2050	4.588717	0.11120183	5.693579	4.300026	-4.816847	0.009298075	1683.6586043834686
83	0.23328203	0.0	0.23328203	0.23328203	25.0	2075	4.6146393	0.09829945	5.6408377	4.355384	-4.8501406	0.009943946	1704.475371837616
84	0.31916356	0.0	0.31916356	0.31916356	25.0	2100	4.6333466	0.07821953	5.486843	4.443273	-4.8370686	0.00681415	1725.0669300556183
85	0.95613873	0.0	0.95613873	0.95613873	25.0	2125	4.663245	0.10654069	5.6947303	4.062131	-4.9984307	0.010765351	1745.4782228469849
86	0.53326505	0.0	0.53326505	0.53326505	25.0	2150	4.688015	0.099266134	5.7984576	3.7743535	-4.984218	0.010245322	1765.955053806305
87	0.02716973	0.0	0.02716973	0.02716973	25.0	2175	4.7195964	0.09176037	5.73347	4.407921	-4.9277415	0.008746371	1786.4908130168915
88	0.86986375	0.0	0.86986375	0.86986375	25.0	2200	4.754923	0.1014821	5.7760024	4.215452	-4.9790554	0.011515099	1807.003176689148
89	0.9195721	0.0	0.9195721	0.9195721	25.0	2225	4.7984996	0.10855954	5.855083	3.8603017	-5.034931	0.011035877	1827.638462305069
90	0.23949158	0.0	0.23949158	0.23949158	25.0	2250	4.851739	0.122742094	6.647073	3.681874	-5.0543222	0.014116641	1849.2359147071838
91	0.0	0.0	0.0	0.0	25.0	2275	4.893825	0.09227604	6.066432	4.3858705	-5.0971656	0.010618985	1869.828672170639
92	0.82629347	0.0	0.82629347	0.82629347	25.0	2300	4.9324203	0.111247025	6.331246	4.3793125	-5.1561913	0.011855228	1890.5501856803894
93	0.24876803	0.0	0.24876803	0.24876803	25.0	2325	4.9687243	0.118609026	6.7367716	3.6959212	-5.2096753	0.012635741	1911.1767675876617
94	0.25114852	0.0	0.25114852	0.25114852	25.0	2350	4.9960394	0.12886082	6.413416	4.161879	-5.2128673	0.014903304	1931.893760919571
95	0.054536548	0.0	0.054536548	0.054536548	25.0	2375	5.0125294	0.10360765	6.288166	4.265446	-5.2218113	0.009268923	1952.449013710022
96	0.31687602	0.0	0.31687602	0.31687602	25.0	2400	5.0406833	0.11076707	6.300317	3.6443539	-5.235247	0.012237826	1972.923416376114
97	0.12905872	0.0	0.12905872	0.12905872	25.0	2425	5.0647984	0.11724525	6.197673	4.795472	-5.25799	0.010266475	1993.7047543525696
98	0.07111743	0.0	0.07111743	0.07111743	25.0	2450	5.0841002	0.11541641	6.296459	4.2838583	-5.2773004	0.013479494	2014.3342463970184
99	0.40589184	0.0	0.40589184	0.40589184	25.0	2475	5.101513	0.090130724	6.338997	4.7780304	-5.290945	0.0076290704	2034.8819642066956
100	1.3054552	0.0	1.3054552	1.3054552	25.0	2500	5.130901	0.105123125	6.403741	4.4290833	-5.3357415	0.011976302	2056.480304002762
101	0.44622305	0.0	0.44622305	0.44622305	25.0	2525	5.1528587	0.1112851	6.3912296	4.2745457	-5.3367577	0.013269409	2077.2528512477875
102	0.1817584	0.0	0.1817584	0.1817584	25.0	2550	5.1666646	0.101382025	6.7251697	4.5006423	-5.3528156	0.011895262	2097.8257846832275
103	0.17473075	0.0	0.17473075	0.17473075	25.0	2575	5.1886663	0.11115339	6.2284408	3.835789	-5.4127407	0.0121245645	2119.2227771282196
104	0.2311713	0.0	0.2311713	0.2311713	25.0	2600	5.213689	0.111904845	6.449393	4.9245815	-5.4423656	0.009648645	2139.807942867279
105	0.49490884	0.0	0.49490884	0.49490884	25.0	2625	5.240357	0.11306686	6.4935484	4.5891004	-5.486058	0.013776477	2160.4054679870605
106	0.10535505	0.0	0.10535505	0.10535505	25.0	2650	5.264475	0.10218139	6.2411995	4.9227915	-5.4919586	0.008393184	2180.8619298934937
107	0.1186619	0.0	0.1186619	0.1186619	25.0	2675	5.2865057	0.10422573	6.3948774	3.6434183	-5.507049	0.010883795	2201.43372964859
108	0.69265753	0.0	0.69265753	0.69265753	25.0	2700	5.3153906	0.090530664	6.178018	4.8793507	-5.522221	0.009065914	2222.0324602127075
109	0.0	0.0	0.0	0.0	25.0	2725	5.3534436	0.100546464	6.454471	4.9839306	-5.5461097	0.013938168	2243.0011200904846
110	0.6949128	0.0	0.6949128	0.6949128	25.0	2750	5.379641	0.11661867	6.9148173	4.385569	-5.57812	0.012378839	2264.3939390182495
111	0.1449288	0.0	0.1449288	0.1449288	25.0	2775	5.4000163	0.121451706	6.4147134	3.641779	-5.6035833	0.016832456	2284.9552178382874
112	0.75606346	0.0	0.75606346	0.75606346	25.0	2800	5.4309673	0.120007135	6.741576	4.7270026	-5.6504493	0.0141018145	2305.5530898571014
113	0.39049435	0.0	0.39049435	0.39049435	25.0	2825	5.4464564	0.109848425	6.686829	4.790666	-5.6756783	0.011755969	2326.036461353302
114	0.22479576	0.0	0.22479576	0.22479576	25.0	2850	5.4709153	0.15591648	9.503963	4.6425815	-5.706112	0.022229781	2346.581132173538
115	0.3857552	0.0	0.3857552	0.3857552	25.0	2875	5.4912148	0.11548693	6.8786902	4.8119755	-5.7284474	0.015422208	2367.1312432289124
116	0.6107672	0.0	0.6107672	0.6107672	25.0	2900	5.5191307	0.10412888	6.8224006	4.712042	-5.75284	0.013133561	2387.5978615283966
117	0.31000534	0.0	0.31000534	0.31000534	25.0	2925	5.546764	0.10571677	6.6931825	4.765252	-5.7779975	0.012078525	2408.2151429653168
118	0.0	0.0	0.0	0.0	25.0	2950	5.576994	0.13985263	7.076634	3.6693122	-5.790689	0.01677324	2428.7208280563354
119	0.7534673	0.0	0.7534673	0.7534673	25.0	2975	5.612234	0.10492373	6.5384827	5.0678635	-5.8199205	0.012105009	2449.525059700012
120	1.1049694	0.0	1.1049694	1.1049694	25.0	3000	5.6367493	0.1106593	6.977272	5.079933	-5.850933	0.0088696	2470.8029503822327
121	0.19051217	0.0	0.19051217	0.19051217	25.0	3025	5.6574736	0.11801115	6.8578415	4.85781	-5.8798494	0.009969732	2491.3774659633636
122	0.6011753	0.0	0.6011753	0.6011753	25.0	3050	5.679555	0.08924868	6.8337383	4.7689385	-5.9154515	0.009190288	2511.9207940101624
123	0.0	0.0	0.0	0.0	25.0	3075	5.7084007	0.101494	6.932618	5.395632	-5.9358854	0.010231981	2532.6007351875305
124	0.16038494	0.0	0.16038494	0.16038494	25.0	3100	5.7369094	0.09521955	6.9977903	5.2943344	-5.982073	0.010818472	2553.2566936016083
125	0.06395779	0.0	0.06395779	0.06395779	25.0	3125	5.7618847	0.10744388	7.0488997	5.1181417	-6.019636	0.009355237	2573.8950905799866
126	0.023508094	0.0	0.023508094	0.023508094	25.0	3150	5.7871943	0.103478886	6.841205	5.5273657	-6.0758224	0.01039046	2594.835695743561
127	0.6176439	0.0	0.6176439	0.6176439	25.0	3175	5.812341	0.086062536	6.8381686	5.4118104	-6.0854836	0.009571972	2615.6250302791595
128	0.7290607	0.0	0.7290607	0.7290607	25.0	3200	5.8347096	0.1137637	7.027119	5.3047147	-6.0996165	0.012715404	2636.3107199668884
129	0.33336258	0.0	0.33336258	0.33336258	25.0	3225	5.8732786	0.09539617	7.160684	5.3951807	-6.1563044	0.008180621	2657.184777021408
130	0.0	0.0	0.0	0.0	25.0	3250	5.929544	0.12260147	7.0955586	5.643325	-6.1818714	0.012224376	2678.696209192276
131	0.26771736	0.0	0.26771736	0.26771736	25.0	3275	5.9632635	0.10811614	7.2158585	5.68096	-6.1854815	0.009923921	2699.3308534622192
132	0.20233399	0.0	0.20233399	0.20233399	25.0	3300	5.99225	0.12170456	7.366659	5.5979705	-6.247771	0.012974119	2719.93666100502
133	0.38896647	0.0	0.38896647	0.38896647	25.0	3325	6.027234	0.12475361	7.440174	5.3159485	-6.2715473	0.012480749	2740.562431573868
134	0.67399186	0.0	0.67399186	0.67399186	25.0	3350	6.048407	0.101151295	7.1160326	5.5860696	-6.2871914	0.011376571	2761.2494111061096
135	0.588037	0.0	0.588037	0.588037	25.0	3375	6.081515	0.11750914	7.504973	5.713262	-6.3225384	0.012817215	2781.8669924736023
136	0.3914063	0.0	0.3914063	0.3914063	25.0	3400	6.1029263	0.106676064	7.290661	5.708961	-6.3626723	0.012413894	2802.5194914340973
137	0.007554634	0.0	0.007554634	0.007554634	25.0	3425	6.1295595	0.12523417	7.557921	5.837376	-6.382189	0.013572294	2823.0781767368317
138	0.0	0.0	0.0	0.0	25.0	3450	6.162931	0.11828454	7.3836155	5.567415	-6.417597	0.011869796	2843.610075235367
139	0.49181446	0.0	0.49181446	0.49181446	25.0	3475	6.187074	0.11551304	7.5193043	5.0715456	-6.4169893	0.012303548	2864.530442714691
140	0.21947636	0.0	0.21947636	0.21947636	25.0	3500	6.212274	0.122939385	7.6965013	5.5227156	-6.457578	0.012647447	2886.038298368454
141	0.4653628	0.0	0.4653628	0.4653628	25.0	3525	6.242556	0.114775695	7.287601	5.229043	-6.4929447	0.012814926	2906.7115108966827
142	0.74414086	0.0	0.74414086	0.74414086	25.0	3550	6.2785215	0.105564944	7.9126444	6.0432305	-6.5172048	0.010210368	2927.2424104213715
143	0.0	0.0	0.0	0.0	25.0	3575	6.303502	0.12230704	7.5136414	5.516491	-6.558807	0.015011667	2947.9397757053375
144	0.0	0.0	0.0	0.0	25.0	3600	6.326117	0.124974854	7.7698855	5.1446342	-6.6184754	0.013230498	2968.5211837291718
145	0.0	0.0	0.0	0.0	25.0	3625	6.362778	0.11128414	7.5040827	5.3209357	-6.6270094	0.014775411	2989.1100339889526
146	0.21499023	0.0	0.21499023	0.21499023	25.0	3650	6.386239	0.10473414	7.6083317	5.7667875	-6.632254	0.011643511	3009.7543935775757
147	0.32139945	0.0	0.32139945	0.32139945	25.0	3675	6.4214187	0.1121855	7.974914	5.241798	-6.665575	0.011974559	3030.334423303604
148	0.5978673	0.0	0.5978673	0.5978673	25.0	3700	6.449934	0.12061728	7.6402783	5.684029	-6.7028155	0.014257098	3050.9920284748077
149	0.41168866	0.0	0.41168866	0.41168866	25.0	3725	6.483313	0.10547963	7.5720754	5.488747	-6.7428284	0.014220966	3072.0145649909973
150	0.1138915	0.0	0.1138915	0.1138915	25.0	3750	6.5230055	0.12923327	8.232787	5.31139	-6.7788677	0.014198046	3093.4939596652985
151	0.64708793	0.0	0.64708793	0.64708793	25.0	3775	6.5589113	0.11609597	7.853385	5.684264	-6.812165	0.014792471	3114.308582305908
152	0.078239016	0.0	0.078239016	0.078239016	25.0	3800	6.5785866	0.12639847	7.75896	5.243707	-6.8447723	0.016231142	3135.0001499652863
153	0.15945958	0.0	0.15945958	0.15945958	25.0	3825	6.602184	0.12054508	8.66395	5.7550454	-6.9107823	0.014382149	3155.708064556122
154	0.70450467	0.0	0.70450467	0.70450467	25.0	3850	6.632094	0.13581954	8.187141	5.4106526	-6.9215965	0.019775301	3176.410537004471
155	0.06264572	0.0	0.06264572	0.06264572	25.0	3875	6.654945	0.10917219	7.9534397	5.784702	-6.920482	0.014488298	3196.988101005554
156	0.004201366	0.0	0.004201366	0.004201366	25.0	3900	6.6847777	0.14176363	8.493067	5.577575	-6.9567065	0.01741419	3217.7651765346527
157	0.2633469	0.0	0.2633469	0.2633469	25.0	3925	6.720247	0.15276499	9.001773	5.41241	-6.973935	0.01999538	3241.2889683246613
158	0.7450128	0.0	0.7450128	0.7450128	25.0	3950	6.7509394	0.14112425	8.426872	5.0212545	-7.02612	0.018085878	3261.776828765869
159	0.42037734	0.0	0.42037734	0.42037734	25.0	3975	6.7859764	0.12510578	8.079754	5.2363024	-7.0861983	0.017290749	3282.790032148361
160	0.15144284	0.0	0.15144284	0.15144284	25.0	4000	6.811438	0.108277805	8.133012	6.05546	-7.1150317	0.011949615	3304.39209318161
161	0.24243626	0.0	0.24243626	0.24243626	25.0	4025	6.832102	0.11172111	8.33947	5.406688	-7.120073	0.012410747	3325.071303129196
162	0.25835842	0.0	0.25835842	0.25835842	25.0	4050	6.8619633	0.0961233	8.323386	6.3803406	-7.133924	0.008622433	3345.641003370285
163	0.2558334	0.0	0.2558334	0.2558334	25.0	4075	6.906258	0.09427577	7.948104	6.3950753	-7.1628447	0.010310142	3366.204008579254
164	1.5068207	0.0	1.5068207	1.5068207	25.0	4100	6.948732	0.1145736	9.145169	6.221216	-7.1960254	0.010927592	3386.905668735504
165	0.14136188	0.0	0.14136188	0.14136188	25.0	4125	6.9843597	0.11806246	8.405124	6.0118036	-7.245193	0.013982279	3407.990241765976
166	0.5197897	0.0	0.5197897	0.5197897	25.0	4150	7.011712	0.10761531	8.357464	6.0215616	-7.267548	0.012858724	3428.556842327118
167	0.39426386	0.0	0.39426386	0.39426386	25.0	4175	7.052673	0.14040035	8.826691	5.8745747	-7.3151565	0.01907672	3449.2372694015503
168	0.0	0.0	0.0	0.0	25.0	4200	7.070923	0.13587853	8.848028	5.9571037	-7.3401256	0.018944902	3470.1218943595886
169	0.7037971	0.0	0.7037971	0.7037971	25.0	4225	7.0939794	0.13604492	9.255649	5.5244484	-7.3639784	0.02137115	3491.267640352249
170	0.42625132	0.0	0.42625132	0.42625132	25.0	4250	7.121874	0.12282807	8.280028	5.5818896	-7.391833	0.016166963	3512.9798650741577
171	0.120570056	0.0	0.120570056	0.120570056	25.0	4275	7.148921	0.16767211	9.012169	5.4648833	-7.402273	0.02463507	3533.5839960575104
172	0.094451606	0.0	0.094451606	0.094451606	25.0	4300	7.1717153	0.13751304	9.477637	5.4473	-7.4434423	0.020924458	3554.1908473968506
173	0.9266255	0.0	0.9266255	0.9266255	25.0	4325	7.201763	0.17513171	11.176783	5.3859468	-7.521461	0.02920374	3574.8121421337128
174	0.6316675	0.0	0.6316675	0.6316675	25.0	4350	7.231949	0.12350402	8.932998	6.0281496	-7.5326214	0.017265888	3595.481276035309
175	0.075804934	0.0	0.075804934	0.075804934	25.0	4375	7.258153	0.12328141	9.106072	6.4503016	-7.5603914	0.015496958	3616.1115283966064
176	0.0	0.0	0.0	0.0	25.0	4400	7.2853527	0.12620051	9.562374	6.2535567	-7.624279	0.014859386	3636.7132103443146
177	0.21611618	0.0	0.21611618	0.21611618	25.0	4425	7.3263597	0.14476533	9.1808195	5.7927327	-7.6769505	0.02091728	3657.322210788727
178	0.21819915	0.0	0.21819915	0.21819915	25.0	4450	7.3587847	0.12236862	9.510399	6.926474	-7.7426367	0.014344672	3677.7892990112305
179	0.33544922	0.0	0.33544922	0.33544922	25.0	4475	7.3907576	0.12784724	8.806466	4.4394846	-7.762689	0.015236518	3698.6959788799286
180	0.91733533	0.0	0.91733533	0.91733533	25.0	4500	7.445731	0.12774092	10.181213	6.867483	-7.7925234	0.02013716	3720.2253119945526
181	0.29524633	0.0	0.29524633	0.29524633	25.0	4525	7.494536	0.1362839	8.687457	5.3757935	-7.82857	0.018334191	3740.7733833789825
182	1.100448	0.0	1.100448	1.100448	25.0	4550	7.5433803	0.118697025	8.693721	7.0403028	-7.887931	0.015179276	3761.2925066947937
183	1.6330472	0.0	1.6330472	1.6330472	25.0	4575	7.5873723	0.09327647	8.925486	7.0715175	-7.928396	0.010469837	3781.8788805007935
184	0.32678986	0.0	0.32678986	0.32678986	25.0	4600	7.6211033	0.11120406	9.259757	6.9200077	-7.948303	0.01241835	3802.4633548259735
185	0.50764346	0.0	0.50764346	0.50764346	25.0	4625	7.666256	0.10896886	8.834839	7.0407743	-7.965238	0.013061428	3823.0284357070923
186	0.0	0.0	0.0	0.0	25.0	4650	7.695576	0.10564682	8.862225	6.691564	-8.023919	0.009844491	3843.6600205898285
187	0.018923141	0.0	0.018923141	0.018923141	25.0	4675	7.7430325	0.10987853	8.993666	7.2040014	-8.053922	0.011142149	3864.2548060417175
188	0.0	0.0	0.0	0.0	25.0	4700	7.7724037	0.11622936	9.182622	7.265508	-8.068308	0.014977835	3884.750273704529
189	0.49348983	0.0	0.49348983	0.49348983	25.0	4725	7.804718	0.10443309	9.106778	7.4868484	-8.116027	0.01410972	3905.839518070221
190	0.311583	0.0	0.311583	0.311583	25.0	4750	7.8407435	0.1171997	9.228837	7.293474	-8.194448	0.01200351	3927.5521528720856
191	0.84617144	0.0	0.84617144	0.84617144	25.0	4775	7.8697863	0.09142575	8.831151	7.2142587	-8.247182	0.0118644405	3948.262768268585
192	0.34614372	0.0	0.34614372	0.34614372	25.0	4800	7.8949304	0.0950914	9.297004	7.377512	-8.280399	0.008448944	3968.7422173023224
193	0.20549552	0.0	0.20549552	0.20549552	25.0	4825	7.93093	0.095265426	9.23883	7.6173935	-8.31109	0.009992413	3989.312231063843
194	0.44564092	0.0	0.44564092	0.44564092	25.0	4850	7.9720654	0.116054714	9.274391	7.3676567	-8.327794	0.011697573	4010.028156042099
195	0.17876595	0.0	0.17876595	0.17876595	25.0	4875	8.008693	0.11784426	9.285213	7.4162364	-8.356071	0.011599456	4030.6816322803497
196	0.14614452	0.0	0.14614452	0.14614452	25.0	4900	8.07008	0.119529955	9.379033	7.6289535	-8.403415	0.016483288	4051.2840569019318
197	0.06391154	0.0	0.06391154	0.06391154	25.0	4925	8.111343	0.109415375	9.38711	7.4908676	-8.409154	0.010611933	4071.810928106308
198	0.2155702	0.0	0.2155702	0.2155702	25.0	4950	8.143037	0.109298065	9.473036	7.4486732	-8.41688	0.01139809	4092.5212576389313
199	0.2012601	0.0	0.2012601	0.2012601	25.0	4975	8.174119	0.11687609	9.459614	6.8688173	-8.477835	0.015658075	4113.556156635284
200	0.1658729	0.0	0.1658729	0.1658729	25.0	5000	8.204611	0.122883685	9.819498	7.483667	-8.50653	0.014438654	4135.339533567429
201	0.18400307	0.0	0.18400307	0.18400307	25.0	5025	8.23127	0.1064865	9.143455	7.7225485	-8.532802	0.014503095	4155.897307634354
202	0.43855897	0.0	0.43855897	0.43855897	25.0	5050	8.258953	0.101992816	9.577398	7.9400764	-8.553422	0.010252317	4176.569065570831
203	0.7251512	0.0	0.7251512	0.7251512	25.0	5075	8.286085	0.12348452	10.089899	7.3562117	-8.591633	0.0141757345	4197.237602710724
204	0.06124355	0.0	0.06124355	0.06124355	25.0	5100	8.320129	0.113626	9.37479	7.675282	-8.618441	0.01619286	4217.799632310867
205	0.6935578	0.0	0.6935578	0.6935578	25.0	5125	8.346314	0.12029239	9.866747	7.4679084	-8.645584	0.015917346	4238.369563341141
206	0.0	0.0	0.0	0.0	25.0	5150	8.367897	0.102693096	9.787667	7.3903537	-8.665101	0.011824204	4258.972883224487
207	0.44492215	0.0	0.44492215	0.44492215	25.0	5175	8.39889	0.10614125	9.947943	7.5562124	-8.704044	0.014030043	4279.546756267548
208	0.12251674	0.0	0.12251674	0.12251674	25.0	5200	8.426033	0.11145498	9.7741585	7.603987	-8.71672	0.011900984	4300.67263674736
209	0.0	0.0	0.0	0.0	25.0	5225	8.457141	0.11554057	9.799071	7.7407517	-8.779808	0.017004842	4321.248958110809
210	0.036245234	0.0	0.036245234	0.036245234	25.0	5250	8.485813	0.14256246	10.945447	7.5516067	-8.794928	0.015848817	4343.029644012451
211	0.30432492	0.0	0.30432492	0.30432492	25.0	5275	8.5151205	0.11479055	9.839333	7.9497476	-8.825728	0.015363344	4363.786173343658
212	0.515332	0.0	0.515332	0.515332	25.0	5300	8.540989	0.12217934	9.912064	7.4510946	-8.848813	0.011998888	4384.3105483055115
213	0.18313223	0.0	0.18313223	0.18313223	25.0	5325	8.577605	0.11504239	10.252593	7.646043	-8.902264	0.012554617	4404.793804883957
214	0.31697446	0.0	0.31697446	0.31697446	25.0	5350	8.604307	0.10780131	10.398921	7.7666717	-8.92708	0.011643536	4425.4646763801575
215	0.0	0.0	0.0	0.0	25.0	5375	8.636584	0.12010749	9.881093	7.3727756	-8.945098	0.016546527	4446.228873729706
216	0.27748242	0.0	0.27748242	0.27748242	25.0	5400	8.663859	0.116577215	10.493752	7.5273914	-8.982364	0.015655242	4466.99035525322
217	0.81557304	0.0	0.81557304	0.81557304	25.0	5425	8.703344	0.14178982	10.669954	7.8724957	-9.027356	0.015608214	4487.646847724915
218	0.5357017	0.0	0.5357017	0.5357017	25.0	5450	8.732962	0.14083077	10.319564	7.5841413	-9.053103	0.021198831	4508.951051235199
219	0.08818053	0.0	0.08818053	0.08818053	25.0	5475	8.760114	0.15954813	10.8836155	6.0731554	-9.079009	0.023564281	4529.658386707306
220	0.25525075	0.0	0.25525075	0.25525075	25.0	5500	8.799265	0.12373561	10.86764	7.8804297	-9.108534	0.015395023	4551.443695306778
221	0.0743369	0.0	0.0743369	0.0743369	25.0	5525	8.818146	0.13638744	10.228571	8.165222	-9.146031	0.018365394	4572.07204413414
222	0.5316614	0.0	0.5316614	0.5316614	25.0	5550	8.851176	0.11541743	10.658736	7.656963	-9.178417	0.017506301	4592.655269145966
223	0.23823671	0.0	0.23823671	0.23823671	25.0	5575	8.88646	0.14886272	10.368494	7.513422	-9.226184	0.019498587	4613.341956377029
224	0.36595058	0.0	0.36595058	0.36595058	25.0	5600	8.918744	0.13828146	10.904728	7.335993	-9.249508	0.01903249	4634.1686799526215
225	0.7319993	0.0	0.7319993	0.7319993	25.0	5625	8.945188	0.13667502	11.896295	8.145388	-9.268719	0.023382511	4654.811603784561
226	0.15483855	0.0	0.15483855	0.15483855	25.0	5650	8.972004	0.13440943	10.730481	7.668135	-9.314108	0.017103188	4675.556949853897
227	0.47960034	0.0	0.47960034	0.47960034	25.0	5675	9.012446	0.16338561	11.243634	6.798297	-9.334425	0.027577953	4696.255665063858
228	0.24068294	0.0	0.24068294	0.24068294	25.0	5700	9.044021	0.119892724	10.596292	8.054472	-9.376974	0.014829335	4717.320088148117
229	0.0	0.0	0.0	0.0	25.0	5725	9.072992	0.1418876	11.834806	7.997335	-9.406716	0.017987916	4737.906506538391
230	0.01654746	0.0	0.01654746	0.01654746	25.0	5750	9.10973	0.1299077	11.601873	8.31598	-9.450118	0.021529838	4759.559982061386
231	0.44172534	0.0	0.44172534	0.44172534	25.0	5775	9.132093	0.10886459	10.402905	7.5190554	-9.479159	0.013793678	4780.077707290649
232	0.2513624	0.0	0.2513624	0.2513624	25.0	5800	9.175859	0.116632394	10.565335	8.2034645	-9.5206175	0.017028296	4800.776764154434
233	0.62713253	0.0	0.62713253	0.62713253	25.0	5825	9.2056465	0.111913465	10.529803	8.43019	-9.547405	0.0153871	4821.458742380142
234	0.6633797	0.0	0.6633797	0.6633797	25.0	5850	9.232916	0.09688408	10.15128	7.7944517	-9.576819	0.013871665	4842.009246826172
235	0.15157934	0.0	0.15157934	0.15157934	25.0	5875	9.270212	0.10775527	11.210735	8.516821	-9.606845	0.011692908	4862.5897080898285
236	0.45143571	0.0	0.45143571	0.45143571	25.0	5900	9.299324	0.12934911	10.621301	6.59987	-9.653334	0.018066073	4883.123091220856
237	0.0	0.0	0.0	0.0	25.0	5925	9.330135	0.091675885	10.029162	8.874457	-9.672232	0.0110284295	4903.651001930237
238	0.119355135	0.0	0.119355135	0.119355135	25.0	5950	9.368263	0.14946006	11.48076	7.449802	-9.72266	0.018890673	4924.681632518768
239	0.22372441	0.0	0.22372441	0.22372441	25.0	5975	9.40136	0.12979421	11.392144	8.518889	-9.756986	0.015955301	4945.30287528038
240	0.09429153	0.0	0.09429153	0.09429153	25.0	6000	9.43235	0.09307254	10.393556	8.6354065	-9.829229	0.011587365	4966.97026014328
241	0.0	0.0	0.0	0.0	25.0	6025	9.465522	0.12108462	10.990139	8.3799095	-9.86354	0.0159957	4987.604380369186
242	0.32165894	0.0	0.32165894	0.32165894	25.0	6050	9.505248	0.12115222	10.869373	8.738269	-9.898254	0.017188955	5008.185006856918
243	0.1020435	0.0	0.1020435	0.1020435	25.0	6075	9.539072	0.1268495	11.147147	8.529099	-9.935917	0.015521833	5028.816579580307
244	0.06705055	0.0	0.06705055	0.06705055	25.0	6100	9.577471	0.112804234	11.597239	8.792909	-9.942598	0.014627963	5049.525527000427
245	0.44913855	0.0	0.44913855	0.44913855	25.0	6125	9.628174	0.1349469	11.602321	7.89342	-9.996055	0.015479821	5070.046691417694
246	0.0	0.0	0.0	0.0	25.0	6150	9.677359	0.111668	11.288892	8.771519	-10.100736	0.015356421	5090.532796382904
247	0.09455924	0.0	0.09455924	0.09455924	25.0	6175	9.7142	0.14234705	11.502073	8.691481	-10.138324	0.021447286	5111.070774078369
248	1.0055033	0.0	1.0055033	1.0055033	25.0	6200	9.7447195	0.1262187	11.022651	7.477893	-10.164679	0.018973133	5132.159396886826
249	0.037945177	0.0	0.037945177	0.037945177	25.0	6225	9.790626	0.14198883	12.772507	8.320314	-10.197414	0.023879057	5152.701415538788
250	0.9183835	0.0	0.9183835	0.9183835	25.0	6250	9.838761	0.19533922	13.044084	6.3187838	-10.239405	0.03374056	5174.432324171066
251	0.23662418	0.0	0.23662418	0.23662418	25.0	6275	9.878954	0.15559739	11.3388815	8.188887	-10.2860155	0.02675839	5195.148871183395
252	0.122818545	0.0	0.122818545	0.122818545	25.0	6300	9.936354	0.14341722	12.353866	8.816821	-10.336889	0.02431817	5215.841451406479
253	0.444477	0.0	0.444477	0.444477	25.0	6325	9.965053	0.14936748	11.528169	7.466648	-10.356833	0.023615217	5236.534163236618
254	0.37732407	0.0	0.37732407	0.37732407	25.0	6350	10.008129	0.13689795	11.922725	8.327168	-10.397705	0.0188969	5257.2954885959625
255	0.23474047	0.0	0.23474047	0.23474047	25.0	6375	10.050266	0.18152912	13.215242	7.93417	-10.4507475	0.029550128	5277.859404325485
256	0.18702607	0.0	0.18702607	0.18702607	25.0	6400	10.093756	0.1249655	12.212157	8.8941	-10.495977	0.020150747	5298.453535079956
257	0.756056	0.0	0.756056	0.756056	25.0	6425	10.125631	0.16413267	13.2750635	8.589462	-10.504713	0.023592224	5319.045674324036
258	0.12672524	0.0	0.12672524	0.12672524	25.0	6450	10.158926	0.1266915	12.212457	8.661293	-10.542727	0.017239356	5340.292490005493
259	0.18207148	0.0	0.18207148	0.18207148	25.0	6475	10.197256	0.10584144	11.489749	9.367188	-10.582048	0.017434664	5360.8050656318665
260	0.38908586	0.0	0.38908586	0.38908586	25.0	6500	10.229824	0.12374503	12.46918	9.286692	-10.612134	0.016248496	5382.576825380325
261	0.9985145	0.0	0.9985145	0.9985145	25.0	6525	10.27484	0.11653409	11.974078	8.702717	-10.651287	0.013875698	5403.382883071899
262	0.34233195	0.0	0.34233195	0.34233195	25.0	6550	10.307883	0.13556552	12.101536	8.829797	-10.685891	0.013698764	5423.932569980621
263	0.059349626	0.0	0.059349626	0.059349626	25.0	6575	10.3468895	0.14407219	12.156276	8.728853	-10.726031	0.018467389	5444.6837747097015
264	0.62710667	0.0	0.62710667	0.62710667	25.0	6600	10.381073	0.13744445	12.003139	9.178414	-10.775237	0.017378554	5465.227875709534
265	0.29017356	0.0	0.29017356	0.29017356	25.0	6625	10.418358	0.12810788	11.777392	9.090711	-10.819467	0.017171074	5485.835979223251
266	0.34824666	0.0	0.34824666	0.34824666	25.0	6650	10.455708	0.117593825	12.228551	9.524139	-10.827939	0.015070779	5506.343350410461
267	0.26966658	0.0	0.26966658	0.26966658	25.0	6675	10.489566	0.13990542	12.090125	9.010885	-10.875487	0.022589937	5526.845876693726
268	0.3469071	0.0	0.3469071	0.3469071	25.0	6700	10.528213	0.12347438	12.121885	9.417129	-10.926421	0.014728213	5548.003461837769
269	0.38378748	0.0	0.38378748	0.38378748	25.0	6725	10.561928	0.11317744	11.507829	8.890892	-10.959023	0.016766675	5568.7100620269775
270	0.355834	0.0	0.355834	0.355834	25.0	6750	10.607251	0.12905443	11.995549	9.631087	-10.998792	0.017161192	5590.8070368766785
271	0.022752881	0.0	0.022752881	0.022752881	25.0	6775	10.642913	0.12002507	12.019424	9.121765	-11.041831	0.014861331	5611.574350595474
272	0.24391134	0.0	0.24391134	0.24391134	25.0	6800	10.676675	0.13124701	12.596281	9.806172	-11.087155	0.015977746	5632.206144571304
273	0.4584637	0.0	0.4584637	0.4584637	25.0	6825	10.7183275	0.12652384	13.217532	9.777332	-11.120012	0.01395128	5652.867997169495
274	0.80840665	0.0	0.80840665	0.80840665	25.0	6850	10.755236	0.121756904	12.0838995	9.66427	-11.157117	0.0149070015	5673.456526994705
275	0.06536008	0.0	0.06536008	0.06536008	25.0	6875	10.798467	0.12446907	13.119777	9.862494	-11.216421	0.01415789	5693.901216506958
276	0.17915411	0.0	0.17915411	0.17915411	25.0	6900	10.837102	0.11217709	12.201541	10.056585	-11.243235	0.014027544	5714.391122341156
277	0.15405513	0.0	0.15405513	0.15405513	25.0	6925	10.87704	0.11066121	12.250519	9.89418	-11.287378	0.014039251	5734.9080722332
278	0.0635808	0.0	0.0635808	0.0635808	25.0	6950	10.912075	0.13041507	12.329135	10.082885	-11.323643	0.01975813	5755.965772151947
279	0.0648203	0.0	0.0648203	0.0648203	25.0	6975	10.95476	0.12651706	12.966026	10.510273	-11.358468	0.015195682	5776.534534454346
280	0.0	0.0	0.0	0.0	25.0	7000	10.98993	0.12714884	12.577826	9.606906	-11.400956	0.016434245	5798.514075994492
281	0.0	0.0	0.0	0.0	25.0	7025	11.031696	0.11178415	12.348641	10.389722	-11.437733	0.015363032	5819.318569421768
282	0.0	0.0	0.0	0.0	25.0	7050	11.064401	0.12230333	12.74553	10.013615	-11.470148	0.014883425	5839.778520345688
283	0.11411282	0.0	0.11411282	0.11411282	25.0	7075	11.1083145	0.124023974	12.901658	9.990508	-11.5274105	0.016994495	5860.412974119186
284	0.415925	0.0	0.415925	0.415925	25.0	7100	11.146487	0.11892769	13.453407	10.008755	-11.565757	0.015532761	5881.007481098175
285	0.31034547	0.0	0.31034547	0.31034547	25.0	7125	11.183428	0.09893705	12.565465	10.52275	-11.610769	0.010238097	5901.554084777832
286	0.06424468	0.0	0.06424468	0.06424468	25.0	7150	11.236668	0.13259786	12.726471	10.413156	-11.646241	0.016491564	5922.192179918289
287	0.18922086	0.0	0.18922086	0.18922086	25.0	7175	11.270604	0.15500855	13.080971	9.953572	-11.694339	0.017933166	5943.111612558365
288	0.21239208	0.0	0.21239208	0.21239208	25.0	7200	11.314714	0.13489516	12.702727	10.389777	-11.722769	0.018722123	5963.922518730164
289	0.21150711	0.0	0.21150711	0.21150711	25.0	7225	11.340973	0.122399285	13.046896	10.622047	-11.760385	0.0152584305	5984.563524007797
290	0.3442971	0.0	0.3442971	0.3442971	25.0	7250	11.3846035	0.12136358	13.02304	10.623482	-11.812901	0.014781374	6006.622506380081
291	0.21681619	0.0	0.21681619	0.21681619	25.0	7275	11.422433	0.11339796	12.7415285	10.367409	-11.846047	0.014196392	6027.327791690826
292	0.48262137	0.0	0.48262137	0.48262137	25.0	7300	11.472822	0.15203483	13.2855015	10.394034	-11.904349	0.02026662	6047.844385385513
293	0.18822248	0.0	0.18822248	0.18822248	25.0	7325	11.507305	0.1453928	13.4599495	10.733601	-11.926301	0.017515473	6068.45237660408
294	1.1607225	0.0	1.1607225	1.1607225	25.0	7350	11.543155	0.1613397	13.118927	7.517619	-11.98794	0.027196601	6089.125440359116
295	0.22209896	0.0	0.22209896	0.22209896	25.0	7375	11.592676	0.16328204	15.265939	9.792283	-12.01627	0.026686687	6109.685031175613
296	0.42485535	0.0	0.42485535	0.42485535	25.0	7400	11.620652	0.14502056	13.503388	10.080806	-12.056681	0.020406637	6130.2352612018585
297	0.2346595	0.0	0.2346595	0.2346595	25.0	7425	11.674421	0.15877114	13.295045	9.071231	-12.10816	0.029627146	6151.390891551971
298	0.0	0.0	0.0	0.0	25.0	7450	11.712305	0.13528922	13.606309	10.558573	-12.139712	0.019195715	6171.932405471802
299	0.24517252	0.0	0.24517252	0.24517252	25.0	7475	11.751335	0.17165378	13.83355	9.773822	-12.182444	0.030053273	6192.825481891632
300	0.25615114	0.0	0.25615114	0.25615114	25.0	7500	11.789953	0.15016006	13.8782215	10.157675	-12.23441	0.026170345	6214.731637477875
301	0.68484616	0.0	0.68484616	0.68484616	25.0	7525	11.835074	0.14946553	14.5543785	9.7858305	-12.272294	0.026642805	6235.383244276047
302	0.35170192	0.0	0.35170192	0.35170192	25.0	7550	11.873164	0.12075756	13.762031	10.941453	-12.324598	0.014968311	6256.040839910507
303	0.91631925	0.0	0.91631925	0.91631925	25.0	7575	11.916396	0.16209836	13.675686	9.5470085	-12.378644	0.027136391	6276.578930854797
304	0.24283238	0.0	0.24283238	0.24283238	25.0	7600	11.963565	0.17742988	15.613749	10.244822	-12.430097	0.022622736	6297.130327701569
305	0.106185615	0.0	0.106185615	0.106185615	25.0	7625	12.003929	0.15697263	13.951265	10.745956	-12.466757	0.0270887	6317.733067750931
306	0.0	0.0	0.0	0.0	25.0	7650	12.04055	0.104406	13.184498	11.237643	-12.504029	0.012568611	6338.244304895401
307	0.24096154	0.0	0.24096154	0.24096154	25.0	7675	12.08867	0.12294412	13.590679	11.177871	-12.554352	0.016390212	6358.7193338871
308	0.11496048	0.0	0.11496048	0.11496048	25.0	7700	12.138994	0.14206587	14.472843	11.162995	-12.587778	0.01926158	6378.361195802689
309	0.10906723	0.0	0.10906723	0.10906723	25.0	7725	12.168657	0.12850335	13.479506	10.049074	-12.627292	0.020531507	6398.026216268539
310	0.0045750155	0.0	0.0045750155	0.0045750155	25.0	7750	12.230897	0.14226755	14.038654	10.959032	-12.680519	0.020191748	6419.080814599991
311	0.009889253	0.0	0.009889253	0.009889253	25.0	7775	12.269279	0.18983616	14.776896	8.658059	-12.734732	0.035547696	6438.813085079193
312	1.3196455	0.0	1.3196455	1.3196455	25.0	7800	12.3113575	0.13824162	14.531066	11.392873	-12.773903	0.018407186	6458.414409637451
313	0.43562123	0.0	0.43562123	0.43562123	25.0	7825	12.35539	0.13164434	13.902753	11.038485	-12.824835	0.018467102	6477.963823795319
314	1.0019431	0.0	1.0019431	1.0019431	25.0	7850	12.404707	0.123977005	14.013474	10.937478	-12.85802	0.019286785	6498.522475481033
315	0.15916146	0.0	0.15916146	0.15916146	25.0	7875	12.437329	0.1457445	14.478366	11.461048	-12.912566	0.01974849	6518.0454025268555
316	0.28377125	0.0	0.28377125	0.28377125	25.0	7900	12.489364	0.13155273	14.453882	11.623735	-12.959731	0.017820487	6537.73929810524
317	0.23294902	0.0	0.23294902	0.23294902	25.0	7925	12.534745	0.16100976	15.139059	11.410286	-12.99905	0.024721308	6558.062220096588
318	0.26392934	0.0	0.26392934	0.26392934	25.0	7950	12.569117	0.13371222	13.720872	10.14644	-13.041623	0.019226292	6577.656507015228
319	0.5286976	0.0	0.5286976	0.5286976	25.0	7975	12.621742	0.13310993	14.261324	11.394629	-13.091693	0.017336827	6597.311266422272
320	0.42348218	0.0	0.42348218	0.42348218	25.0	8000	12.658108	0.09737657	13.533788	11.860986	-13.148094	0.0138441315	6619.504642963409
321	0.39054298	0.0	0.39054298	0.39054298	25.0	8025	12.713719	0.12758331	14.614326	11.746586	-13.188704	0.014115648	6639.2471470832825
322	0.41724795	0.0	0.41724795	0.41724795	25.0	8050	12.76097	0.13023727	14.433006	12.198244	-13.249628	0.016629923	6659.172418355942
323	0.34780937	0.0	0.34780937	0.34780937	25.0	8075	12.799917	0.16797791	15.93569	10.54371	-13.306466	0.030136151	6678.771904230118
324	0.05839504	0.0	0.05839504	0.05839504	25.0	8100	12.847666	0.14786278	13.873409	9.600295	-13.342188	0.026235553	6698.479432106018
325	0.67201424	0.0	0.67201424	0.67201424	25.0	8125	12.901329	0.15106194	15.727698	11.824678	-13.383484	0.019014752	6718.15149474144
326	0.8724657	0.0	0.8724657	0.8724657	25.0	8150	12.934441	0.13674684	14.716931	11.704656	-13.418443	0.018674407	6737.914927721024
327	0.58593714	0.0	0.58593714	0.58593714	25.0	8175	12.993427	0.1630251	15.503832	11.43362	-13.480748	0.02513946	6757.410263299942
328	0.334487	0.0	0.334487	0.334487	25.0	8200	13.034702	0.1598411	15.035117	11.142685	-13.530495	0.022955857	6777.64636516571
329	1.2264004	0.0	1.2264004	1.2264004	25.0	8225	13.088179	0.15480298	15.074243	11.082421	-13.585186	0.026690694	6797.55967259407
330	0.29365948	0.0	0.29365948	0.29365948	25.0	8250	13.13324	0.1440785	15.135557	12.08872	-13.635202	0.020407233	6818.601382493973
331	0.01790832	0.0	0.01790832	0.01790832	25.0	8275	13.1770935	0.15109001	15.574588	11.789598	-13.677881	0.018427813	6838.225042581558
332	0.4013859	0.0	0.4013859	0.4013859	25.0	8300	13.223147	0.16680585	15.741933	11.67617	-13.722422	0.02569346	6858.023319721222
333	0.339883	0.0	0.339883	0.339883	25.0	8325	13.262752	0.14055553	14.898385	12.219405	-13.771458	0.018143108	6877.589682340622
334	0.22885305	0.0	0.22885305	0.22885305	25.0	8350	13.320217	0.15893584	15.49931	11.605504	-13.815923	0.027281625	6897.144614458084
335	0.49991027	0.0	0.49991027	0.49991027	25.0	8375	13.361958	0.129476	14.943077	11.51985	-13.869585	0.019182924	6917.00133728981
336	0.48047063	0.0	0.48047063	0.48047063	25.0	8400	13.418125	0.15433414	15.60299	12.368433	-13.925431	0.017543549	6936.63064956665
337	0.0	0.0	0.0	0.0	25.0	8425	13.461919	0.14855902	16.162477	11.533131	-13.956621	0.020850264	6956.133912801743
338	0.30257547	0.0	0.30257547	0.30257547	25.0	8450	13.500491	0.13824363	15.653447	12.2816105	-14.011286	0.018935096	6977.261575460434
339	0.26625225	0.0	0.26625225	0.26625225	25.0	8475	13.552136	0.12104259	14.88998	12.5998125	-14.054268	0.016915122	6996.811149120331
340	0.77043414	0.0	0.77043414	0.77043414	25.0	8500	13.596311	0.14955863	15.312754	11.398155	-14.123074	0.025848817	7017.884081840515
341	0.0	0.0	0.0	0.0	25.0	8525	13.6524935	0.14195335	16.455364	12.668513	-14.163274	0.023605429	7038.598172903061
342	0.047270253	0.0	0.047270253	0.047270253	25.0	8550	13.700051	0.14410041	15.536508	12.772961	-14.225748	0.02262008	7058.109012842178
343	0.0038946227	0.0	0.0038946227	0.0038946227	25.0	8575	13.75346	0.14217538	15.770436	12.510056	-14.255002	0.020096105	7077.685062408447
344	0.36027467	0.0	0.36027467	0.36027467	25.0	8600	13.790071	0.14951062	16.19218	12.45339	-14.30841	0.020720944	7098.499690532684
345	2.2098022	0.0	2.2098022	2.2098022	25.0	8625	13.846005	0.15729435	16.061033	12.484849	-14.368841	0.022050757	7117.976127147675
346	0.19353452	0.0	0.19353452	0.19353452	25.0	8650	13.887737	0.14677237	16.094807	12.750918	-14.430539	0.021215856	7137.571130990982
347	0.10412337	0.0	0.10412337	0.10412337	25.0	8675	13.944204	0.1430937	15.619142	12.320383	-14.476505	0.019808307	7157.0897471904755
348	0.35373318	0.0	0.35373318	0.35373318	25.0	8700	13.99269	0.15469614	17.250072	12.716396	-14.521909	0.027738104	7177.323855400085
349	0.0	0.0	0.0	0.0	25.0	8725	14.046997	0.16250207	17.217443	12.240091	-14.57684	0.028879387	7196.889537096024
350	0.22406776	0.0	0.22406776	0.22406776	25.0	8750	14.087094	0.17520729	16.200575	12.099379	-14.61006	0.030558338	7219.25618314743
351	0.25041148	0.0	0.25041148	0.25041148	25.0	8775	14.141341	0.14482561	16.248129	13.063492	-14.67156	0.025958337	7238.998002052307
352	0.48683384	0.0	0.48683384	0.48683384	25.0	8800	14.189352	0.14372757	15.643026	10.772289	-14.723924	0.026112363	7258.8053097724915
353	0.27345484	0.0	0.27345484	0.27345484	25.0	8825	14.232396	0.18920204	16.535667	11.449284	-14.7694845	0.03823218	7278.397742986679
354	0.0	0.0	0.0	0.0	25.0	8850	14.301323	0.1712945	16.349781	12.866337	-14.839072	0.029390302	7298.049165010452
355	0.8593369	0.0	0.8593369	0.8593369	25.0	8875	14.338759	0.19826931	17.301554	10.979314	-14.899203	0.040145375	7317.6567232608795
356	0.49320817	0.0	0.49320817	0.49320817	25.0	8900	14.39676	0.14927207	16.42971	13.166439	-14.934032	0.026529562	7337.842048406601
357	0.15490575	0.0	0.15490575	0.15490575	25.0	8925	14.444158	0.14125651	17.035206	13.358239	-14.994384	0.018158413	7357.395196437836
358	0.46723482	0.0	0.46723482	0.46723482	25.0	8950	14.49999	0.14010876	16.207184	13.136525	-15.036141	0.018136304	7377.634400367737
359	0.3902379	0.0	0.3902379	0.3902379	25.0	8975	14.542573	0.10686189	16.187569	13.831054	-15.088636	0.014291201	7397.263637781143
360	0.4551641	0.0	0.4551641	0.4551641	25.0	9000	14.601714	0.1270453	16.359499	13.798421	-15.1498575	0.01538443	7418.466580867767
361	0.109343424	0.0	0.109343424	0.109343424	25.0	9025	14.651402	0.16857213	16.546392	11.642176	-15.198639	0.024582596	7438.31084394455
362	0.109534204	0.0	0.109534204	0.109534204	25.0	9050	14.705984	0.14186287	17.177427	14.050962	-15.241569	0.022142792	7457.89471077919
363	0.0	0.0	0.0	0.0	25.0	9075	14.7560425	0.16751862	17.265062	12.391544	-15.313816	0.02697308	7477.5775735378265
364	0.22513546	0.0	0.22513546	0.22513546	25.0	9100	14.802604	0.1790039	18.803148	12.318914	-15.368029	0.035691716	7497.290673494339
365	0.0	0.0	0.0	0.0	25.0	9125	14.862655	0.16208923	17.187649	12.973147	-15.428389	0.026283484	7516.864515066147
366	0.17505607	0.0	0.17505607	0.17505607	25.0	9150	14.913131	0.1918486	18.28519	10.210141	-15.473873	0.039146297	7536.364699602127
367	0.0	0.0	0.0	0.0	25.0	9175	14.963823	0.15307634	17.36375	13.589092	-15.527088	0.023236915	7555.91104054451
368	0.19932596	0.0	0.19932596	0.19932596	25.0	9200	15.009882	0.14136235	16.017797	13.488234	-15.5815525	0.02396266	7576.126294374466
369	0.25528657	0.0	0.25528657	0.25528657	25.0	9225	15.074232	0.14816122	17.260408	14.011011	-15.634107	0.019959899	7595.749848604202
370	0.0	0.0	0.0	0.0	25.0	9250	15.124207	0.15918468	16.89189	11.969812	-15.68869	0.025364315	7616.860471248627
371	0.0	0.0	0.0	0.0	25.0	9275	15.172251	0.13766815	16.496666	12.731859	-15.737388	0.019574573	7636.591648101807
372	0.05993749	0.0	0.05993749	0.05993749	25.0	9300	15.219439	0.16722846	18.430704	13.362999	-15.803088	0.032517232	7656.196515798569
373	0.5452477	0.0	0.5452477	0.5452477	25.0	9325	15.282283	0.12292676	16.319616	14.946256	-15.851921	0.0168188	7675.912518501282
374	0.39873227	0.0	0.39873227	0.39873227	25.0	9350	15.338506	0.1547127	17.539572	13.921088	-15.908444	0.023527084	7695.640972852707
375	0.3978676	0.0	0.3978676	0.3978676	25.0	9375	15.394578	0.16172381	17.457779	14.033523	-15.959223	0.02213821	7715.168060064316
376	0.7133254	0.0	0.7133254	0.7133254	25.0	9400	15.442056	0.15005599	17.185677	13.977737	-16.029305	0.02119328	7734.760203838348
377	0.7100119	0.0	0.7100119	0.7100119	25.0	9425	15.494536	0.14650348	17.18193	14.9521675	-16.076576	0.018585715	7754.353784799576
378	0.51967597	0.0	0.51967597	0.51967597	25.0	9450	15.55584	0.143656	17.332027	14.432032	-16.1347	0.026970431	7774.531823396683
379	0.21852566	0.0	0.21852566	0.21852566	25.0	9475	15.601438	0.15751903	17.446613	13.264351	-16.19076	0.023446849	7794.166285037994
380	0.3198756	0.0	0.3198756	0.3198756	25.0	9500	15.660601	0.15001091	17.53743	14.074708	-16.239113	0.022506231	7815.300647497177
381	0.602093	0.0	0.602093	0.602093	25.0	9525	15.714375	0.13492694	17.519983	14.976834	-16.310081	0.020064488	7835.0300443172455
382	0.7039826	0.0	0.7039826	0.7039826	25.0	9550	15.767691	0.13942102	18.061274	14.669167	-16.362637	0.020895863	7854.652981996536
383	0.59350324	0.0	0.59350324	0.59350324	25.0	9575	15.820044	0.13024129	17.829628	14.497482	-16.40971	0.018529229	7874.166031599045
384	0.23183088	0.0	0.23183088	0.23183088	25.0	9600	15.882554	0.16750373	18.019785	14.280051	-16.483294	0.026214942	7893.671501398087
385	0.0	0.0	0.0	0.0	25.0	9625	15.934624	0.15813905	19.543962	14.807108	-16.525711	0.025900235	7913.302654504776
386	0.255867	0.0	0.255867	0.255867	25.0	9650	15.993719	0.1684014	17.79465	13.587501	-16.60192	0.028201995	7933.027463674545
387	0.36346492	0.0	0.36346492	0.36346492	25.0	9675	16.054049	0.16501069	17.709126	14.411587	-16.646545	0.027686287	7952.664759635925
388	0.0	0.0	0.0	0.0	25.0	9700	16.096424	0.16924283	19.59635	15.104286	-16.69652	0.028794251	7972.712928056717
389	0.43002895	0.0	0.43002895	0.43002895	25.0	9725	16.164875	0.18274431	18.522686	14.64439	-16.773201	0.034495976	7992.968571424484
390	0.5064555	0.0	0.5064555	0.5064555	25.0	9750	16.215034	0.12573522	17.63288	15.397614	-16.82121	0.018115198	8014.145245790482
391	0.69292986	0.0	0.69292986	0.69292986	25.0	9775	16.27909	0.12509489	17.800209	15.862125	-16.886013	0.018448185	8033.876227855682
392	0.010920205	0.0	0.010920205	0.010920205	25.0	9800	16.32645	0.13783011	17.646109	14.129004	-16.932579	0.023231512	8053.60449385643
393	0.17906417	0.0	0.17906417	0.17906417	25.0	9825	16.38419	0.16122916	18.656843	15.324467	-16.996141	0.024073752	8073.124084711075
394	0.4360839	0.0	0.4360839	0.4360839	25.0	9850	16.441841	0.14691393	18.785395	15.016842	-17.059652	0.022134636	8092.7143471241
395	0.40988815	0.0	0.40988815	0.40988815	25.0	9875	16.493006	0.14344992	19.001532	15.200752	-17.119085	0.020857284	8112.265518188477
396	0.04931325	0.0	0.04931325	0.04931325	25.0	9900	16.567368	0.16010831	19.15747	15.320574	-17.187494	0.02740161	8131.845889091492
397	0.13626261	0.0	0.13626261	0.13626261	25.0	9925	16.603796	0.16307677	18.501194	14.878165	-17.242529	0.027262941	8151.390901327133
398	0.5371297	0.0	0.5371297	0.5371297	25.0	9950	16.676218	0.1518377	18.3576	15.34325	-17.299355	0.023796575	8170.992724180222
399	0.7077151	0.0	0.7077151	0.7077151	25.0	9975	16.733139	0.16492225	19.746662	15.029587	-17.35528	0.03211824	8191.189812660217
400	0.57932556	0.0	0.57932556	0.57932556	25.0	10000	16.793089	0.16545166	18.832884	16.292068	-17.423967	0.026886187	8212.493745803833
401	0.43442243	0.0	0.43442243	0.43442243	25.0	10025	16.843355	0.16272868	18.690474	13.377025	-17.481586	0.027797021	8232.229910850525
402	0.76865476	0.0	0.76865476	0.76865476	25.0	10050	16.905952	0.15051268	18.992071	15.317752	-17.550478	0.023995738	8251.850929737091
403	1.2840878	0.0	1.2840878	1.2840878	25.0	10075	16.96846	0.17751339	18.862198	13.926529	-17.608845	0.033114225	8271.442327976227
404	0.28083882	0.0	0.28083882	0.28083882	25.0	10100	17.027866	0.13117085	19.013247	16.572832	-17.669954	0.01905945	8291.012351036072
405	0.35740986	0.0	0.35740986	0.35740986	25.0	10125	17.083973	0.14821889	19.039953	15.160737	-17.73179	0.024756119	8310.65101480484
406	0.017525531	0.0	0.017525531	0.017525531	25.0	10150	17.144894	0.15745302	18.954916	15.619126	-17.799372	0.026168289	8330.396906852722
407	0.8546611	0.0	0.8546611	0.8546611	25.0	10175	17.215836	0.17285168	19.109676	16.058855	-17.86064	0.031486712	8349.993802547455
408	0.08999727	0.0	0.08999727	0.08999727	25.0	10200	17.262949	0.1830276	20.100903	15.289033	-17.908283	0.03777444	8369.529526233673
409	0.17453083	0.0	0.17453083	0.17453083	25.0	10225	17.32415	0.22033216	22.018955	14.126407	-17.97436	0.044936266	8389.723454475403
410	0.042705253	0.0	0.042705253	0.042705253	25.0	10250	17.3844	0.17132771	18.66894	14.640619	-18.050522	0.033589713	8411.04073381424
411	0.53477806	0.0	0.53477806	0.53477806	25.0	10275	17.449207	0.16154383	19.590546	15.453329	-18.097294	0.030570025	8430.81283378601
412	1.0763617	0.0	1.0763617	1.0763617	25.0	10300	17.501524	0.18356514	19.600718	13.616482	-18.158794	0.03837177	8450.496192932129
413	0.165712	0.0	0.165712	0.165712	25.0	10325	17.571844	0.22952701	22.113926	15.914902	-18.221008	0.05252361	8470.009282112122
414	0.18774638	0.0	0.18774638	0.18774638	25.0	10350	17.631643	0.19191776	19.82806	14.350664	-18.292004	0.03791199	8489.646516799927
415	0.12555331	0.0	0.12555331	0.12555331	25.0	10375	17.688416	0.15571679	19.609858	15.542487	-18.348587	0.025188923	8509.171702861786
416	0.0	0.0	0.0	0.0	25.0	10400	17.748545	0.18922159	20.138702	15.40277	-18.420134	0.038175087	8528.790334701538
417	0.2064432	0.0	0.2064432	0.2064432	25.0	10425	17.804876	0.18642783	20.103262	15.104653	-18.482576	0.035741232	8548.380881547928
418	0.0051738243	0.0	0.0051738243	0.0051738243	25.0	10450	17.869915	0.24946165	20.95844	11.272815	-18.53864	0.07413491	8567.911685228348
419	0.19944252	0.0	0.19944252	0.19944252	25.0	10475	17.941135	0.19073804	20.94824	15.959606	-18.60915	0.03475829	8588.164602994919
420	0.3956551	0.0	0.3956551	0.3956551	25.0	10500	17.99706	0.19815828	21.229929	16.215515	-18.674416	0.039528534	8609.574179410934
421	0.62351865	0.0	0.62351865	0.62351865	25.0	10525	18.05118	0.16506903	20.62605	15.308127	-18.741924	0.030423176	8629.284748077393
422	0.33887568	0.0	0.33887568	0.33887568	25.0	10550	18.122856	0.18344992	22.209328	14.866372	-18.80152	0.031817578	8648.858549833298
423	0.21956517	0.0	0.21956517	0.21956517	25.0	10575	18.186684	0.18044007	20.533688	16.618883	-18.87453	0.028305097	8668.444986581802
424	0.5095709	0.0	0.5095709	0.5095709	25.0	10600	18.24958	0.16142544	19.934942	16.374582	-18.934635	0.026925486	8687.976306438446
425	0.58357936	0.0	0.58357936	0.58357936	25.0	10625	18.309263	0.14846185	19.835241	17.010693	-18.99761	0.025319403	8707.522677898407
426	0.10543232	0.0	0.10543232	0.10543232	25.0	10650	18.380878	0.18158339	21.534962	16.818285	-19.079073	0.02466503	8727.088718175888
427	0.43988368	0.0	0.43988368	0.43988368	25.0	10675	18.437262	0.20500238	22.193142	17.146458	-19.134466	0.037898432	8746.677231788635
428	0.41315717	0.0	0.41315717	0.41315717	25.0	10700	18.495129	0.18802029	20.170883	15.591887	-19.204504	0.046294555	8766.28768491745
429	0.31656444	0.0	0.31656444	0.31656444	25.0	10725	18.575771	0.20086496	21.267632	14.020375	-19.260649	0.03836992	8786.829104423523
430	0.27591282	0.0	0.27591282	0.27591282	25.0	10750	18.631506	0.19370328	23.263802	17.214998	-19.344458	0.039122622	8808.67990064621
431	1.2042776	0.0	1.2042776	1.2042776	25.0	10775	18.70157	0.16537423	21.598501	16.72283	-19.40191	0.029402807	8828.41964673996
432	0.05891508	0.0	0.05891508	0.05891508	25.0	10800	18.762669	0.1359355	20.419086	16.784428	-19.471128	0.02085144	8847.938027381897
433	0.5809725	0.0	0.5809725	0.5809725	25.0	10825	18.838428	0.16144319	21.607227	17.657743	-19.542622	0.02689076	8867.542634010315
434	0.081706785	0.0	0.081706785	0.081706785	25.0	10850	18.894596	0.16984157	22.539785	17.315712	-19.603645	0.028222047	8887.251263141632
435	0.23877871	0.0	0.23877871	0.23877871	25.0	10875	18.96134	0.18086106	21.614141	17.380472	-19.68456	0.036324956	8906.975422620773
436	0.44237754	0.0	0.44237754	0.44237754	25.0	10900	19.035252	0.21416412	23.874441	18.096405	-19.728945	0.049104333	8926.6325776577
437	0.83451253	0.0	0.83451253	0.83451253	25.0	10925	19.087557	0.19738059	23.208918	16.974455	-19.797108	0.03915854	8946.136912822723
438	1.4457122	0.0	1.4457122	1.4457122	25.0	10950	19.155449	0.1600795	20.608498	17.726025	-19.885883	0.026033983	8965.806798696518
439	1.1140388	0.0	1.1140388	1.1140388	25.0	10975	19.225298	0.16611286	21.264713	16.431871	-19.941256	0.027806254	8985.929602384567
440	0.29803535	0.0	0.29803535	0.29803535	25.0	11000	19.292957	0.21682961	24.369701	17.24546	-20.010036	0.045517035	9007.42037153244
441	0.0	0.0	0.0	0.0	25.0	11025	19.359959	0.16420221	21.001549	17.437181	-20.084122	0.031385534	9027.172580718994
442	0.16120784	0.0	0.16120784	0.16120784	25.0	11050	19.42405	0.19818738	21.70852	17.681667	-20.157372	0.044460725	9046.653680801392
443	0.4287288	0.0	0.4287288	0.4287288	25.0	11075	19.488667	0.17865534	21.339403	16.213133	-20.23156	0.034393866	9066.240841627121
444	0.8432502	0.0	0.8432502	0.8432502	25.0	11100	19.566885	0.19534503	21.384861	15.680753	-20.303656	0.039595842	9085.9351811409
445	0.3638552	0.0	0.3638552	0.3638552	25.0	11125	19.621283	0.15640302	21.831917	17.992083	-20.36638	0.024662947	9105.542973279953
446	0.51423347	0.0	0.51423347	0.51423347	25.0	11150	19.703516	0.14786331	21.38735	18.72937	-20.443789	0.02476847	9125.012561321259
447	0.31204665	0.0	0.31204665	0.31204665	25.0	11175	19.775318	0.19280492	22.741875	18.238768	-20.516123	0.038062796	9144.555245637894
448	0.12785979	0.0	0.12785979	0.12785979	25.0	11200	19.835106	0.17359865	22.577684	18.191309	-20.588547	0.02855163	9164.104194641113
449	0.16947062	0.0	0.16947062	0.16947062	25.0	11225	19.911003	0.14690778	21.667511	18.35245	-20.64994	0.02649565	9183.797890424728
450	0.4459498	0.0	0.4459498	0.4459498	25.0	11250	19.97652	0.17519382	22.695723	17.8576	-20.731445	0.029600227	9206.06543135643
451	0.14246094	0.0	0.14246094	0.14246094	25.0	11275	20.042818	0.14828089	21.793325	18.943758	-20.79148	0.024280392	9225.748728275299
452	0.34291866	0.0	0.34291866	0.34291866	25.0	11300	20.111626	0.13641834	21.952726	19.69308	-20.872269	0.02029326	9245.426357030869
453	0.0	0.0	0.0	0.0	25.0	11325	20.18793	0.13753377	21.9356	19.851545	-20.941982	0.021740379	9265.085789442062
454	0.0	0.0	0.0	0.0	25.0	11350	20.251307	0.14834608	22.28052	18.918337	-21.012243	0.023268187	9284.663538217545
455	0.41241187	0.0	0.41241187	0.41241187	25.0	11375	20.332466	0.17229977	22.290089	18.140211	-21.094585	0.028935151	9304.28012084961
456	0.5148646	0.0	0.5148646	0.5148646	25.0	11400	20.398523	0.14697139	21.895773	18.79835	-21.163628	0.023833456	9323.917516708374
457	0.24325328	0.0	0.24325328	0.24325328	25.0	11425	20.471504	0.15406816	22.457413	19.327168	-21.237497	0.022201944	9343.519259214401
458	1.0337968	0.0	1.0337968	1.0337968	25.0	11450	20.540533	0.14247394	22.411129	19.756939	-21.304737	0.022882693	9363.08590888977
459	0.76879525	0.0	0.76879525	0.76879525	25.0	11475	20.60064	0.13587984	22.114124	19.098312	-21.379253	0.021048248	9382.731574296951
460	0.22462717	0.0	0.22462717	0.22462717	25.0	11500	20.677156	0.14652124	22.297413	20.222265	-21.451973	0.021598246	9405.078233480453
461	0.32496932	0.0	0.32496932	0.32496932	25.0	11525	20.75026	0.14763644	22.453964	19.207262	-21.528658	0.024965473	9424.840809106827
462	0.4138679	0.0	0.4138679	0.4138679	25.0	11550	20.820948	0.16663215	23.061987	19.4674	-21.584866	0.027982492	9444.421122312546
463	0.51589787	0.0	0.51589787	0.51589787	25.0	11575	20.874336	0.14631629	22.247341	18.86674	-21.657072	0.02736497	9467.187827825546
464	0.3048446	0.0	0.3048446	0.3048446	25.0	11600	20.935337	0.14134651	22.901709	20.355263	-21.730764	0.019538425	9486.802087545395
465	0.06360225	0.0	0.06360225	0.06360225	25.0	11625	20.995691	0.16623133	23.41446	20.247564	-21.780865	0.019757919	9506.335567712784
466	0.3482089	0.0	0.3482089	0.3482089	25.0	11650	21.058088	0.16851649	23.047968	19.5053	-21.848177	0.028089507	9525.838375806808
467	0.2685767	0.0	0.2685767	0.2685767	25.0	11675	21.115826	0.1889415	23.096085	18.83635	-21.905085	0.040033665	9545.40069270134
468	0.299849	0.0	0.299849	0.299849	25.0	11700	21.173471	0.15957904	23.2641	19.805176	-21.97522	0.029115608	9564.985369205475
469	0.1536306	0.0	0.1536306	0.1536306	25.0	11725	21.250147	0.18255702	23.708015	18.741302	-22.042957	0.035207182	9584.720224142075
470	0.19844478	0.0	0.19844478	0.19844478	25.0	11750	21.324059	0.18553111	23.40375	19.07099	-22.125883	0.039318353	9606.898758649826
471	0.69010836	0.0	0.69010836	0.69010836	25.0	11775	21.39697	0.13719542	23.05332	20.545439	-22.20373	0.021386046	9626.601686477661
472	0.17113794	0.0	0.17113794	0.17113794	25.0	11800	21.477024	0.17768776	25.197714	20.387066	-22.280193	0.03163441	9646.297182798386
473	0.37029794	0.0	0.37029794	0.37029794	25.0	11825	21.54553	0.19374624	24.073801	17.381752	-22.363667	0.043117333	9665.772765398026
474	0.6514849	0.0	0.6514849	0.6514849	25.0	11850	21.61981	0.17117015	23.693254	19.689034	-22.431276	0.030861452	9685.450789690018
475	1.8921396	0.0	1.8921396	1.8921396	25.0	11875	21.69921	0.14119639	22.885447	20.055647	-22.512917	0.0247056	9705.190771579742
476	0.0	0.0	0.0	0.0	25.0	11900	21.772322	0.1823259	24.019623	19.783752	-22.590631	0.033207186	9724.825664520264
477	0.5232412	0.0	0.5232412	0.5232412	25.0	11925	21.847275	0.18511428	23.732567	19.744312	-22.67134	0.03631109	9744.35988998413
478	0.04124174	0.0	0.04124174	0.04124174	25.0	11950	21.935547	0.19867618	24.49267	20.779446	-22.754221	0.036940526	9764.043999433517
479	0.11130588	0.0	0.11130588	0.11130588	25.0	11975	21.9961	0.16906393	24.720278	19.836395	-22.83227	0.029002616	9783.595589637756
480	0.12634014	0.0	0.12634014	0.12634014	25.0	12000	22.07958	0.18371244	25.512732	20.51748	-22.915411	0.03285982	9805.855085372925
481	0.2730341	0.0	0.2730341	0.2730341	25.0	12025	22.156923	0.15841171	24.9443	21.143593	-23.000479	0.02813998	9825.52754664421
482	0.58157384	0.0	0.58157384	0.58157384	25.0	12050	22.2361	0.23808306	26.196194	18.925524	-23.087814	0.050222892	9845.074166297913
483	0.16965291	0.0	0.16965291	0.16965291	25.0	12075	22.3164	0.1942279	25.411335	20.564444	-23.151445	0.037347797	9864.633479833603
484	0.81827086	0.0	0.81827086	0.81827086	25.0	12100	22.395786	0.18982582	26.0783	20.969627	-23.233742	0.037649825	9884.339679479599
485	0.46530113	0.0	0.46530113	0.46530113	25.0	12125	22.471132	0.18722749	24.473078	21.531166	-23.316055	0.033017322	9904.009103536606
486	0.46039575	0.0	0.46039575	0.46039575	25.0	12150	22.539803	0.16613531	24.142658	21.560648	-23.385237	0.031404942	9923.618661642075
487	0.25137618	0.0	0.25137618	0.25137618	25.0	12175	22.630657	0.18786715	25.749098	20.659636	-23.480524	0.037668593	9943.24729180336
488	1.108949	0.0	1.108949	1.108949	25.0	12200	22.706938	0.17015107	24.281784	20.993452	-23.564201	0.03273439	9962.987986803055
489	0.36482674	0.0	0.36482674	0.36482674	25.0	12225	22.7918	0.19464059	25.055563	20.370846	-23.655407	0.037972078	9983.221593141556
490	0.26061863	0.0	0.26061863	0.26061863	25.0	12250	22.857647	0.20701312	26.243828	20.07925	-23.724716	0.04678883	10005.587975025177
491	0.12356422	0.0	0.12356422	0.12356422	25.0	12275	22.948353	0.17918879	24.67029	21.054928	-23.811028	0.033681504	10025.199503421783
492	0.07243565	0.0	0.07243565	0.07243565	25.0	12300	23.02663	0.21802518	25.415321	19.649633	-23.896833	0.054528344	10045.154841899872
493	0.5850881	0.0	0.5850881	0.5850881	25.0	12325	23.099436	0.22097869	26.406034	19.551117	-23.97951	0.046173815	10064.66529417038
494	0.4046512	0.0	0.4046512	0.4046512	25.0	12350	23.17959	0.19325449	25.58185	21.557114	-24.066355	0.03568813	10084.290982246399
495	0.579547	0.0	0.579547	0.579547	25.0	12375	23.267982	0.20565839	25.866947	20.49484	-24.134954	0.04639574	10104.847013235092
496	0.1228767	0.0	0.1228767	0.1228767	25.0	12400	23.347065	0.2144847	27.16971	21.242212	-24.230083	0.050481625	10124.438517332077
497	0.007051115	0.0	0.007051115	0.007051115	25.0	12425	23.426085	0.22289279	27.292227	20.061773	-24.321089	0.04766634	10144.034878015518
498	1.0335029	0.0	1.0335029	1.0335029	25.0	12450	23.511972	0.20157108	26.822079	22.21622	-24.390759	0.038150802	10163.670652389526
499	0.31634057	0.0	0.31634057	0.31634057	25.0	12475	23.594458	0.17212363	26.536713	22.426836	-24.495195	0.033879098	10183.27951335907
500	0.8205343	0.0	0.8205343	0.8205343	25.0	12500	23.668573	0.20928848	27.531637	20.989622	-24.56719	0.046788607	10205.696674585342
501	1.0726689	0.0	1.0726689	1.0726689	25.0	12525	23.753479	0.22018312	25.735964	19.179941	-24.661488	0.056905713	10225.317057609558
502	0.08121927	0.0	0.08121927	0.08121927	25.0	12550	23.84626	0.23180851	27.340351	20.763603	-24.747408	0.054169007	10244.849784851074
503	0.54586965	0.0	0.54586965	0.54586965	25.0	12575	23.919653	0.2852483	27.905685	18.969645	-24.833733	0.08442041	10264.420874118805
504	0.3599182	0.0	0.3599182	0.3599182	25.0	12600	24.008005	0.25179294	30.746954	22.28471	-24.912884	0.060496043	10284.480289936066
505	0.266425	0.0	0.266425	0.266425	25.0	12625	24.090858	0.22349653	27.154549	20.135675	-25.008972	0.051462457	10304.153569936752
506	0.013720401	0.0	0.013720401	0.013720401	25.0	12650	24.173618	0.17689432	25.919403	21.97164	-25.084526	0.03443619	10323.734094381332
507	0.23130585	0.0	0.23130585	0.23130585	25.0	12675	24.26919	0.17190723	26.455044	22.74134	-25.185637	0.02862623	10343.237897634506
508	0.58323693	0.0	0.58323693	0.58323693	25.0	12700	24.343117	0.22853926	27.755056	19.507519	-25.267683	0.051393356	10362.891689062119
509	0.6339094	0.0	0.6339094	0.6339094	25.0	12725	24.43288	0.21169834	27.91005	22.417328	-25.347754	0.042903017	10382.518490314484
510	0.47295254	0.0	0.47295254	0.47295254	25.0	12750	24.501806	0.24918556	25.716244	18.642673	-25.443367	0.06999206	10403.64264369011
511	0.6072257	0.0	0.6072257	0.6072257	25.0	12775	24.60608	0.20440859	28.601213	23.199377	-25.537352	0.043258592	10423.578572034836
512	0.24760588	0.0	0.24760588	0.24760588	25.0	12800	24.683142	0.2274526	27.640984	21.187418	-25.618725	0.055626713	10443.07920718193
513	0.058324475	0.0	0.058324475	0.058324475	25.0	12825	24.78015	0.17490253	26.818245	22.227438	-25.700872	0.031764552	10462.590912342072
514	0.8913486	0.0	0.8913486	0.8913486	25.0	12850	24.850788	0.18109687	26.511793	21.891031	-25.790312	0.034421552	10482.147023916245
515	0.31781423	0.0	0.31781423	0.31781423	25.0	12875	24.944487	0.23723508	28.31412	19.984964	-25.882507	0.056570224	10501.714584112167
516	0.12709807	0.0	0.12709807	0.12709807	25.0	12900	25.024647	0.21180704	28.374666	22.484516	-25.978804	0.04152806	10521.271522283554
517	0.0889487	0.0	0.0889487	0.0889487	25.0	12925	25.125023	0.2361605	30.4941	22.254251	-26.065666	0.050455026	10540.841782569885
518	0.26757553	0.0	0.26757553	0.26757553	25.0	12950	25.195232	0.2981311	28.48957	16.987196	-26.165556	0.08719143	10560.469310760498
519	0.0	0.0	0.0	0.0	25.0	12975	25.298515	0.25680426	31.488863	22.024208	-26.253958	0.07662876	10580.262553453445
520	0.2000069	0.0	0.2000069	0.2000069	25.0	13000	25.377913	0.18148394	27.476269	23.339169	-26.33171	0.034106206	10601.938148021698
521	0.09461144	0.0	0.09461144	0.09461144	25.0	13025	25.470528	0.20299056	27.619926	21.853209	-26.430342	0.047336742	10622.424686193466
522	0.0	0.0	0.0	0.0	25.0	13050	25.550537	0.18261337	28.022089	24.503202	-26.52505	0.03292094	10642.041900873184
523	0.29668903	0.0	0.29668903	0.29668903	25.0	13075	25.647865	0.20359275	28.402332	23.76189	-26.625637	0.04501398	10661.71461558342
524	0.76066566	0.0	0.76066566	0.76066566	25.0	13100	25.737226	0.2181207	29.2492	22.315552	-26.708702	0.05185367	10681.265782356262
525	1.0443575	0.0	1.0443575	1.0443575	25.0	13125	25.828398	0.19320628	28.165218	23.698042	-26.791498	0.038419552	10700.871529579163
526	0.4205202	0.0	0.4205202	0.4205202	25.0	13150	25.910992	0.21613996	27.777977	22.669893	-26.887835	0.05243902	10720.411192417145
527	1.1278644	0.0	1.1278644	1.1278644	25.0	13175	26.008228	0.21694988	30.013163	24.633244	-26.972916	0.042035203	10739.968808174133
528	0.022724362	0.0	0.022724362	0.022724362	25.0	13200	26.082582	0.25508386	29.409382	20.938148	-27.066792	0.074121155	10759.641964912415
529	1.5372587	0.0	1.5372587	1.5372587	25.0	13225	26.179092	0.22976007	28.911055	23.101196	-27.158897	0.04821806	10779.220849275589
530	0.1429352	0.0	0.1429352	0.1429352	25.0	13250	26.265884	0.16455491	27.445993	24.820625	-27.263994	0.031168697	10800.9090051651
531	0.13845697	0.0	0.13845697	0.13845697	25.0	13275	26.362112	0.24282396	31.517	24.269424	-27.352015	0.057698302	10821.498085021973
532	1.2162298	0.0	1.2162298	1.2162298	25.0	13300	26.450668	0.16313949	27.582174	24.479828	-27.450258	0.027819747	10841.213687419891
533	1.0348989	0.0	1.0348989	1.0348989	25.0	13325	26.538425	0.19122764	28.29037	24.10407	-27.546516	0.038817335	10860.885174274445
534	0.18569465	0.0	0.18569465	0.18569465	25.0	13350	26.638334	0.2082583	29.30834	24.168701	-27.63584	0.040886793	10880.351846694946
535	0.12169728	0.0	0.12169728	0.12169728	25.0	13375	26.726597	0.22168157	29.739391	23.991743	-27.725204	0.047465973	10899.932138204575
536	0.25185984	0.0	0.25185984	0.25185984	25.0	13400	26.824419	0.19004865	30.059082	25.488947	-27.830564	0.03721311	10919.575983285904
537	0.22262165	0.0	0.22262165	0.22262165	25.0	13425	26.905823	0.2360249	29.777851	24.734211	-27.923985	0.056957345	10939.19001364708
538	0.23878244	0.0	0.23878244	0.23878244	25.0	13450	27.000238	0.21747181	30.269663	22.661985	-28.018946	0.044783417	10958.84235715866
539	0.06293276	0.0	0.06293276	0.06293276	25.0	13475	27.093134	0.22762178	29.16984	24.436357	-28.100723	0.049981914	10978.516467571259
540	0.7873766	0.0	0.7873766	0.7873766	25.0	13500	27.187206	0.20774554	30.27765	24.680103	-28.221846	0.04443804	11000.5330452919
541	0.11072385	0.0	0.11072385	0.11072385	25.0	13525	27.287958	0.22311383	29.669144	24.099243	-28.312872	0.05159133	11021.203187942505
542	0.30777058	0.0	0.30777058	0.30777058	25.0	13550	27.37627	0.20169063	29.161982	24.962807	-28.409721	0.04540844	11040.793960809708
543	0.072498724	0.0	0.072498724	0.072498724	25.0	13575	27.478848	0.21213213	31.37071	26.503704	-28.503416	0.04550627	11060.365664720535
544	0.2579481	0.0	0.2579481	0.2579481	25.0	13600	27.55836	0.18790874	29.080946	25.867664	-28.604578	0.037548736	11079.888432502747
545	0.0	0.0	0.0	0.0	25.0	13625	27.657915	0.2105417	31.831182	25.205568	-28.69023	0.04560311	11099.46171116829
546	0.56435484	0.0	0.56435484	0.56435484	25.0	13650	27.768667	0.2132689	30.202023	25.18503	-28.818232	0.04934667	11119.03681921959
547	0.7927781	0.0	0.7927781	0.7927781	25.0	13675	27.85075	0.23129632	30.128225	25.278545	-28.917028	0.048817392	11138.595292329788
548	0.64232	0.0	0.64232	0.64232	25.0	13700	27.950356	0.19599922	29.514679	25.3864	-29.011713	0.042073313	11158.155446767807
549	0.9792151	0.0	0.9792151	0.9792151	25.0	13725	28.047258	0.1989188	30.886547	25.925308	-29.104416	0.042416576	11177.74737405777
550	0.56415296	0.0	0.56415296	0.56415296	25.0	13750	28.14646	0.18082453	29.957104	26.357096	-29.219402	0.033700842	11199.411474704742
551	0.42253953	0.0	0.42253953	0.42253953	25.0	13775	28.248386	0.18598507	30.316502	27.169477	-29.31265	0.03390283	11219.959974050522
552	0.20274168	0.0	0.20274168	0.20274168	25.0	13800	28.333643	0.18989015	30.575861	27.032442	-29.41735	0.03986721	11239.49500155449
553	0.42643306	0.0	0.42643306	0.42643306	25.0	13825	28.438545	0.20777397	32.139347	27.519405	-29.497072	0.037669607	11259.082462072372
554	0.22701181	0.0	0.22701181	0.22701181	25.0	13850	28.530361	0.17074089	29.80948	27.21215	-29.615602	0.035541736	11278.723332166672
555	0.0	0.0	0.0	0.0	25.0	13875	28.637005	0.17531417	30.310358	28.17228	-29.72374	0.027549205	11298.112844705582
556	0.34670392	0.0	0.34670392	0.34670392	25.0	13900	28.741978	0.1913699	31.064543	27.787834	-29.805168	0.03819942	11317.625138759613
557	0.083718374	0.0	0.083718374	0.083718374	25.0	13925	28.820154	0.20239623	30.251854	24.944351	-29.917933	0.045905847	11337.108698368073
558	0.35859486	0.0	0.35859486	0.35859486	25.0	13950	28.933565	0.24568479	33.69242	28.094666	-30.012789	0.05259775	11356.719830989838
559	0.33519632	0.0	0.33519632	0.33519632	25.0	13975	29.02701	0.22232635	31.231052	25.88731	-30.1216	0.048965022	11376.329677343369
560	0.19402744	0.0	0.19402744	0.19402744	25.0	14000	29.115273	0.17827788	30.502213	26.445063	-30.219501	0.036971975	11398.093475103378
561	0.33536318	0.0	0.33536318	0.33536318	25.0	14025	29.229504	0.22707258	32.554855	26.120323	-30.316738	0.05315677	11418.62479186058
562	0.0	0.0	0.0	0.0	25.0	14050	29.32103	0.20863448	31.831764	26.47782	-30.428997	0.046766277	11438.192199230194
563	0.3545102	0.0	0.3545102	0.3545102	25.0	14075	29.428354	0.20791477	32.428642	26.12146	-30.545456	0.042541787	11457.718285560608
564	0.12578332	0.0	0.12578332	0.12578332	25.0	14100	29.523647	0.22047205	31.517918	25.940914	-30.644058	0.048597913	11477.331212759018
565	0.22365895	0.0	0.22365895	0.22365895	25.0	14125	29.635988	0.23719448	33.208424	27.664131	-30.7355	0.05975376	11496.856657981873
566	0.5081783	0.0	0.5081783	0.5081783	25.0	14150	29.728733	0.2662012	33.120586	25.689905	-30.848269	0.07341142	11516.428759813309
567	0.73272717	0.0	0.73272717	0.73272717	25.0	14175	29.838526	0.25336042	35.140522	27.377182	-30.966093	0.0729892	11535.97716331482
568	0.38912424	0.0	0.38912424	0.38912424	25.0	14200	29.926733	0.21480602	31.31446	26.125254	-31.070253	0.04855761	11555.50159239769
569	0.6875864	0.0	0.6875864	0.6875864	25.0	14225	30.045517	0.28032053	34.316624	25.072845	-31.169958	0.0783575	11575.172136068344
570	0.0	0.0	0.0	0.0	25.0	14250	30.14145	0.255188	33.674618	27.851013	-31.278328	0.05832607	11597.074032306671
571	1.0245811	0.0	1.0245811	1.0245811	25.0	14275	30.247963	0.26751316	33.071133	24.948298	-31.399632	0.078164004	11617.533774614334
572	0.1843907	0.0	0.1843907	0.1843907	25.0	14300	30.36389	0.2813418	36.826565	28.461864	-31.494255	0.080150746	11637.188718795776
573	0.0	0.0	0.0	0.0	25.0	14325	30.451738	0.22721235	32.46206	26.570433	-31.606411	0.05516325	11656.896352529526
574	0.3497818	0.0	0.3497818	0.3497818	25.0	14350	30.563591	0.28366697	35.47726	26.538696	-31.719887	0.076453045	11676.39712381363
575	0.28247014	0.0	0.28247014	0.28247014	25.0	14375	30.659807	0.3138774	34.521175	22.54238	-31.82907	0.102648914	11696.050801753998
576	0.09852715	0.0	0.09852715	0.09852715	25.0	14400	30.769176	0.32197326	37.928688	26.523666	-31.91135	0.101069234	11715.498675107956
577	0.89226395	0.0	0.89226395	0.89226395	25.0	14425	30.876493	0.25928643	33.35086	26.183783	-32.045116	0.075944945	11734.973003864288
578	0.5987953	0.0	0.5987953	0.5987953	25.0	14450	30.982271	0.31024542	36.177868	24.377777	-32.15472	0.089985505	11754.590830564499
579	0.59842247	0.0	0.59842247	0.59842247	25.0	14475	31.087236	0.23301964	33.18122	27.159302	-32.256058	0.051735844	11774.229545593262
580	0.28008565	0.0	0.28008565	0.28008565	25.0	14500	31.189184	0.17990012	33.015236	29.419216	-32.356354	0.033905912	11796.10779619217
581	0.08681214	0.0	0.08681214	0.08681214	25.0	14525	31.299717	0.25082695	35.46936	27.986673	-32.48982	0.06700728	11815.824104070663
582	0.1039505	0.0	0.1039505	0.1039505	25.0	14550	31.417828	0.21167496	34.011475	29.423162	-32.59041	0.048406623	11836.311982870102
583	0.4923307	0.0	0.4923307	0.4923307	25.0	14575	31.510923	0.2297191	33.64411	28.257126	-32.706947	0.05359132	11856.018815279007
584	0.30457222	0.0	0.30457222	0.30457222	25.0	14600	31.626127	0.26098633	36.3897	30.307304	-32.814445	0.061820257	11875.586091279984
585	1.1316011	0.0	1.1316011	1.1316011	25.0	14625	31.73984	0.2335387	33.6356	28.58617	-32.938637	0.050833672	11895.10922384262
586	0.3801361	0.0	0.3801361	0.3801361	25.0	14650	31.838835	0.2327292	35.405914	29.146002	-33.027523	0.05821938	11914.651182174683
587	0.22319123	0.0	0.22319123	0.22319123	25.0	14675	31.958025	0.20656204	34.108284	29.301302	-33.165966	0.047604147	11934.15541934967
588	0.9105786	0.0	0.9105786	0.9105786	25.0	14700	32.06977	0.23431545	34.649357	31.121695	-33.281967	0.056035366	11953.661790132523
589	0.0	0.0	0.0	0.0	25.0	14725	32.177696	0.30756748	37.54922	27.046827	-33.400402	0.09757148	11973.148952960968
590	0.30924782	0.0	0.30924782	0.30924782	25.0	14750	32.284195	0.27017316	37.457264	28.527538	-33.509293	0.07299628	11995.011669397354
591	0.11780131	0.0	0.11780131	0.11780131	25.0	14775	32.404976	0.21487628	33.593224	29.362339	-33.628628	0.050984997	12014.712250471115
592	1.0513293	0.0	1.0513293	1.0513293	25.0	14800	32.50846	0.21150768	35.89633	31.006706	-33.730637	0.048412446	12035.223425388336
593	0.23450674	0.0	0.23450674	0.23450674	25.0	14825	32.630707	0.28565782	37.393425	29.679323	-33.852726	0.08330856	12054.778650522232
594	0.86046606	0.0	0.86046606	0.86046606	25.0	14850	32.72771	0.26015916	33.547478	27.523252	-33.962467	0.075989276	12074.296825170517
595	0.0	0.0	0.0	0.0	25.0	14875	32.85104	0.2341989	36.353462	30.275696	-34.073395	0.05191169	12093.885785579681
596	0.2979764	0.0	0.2979764	0.2979764	25.0	14900	32.939503	0.23208	35.397755	30.078959	-34.18644	0.05740278	12113.460517168045
597	0.07488532	0.0	0.07488532	0.07488532	25.0	14925	33.05364	0.27161637	36.918118	29.21858	-34.302685	0.07345951	12133.026903390884
598	0.52669674	0.0	0.52669674	0.52669674	25.0	14950	33.15086	0.20708756	34.623886	30.759983	-34.406105	0.044993326	12152.607416152954
599	0.061697006	0.0	0.061697006	0.061697006	25.0	14975	33.26161	0.24401647	37.343964	31.575142	-34.516197	0.054967523	12172.128029346466
600	0.14463016	0.0	0.14463016	0.14463016	25.0	15000	33.37421	0.23557846	34.922264	30.176342	-34.640884	0.059563734	12193.986568689346
601	0.36954775	0.0	0.36954775	0.36954775	25.0	15025	33.476696	0.2526081	36.364594	32.59087	-34.743263	0.062278956	12213.678726673126
602	0.389017	0.0	0.389017	0.389017	25.0	15050	33.59678	0.22194315	36.383488	30.9693	-34.855972	0.04881084	12234.328560352325
603	0.2944987	0.0	0.2944987	0.2944987	25.0	15075	33.707104	0.27236915	37.639946	29.918768	-34.976837	0.07195136	12253.81428694725
604	0.28549093	0.0	0.28549093	0.28549093	25.0	15100	33.82415	0.30091992	37.20615	27.396297	-35.11517	0.0906526	12273.37594461441
605	0.7000261	0.0	0.7000261	0.7000261	25.0	15125	33.939877	0.2475643	36.38183	30.969904	-35.233223	0.07118134	12292.904058933258
606	0.6086673	0.0	0.6086673	0.6086673	25.0	15150	34.06923	0.26492703	37.554016	30.914965	-35.363304	0.06331503	12312.44241309166
607	0.13400872	0.0	0.13400872	0.13400872	25.0	15175	34.17819	0.24004106	36.602528	31.096588	-35.492447	0.06141707	12332.059547185898
608	0.11327566	0.0	0.11327566	0.11327566	25.0	15200	34.29915	0.236676	38.374382	33.453705	-35.598297	0.05550548	12351.515451669693
609	1.8005193	0.0	1.8005193	1.8005193	25.0	15225	34.424183	0.20333025	35.692436	31.907763	-35.727814	0.04433923	12371.078200817108
610	1.3347772	0.0	1.3347772	1.3347772	25.0	15250	34.53838	0.27170497	38.865807	29.792484	-35.858555	0.075084835	12393.002589702606
611	0.29189506	0.0	0.29189506	0.29189506	25.0	15275	34.65354	0.2354064	37.101925	32.70398	-35.97442	0.05813389	12412.774745941162
612	0.005947806	0.0	0.005947806	0.005947806	25.0	15300	34.794125	0.24456187	39.545307	33.851143	-36.111633	0.05967881	12433.376610279083
613	0.1032204	0.0	0.1032204	0.1032204	25.0	15325	34.89879	0.305985	37.617203	30.178085	-36.23907	0.10090225	12452.924911022186
614	0.22029862	0.0	0.22029862	0.22029862	25.0	15350	35.022964	0.22300945	37.274807	32.08426	-36.3465	0.0467526	12472.569290399551
615	0.41367757	0.0	0.41367757	0.41367757	25.0	15375	35.14967	0.26263648	41.14593	33.88397	-36.48997	0.068672	12492.11924123764
616	0.0	0.0	0.0	0.0	25.0	15400	35.269184	0.23526448	38.56036	32.28989	-36.597923	0.0534367	12511.663731336594
617	0.68904066	0.0	0.68904066	0.68904066	25.0	15425	35.392956	0.27547833	39.43269	30.957645	-36.738083	0.072139286	12531.268882274628
618	0.36277905	0.0	0.36277905	0.36277905	25.0	15450	35.510757	0.21370961	37.764107	32.646255	-36.860786	0.047637254	12550.866600990295
619	0.6958536	0.0	0.6958536	0.6958536	25.0	15475	35.643208	0.29214028	38.820877	31.777775	-36.99458	0.08916571	12570.550523996353
620	0.0	0.0	0.0	0.0	25.0	15500	35.758995	0.19886689	37.086937	34.291367	-37.100685	0.043589137	12592.634428977966
621	0.19162272	0.0	0.19162272	0.19162272	25.0	15525	35.888615	0.24658775	39.574524	33.14331	-37.257126	0.05900899	12612.32459783554
622	0.06577616	0.0	0.06577616	0.06577616	25.0	15550	36.005062	0.28632072	42.75306	32.923607	-37.376816	0.082330324	12632.759560585022
623	0.30199036	0.0	0.30199036	0.30199036	25.0	15575	36.145103	0.28694758	39.713665	32.8814	-37.494877	0.079878554	12652.374218463898
624	0.6335577	0.0	0.6335577	0.6335577	25.0	15600	36.25566	0.29744887	39.24868	31.23642	-37.616684	0.089277156	12672.09447145462
625	0.13921767	0.0	0.13921767	0.13921767	25.0	15625	36.378258	0.330023	44.83966	32.208767	-37.754154	0.10634062	12691.844279289246
626	0.15886165	0.0	0.15886165	0.15886165	25.0	15650	36.512745	0.24168175	39.021755	32.840687	-37.90329	0.05839506	12711.420711755753
627	0.04959708	0.0	0.04959708	0.04959708	25.0	15675	36.629055	0.42099133	42.428886	27.02015	-38.03796	0.1869726	12730.983671426773
628	0.34947228	0.0	0.34947228	0.34947228	25.0	15700	36.76559	0.26003355	40.17945	32.96205	-38.15491	0.07430089	12750.676567554474
629	0.11235211	0.0	0.11235211	0.11235211	25.0	15725	36.890133	0.2245417	38.5135	34.900787	-38.29649	0.05286853	12770.407007694244
630	0.3276747	0.0	0.3276747	0.3276747	25.0	15750	37.023174	0.22654372	39.78166	34.739353	-38.420876	0.04983499	12792.517177343369
631	0.17780356	0.0	0.17780356	0.17780356	25.0	15775	37.13953	0.24350542	40.82934	34.25098	-38.533607	0.053261053	12812.245829343796
632	0.01790582	0.0	0.01790582	0.01790582	25.0	15800	37.263206	0.26429275	42.07854	34.657604	-38.65822	0.07057874	12832.740525960922
633	0.45164493	0.0	0.45164493	0.45164493	25.0	15825	37.393444	0.27578226	42.192734	34.46629	-38.793827	0.08176163	12852.325004339218
634	0.38896957	0.0	0.38896957	0.38896957	25.0	15850	37.511086	0.35715497	41.78757	31.815332	-38.931118	0.13235489	12871.942783594131
