Epoch	AverageEpRet	StdEpRet	MaxEpRet	MinEpRet	EpLen	TotalEnvInteracts	AverageQVals	StdQVals	MaxQVals	MinQVals	LossPi	LossQ	Time
1	1.8923986	0.0	1.8923986	1.8923986	25.0	25	0.04581728	0.23337479	0.47582698	-1.1343701	-0.2153796	0.04973178	20.743717908859253
2	2.8522742	0.0	2.8522742	2.8522742	25.0	50	0.12281591	0.14878702	1.03093	-0.3960192	-1.4953601	0.016994856	39.87717962265015
3	4.6153584	0.0	4.6153584	4.6153584	25.0	75	0.22179917	0.15835306	0.8384546	-0.617785	-5.0945854	0.014792584	59.423027992248535
4	2.1408434	0.0	2.1408434	2.1408434	25.0	100	0.41413268	0.18788025	1.2709479	-0.22088127	-6.8830633	0.00996349	78.49571466445923
5	0.44512266	0.0	0.44512266	0.44512266	25.0	125	0.843732	0.96519643	7.2004232	-0.8430045	-1.3363098	0.959021	97.65734601020813
6	0.65770835	0.0	0.65770835	0.65770835	25.0	150	1.0390552	0.2389728	2.1014993	0.5266022	-1.1178501	0.025586152	116.70085644721985
7	0.029202685	0.0	0.029202685	0.029202685	25.0	175	1.2207357	0.18904261	2.2778327	0.9036927	-1.2767979	0.0032689166	135.79784655570984
8	0.47923923	0.0	0.47923923	0.47923923	25.0	200	1.1963801	0.177314	2.2776437	1.007661	-1.2495544	0.0025147686	155.28469824790955
9	0.38378122	0.0	0.38378122	0.38378122	25.0	225	1.0975741	0.15303935	2.083585	0.9276699	-1.1998883	0.002899878	174.72718501091003
10	0.35583746	0.0	0.35583746	0.35583746	25.0	250	1.0324336	0.13944955	1.8552384	0.88483423	-1.1442578	0.0032365527	194.5455024242401
11	0.0	0.0	0.0	0.0	25.0	275	0.9639714	0.12624554	1.713428	0.8353553	-1.0842282	0.0022778874	213.92808294296265
12	0.12360122	0.0	0.12360122	0.12360122	25.0	300	0.8904065	0.12543042	1.5866921	0.764407	-1.0041789	0.002896247	233.23753881454468
13	1.1617692	0.0	1.1617692	1.1617692	25.0	325	0.85784304	0.110499494	1.4566877	0.7412678	-1.0132506	0.0026001814	252.46292066574097
14	0.19010027	0.0	0.19010027	0.19010027	25.0	350	0.841143	0.1063938	1.3988664	0.72050375	-1.0564303	0.004444732	271.7599263191223
15	0.24606709	0.0	0.24606709	0.24606709	25.0	375	0.8326809	0.099865854	1.3961909	0.73606414	-0.90675807	0.0023280776	291.0052492618561
16	0.21214713	0.0	0.21214713	0.21214713	25.0	400	0.83893657	0.09305854	1.3780575	0.7496313	-0.9136028	0.0017907307	310.19905972480774
17	0.8062559	0.0	0.8062559	0.8062559	25.0	425	0.86041903	0.09140282	1.4101545	0.7710498	-1.0274011	0.001873276	329.3775408267975
18	0.37197006	0.0	0.37197006	0.37197006	25.0	450	0.9121173	0.090738505	1.4671211	0.8045605	-1.1765078	0.0026039798	348.3834750652313
19	0.53606665	0.0	0.53606665	0.53606665	25.0	475	0.9650584	0.09893453	1.5131726	0.8285812	-1.297625	0.0042105587	367.6326868534088
20	0.13858396	0.0	0.13858396	0.13858396	25.0	500	1.0150537	0.09358493	1.5410744	0.8169963	-1.3318226	0.004570126	387.2080340385437
21	1.0043558	0.0	1.0043558	1.0043558	25.0	525	1.0772276	0.09829056	1.7374659	0.79244256	-1.3895112	0.0063264845	406.646856546402
22	0.48336273	0.0	0.48336273	0.48336273	25.0	550	1.1703111	0.08675026	1.7345004	0.9729085	-1.7892963	0.0041358415	426.049635887146
23	1.9653273	0.0	1.9653273	1.9653273	25.0	575	1.2937618	0.112061426	2.252208	0.9351418	-1.648503	0.009555563	445.45086884498596
24	0.29593736	0.0	0.29593736	0.29593736	25.0	600	1.4167633	0.0887893	1.9967782	1.1696916	-1.6358734	0.005925538	464.9048993587494
25	0.21746106	0.0	0.21746106	0.21746106	25.0	625	1.4942816	0.08794694	2.077526	1.2263864	-1.883224	0.005612936	484.31670808792114
26	0.4477321	0.0	0.4477321	0.4477321	25.0	650	1.5704633	0.09675512	2.1865327	1.2754545	-1.8276237	0.0066305315	503.8838155269623
27	0.21358421	0.0	0.21358421	0.21358421	25.0	675	1.6653473	0.081887215	2.2233493	1.4913893	-1.8225764	0.003924414	523.5953233242035
28	0.08114087	0.0	0.08114087	0.08114087	25.0	700	1.8318126	0.088753894	2.4902127	1.6027353	-2.0458255	0.0034952774	543.026305437088
29	0.2280364	0.0	0.2280364	0.2280364	25.0	725	2.0075912	0.085763186	2.5994925	1.8094522	-2.2389743	0.004508787	562.7991683483124
30	0.21374726	0.0	0.21374726	0.21374726	25.0	750	2.0774615	0.07494062	2.6099985	1.8336338	-2.3391936	0.0052068685	582.5650641918182
31	0.23396675	0.0	0.23396675	0.23396675	25.0	775	2.1350265	0.07401767	2.6892507	1.9662827	-2.3432446	0.0033148744	602.1712191104889
32	0.16106436	0.0	0.16106436	0.16106436	25.0	800	2.213831	0.06540687	2.8204808	2.0896304	-2.36993	0.0028859219	621.5661489963531
33	0.63435656	0.0	0.63435656	0.63435656	25.0	825	2.2920892	0.07287661	2.836599	2.128479	-2.541516	0.0029495389	641.1459729671478
34	0.7324542	0.0	0.7324542	0.7324542	25.0	850	2.3487222	0.07627969	2.9403746	2.1937785	-2.540141	0.0035110693	660.6456079483032
35	0.38608745	0.0	0.38608745	0.38608745	25.0	875	2.4069412	0.07821526	2.979796	2.2636774	-2.7679415	0.0033910389	679.8667275905609
36	0.23410429	0.0	0.23410429	0.23410429	25.0	900	2.4659705	0.08091065	3.0487068	2.290196	-2.8220768	0.004693098	699.305832862854
37	1.2221872	0.0	1.2221872	1.2221872	25.0	925	2.525999	0.062322646	3.051036	2.3375256	-2.7182107	0.0035202347	718.6053130626678
38	0.32919192	0.0	0.32919192	0.32919192	25.0	950	2.600896	0.0667139	3.1934273	2.4746072	-2.811951	0.003414728	737.9321701526642
39	0.6801899	0.0	0.6801899	0.6801899	25.0	975	2.688297	0.073490925	3.2800238	2.5466466	-2.9541864	0.0036095423	757.2079057693481
40	0.3803398	0.0	0.3803398	0.3803398	25.0	1000	2.750452	0.066746525	3.329373	2.6148984	-2.9578826	0.003525773	776.6936769485474
41	0.046979655	0.0	0.046979655	0.046979655	25.0	1025	2.8076203	0.06036143	3.4070067	2.6831734	-2.9782937	0.0038058278	795.9260523319244
42	0.040968068	0.0	0.040968068	0.040968068	25.0	1050	2.8553534	0.06791467	3.4519932	2.708251	-3.0452256	0.0034779995	815.4593272209167
43	0.20315275	0.0	0.20315275	0.20315275	25.0	1075	2.8847222	0.06221891	3.4562502	2.7377706	-3.0644772	0.0029118787	834.9772055149078
44	0.7578877	0.0	0.7578877	0.7578877	25.0	1100	2.9093857	0.0673211	3.473384	2.7821388	-3.1109447	0.0037040228	854.4221036434174
45	0.13643731	0.0	0.13643731	0.13643731	25.0	1125	2.9236584	0.06406538	3.4843073	2.687765	-3.189356	0.0031900406	873.9383928775787
46	0.47250596	0.0	0.47250596	0.47250596	25.0	1150	2.943856	0.062128402	3.4917743	2.8186927	-3.150189	0.0036053746	893.4695827960968
47	0.0738053	0.0	0.0738053	0.0738053	25.0	1175	2.9734232	0.05766376	3.5412996	2.727832	-3.1251638	0.003146578	913.0541162490845
48	0.22460108	0.0	0.22460108	0.22460108	25.0	1200	3.005648	0.06350286	3.620333	2.8762512	-3.167911	0.003732408	932.460574388504
49	0.37774652	0.0	0.37774652	0.37774652	25.0	1225	3.051386	0.0730062	3.7049837	2.9023798	-3.2453785	0.00383775	952.1285815238953
50	0.47835964	0.0	0.47835964	0.47835964	25.0	1250	3.1049242	0.063020766	3.7015247	2.7491567	-3.2782977	0.0031184917	972.032279253006
51	0.4975939	0.0	0.4975939	0.4975939	25.0	1275	3.160128	0.06996503	3.8311381	2.7818856	-3.3401258	0.004111862	991.613361120224
52	0.562822	0.0	0.562822	0.562822	25.0	1300	3.202832	0.06971526	3.7675142	2.9253323	-3.3949685	0.0036577526	1011.108823299408
53	0.94067675	0.0	0.94067675	0.94067675	25.0	1325	3.2489917	0.05835106	3.773902	2.9783702	-3.4398136	0.0046546296	1030.638824224472
54	0.5109856	0.0	0.5109856	0.5109856	25.0	1350	3.2825751	0.06813217	3.8324132	2.9030278	-3.454062	0.0036869226	1050.2058372497559
55	0.04600538	0.0	0.04600538	0.04600538	25.0	1375	3.3205962	0.07131696	3.9756696	2.5729544	-3.4783907	0.0049412902	1069.8721933364868
56	1.7543492	0.0	1.7543492	1.7543492	25.0	1400	3.3560534	0.065126196	3.865393	3.0631986	-3.5484033	0.004959206	1089.4580929279327
57	0.28734666	0.0	0.28734666	0.28734666	25.0	1425	3.3904328	0.071625575	3.9807796	3.0415878	-3.6185346	0.0050408733	1109.0047013759613
58	0.05709445	0.0	0.05709445	0.05709445	25.0	1450	3.425395	0.072454624	4.085114	2.8673458	-3.631585	0.0046964884	1128.4643378257751
59	0.57242274	0.0	0.57242274	0.57242274	25.0	1475	3.4680364	0.070530914	4.0901837	3.1756976	-3.6118472	0.005624245	1148.015169620514
60	0.095433615	0.0	0.095433615	0.095433615	25.0	1500	3.4962475	0.06884865	4.093513	3.0309582	-3.6553872	0.0049833134	1168.126303434372
61	0.38751268	0.0	0.38751268	0.38751268	25.0	1525	3.5256493	0.058538713	4.2074494	3.2938328	-3.6810434	0.004594413	1187.8188910484314
62	0.6309413	0.0	0.6309413	0.6309413	25.0	1550	3.5479083	0.07394244	4.1722016	2.5172415	-3.7418702	0.006445695	1207.4044125080109
63	0.53969395	0.0	0.53969395	0.53969395	25.0	1575	3.5687735	0.073620796	4.2412596	3.0671313	-3.8187635	0.0052289935	1226.9523229599
64	0.21138786	0.0	0.21138786	0.21138786	25.0	1600	3.5900233	0.07003194	4.447662	3.1018772	-3.8201265	0.004877313	1246.5845024585724
65	0.35645506	0.0	0.35645506	0.35645506	25.0	1625	3.6131701	0.064864516	4.1647515	3.35607	-3.8040771	0.0051763137	1266.0708673000336
66	0.23016465	0.0	0.23016465	0.23016465	25.0	1650	3.6423507	0.071321584	4.376153	3.029601	-3.7822309	0.0061513055	1285.6596388816833
67	0.0	0.0	0.0	0.0	25.0	1675	3.661576	0.0750658	4.432791	3.2899134	-3.804144	0.005707337	1305.1473705768585
68	0.30272123	0.0	0.30272123	0.30272123	25.0	1700	3.6942358	0.06787914	4.4109464	3.4353652	-3.8131723	0.0050249123	1324.7342195510864
69	0.28551552	0.0	0.28551552	0.28551552	25.0	1725	3.730487	0.07017231	4.4088726	3.480269	-3.8704286	0.0050234823	1344.2645959854126
70	0.12740394	0.0	0.12740394	0.12740394	25.0	1750	3.7607446	0.061991468	4.3990393	3.4885378	-3.9710474	0.00411993	1364.3008484840393
71	0.42734995	0.0	0.42734995	0.42734995	25.0	1775	3.7883608	0.06757294	4.394972	3.474901	-4.0233135	0.004302153	1383.81413936615
72	0.9938085	0.0	0.9938085	0.9938085	25.0	1800	3.8174365	0.063700646	4.4575844	3.6233418	-4.0473843	0.005076581	1403.3207805156708
73	0.4097907	0.0	0.4097907	0.4097907	25.0	1825	3.832962	0.06990223	4.4734883	3.5625865	-4.09097	0.004690089	1422.8684570789337
74	0.76015985	0.0	0.76015985	0.76015985	25.0	1850	3.8457532	0.0661155	4.558215	3.2701485	-4.103377	0.00461837	1442.3708379268646
75	0.0944029	0.0	0.0944029	0.0944029	25.0	1875	3.87808	0.0673452	4.5422235	3.5648077	-4.1003847	0.0047283918	1461.7680695056915
76	0.14093783	0.0	0.14093783	0.14093783	25.0	1900	3.915998	0.068439245	4.619792	3.413558	-4.10919	0.004443946	1481.1688508987427
77	0.47645578	0.0	0.47645578	0.47645578	25.0	1925	3.9647338	0.06859584	4.5527306	3.6819847	-4.166229	0.005215232	1500.6598074436188
78	0.2143818	0.0	0.2143818	0.2143818	25.0	1950	3.9932623	0.06451961	4.7082043	3.6166816	-4.208064	0.004193909	1520.1567678451538
79	0.6554515	0.0	0.6554515	0.6554515	25.0	1975	4.022513	0.0667645	4.722622	3.859195	-4.2205095	0.005179303	1539.5274319648743
80	0.2164584	0.0	0.2164584	0.2164584	25.0	2000	4.0475674	0.059371617	4.5713463	3.9012449	-4.242889	0.0047492	1559.3128533363342
81	0.10384147	0.0	0.10384147	0.10384147	25.0	2025	4.074611	0.06259283	4.751582	3.8664987	-4.2896852	0.0042889984	1579.3048903942108
82	0.32856768	0.0	0.32856768	0.32856768	25.0	2050	4.097619	0.06245213	4.5173182	3.8964899	-4.315367	0.0047876425	1598.8835411071777
83	0.23889944	0.0	0.23889944	0.23889944	25.0	2075	4.1187696	0.06828431	4.772639	3.9104028	-4.316166	0.004808139	1618.5036091804504
84	0.6635563	0.0	0.6635563	0.6635563	25.0	2100	4.148163	0.062815465	4.7163415	3.6997428	-4.3253856	0.0049028057	1638.0386021137238
85	0.44749323	0.0	0.44749323	0.44749323	25.0	2125	4.1720524	0.07793202	5.044705	3.7114055	-4.4228573	0.0067560305	1657.886750459671
86	0.4878533	0.0	0.4878533	0.4878533	25.0	2150	4.197595	0.07768096	4.8371086	2.945438	-4.482494	0.006974382	1677.484840631485
87	0.49950558	0.0	0.49950558	0.49950558	25.0	2175	4.223198	0.079370536	5.762801	3.8793247	-4.479628	0.0068227355	1697.0488169193268
88	0.18600291	0.0	0.18600291	0.18600291	25.0	2200	4.2421665	0.07102264	4.847229	3.359423	-4.524065	0.005652447	1716.7985906600952
89	0.07270905	0.0	0.07270905	0.07270905	25.0	2225	4.2821746	0.08181378	5.1049895	3.5234048	-4.509204	0.008515404	1736.3795473575592
90	0.32963896	0.0	0.32963896	0.32963896	25.0	2250	4.325232	0.06611005	4.8763375	3.7031524	-4.5141087	0.007065451	1756.3266150951385
91	0.16601084	0.0	0.16601084	0.16601084	25.0	2275	4.3728747	0.08721733	5.295881	2.94162	-4.535934	0.009304735	1775.7850382328033
92	0.7060919	0.0	0.7060919	0.7060919	25.0	2300	4.408673	0.08535444	5.0957165	3.2914445	-4.581792	0.008418766	1795.2375416755676
93	0.1566101	0.0	0.1566101	0.1566101	25.0	2325	4.4549055	0.07665953	5.823407	4.088261	-4.6748586	0.0069226054	1814.9628252983093
94	0.17283198	0.0	0.17283198	0.17283198	25.0	2350	4.486413	0.06937155	5.3891435	4.0515757	-4.713477	0.0054271035	1834.5375034809113
95	0.88349646	0.0	0.88349646	0.88349646	25.0	2375	4.524905	0.083714895	5.368391	3.739385	-4.771557	0.008216668	1854.0415151119232
96	0.72908115	0.0	0.72908115	0.72908115	25.0	2400	4.5496736	0.08628445	5.421446	4.2168403	-4.84884	0.007743348	1873.5813965797424
97	0.3279398	0.0	0.3279398	0.3279398	25.0	2425	4.580189	0.07951967	5.4823556	4.038244	-4.8749113	0.0062652505	1893.267299413681
98	0.3709798	0.0	0.3709798	0.3709798	25.0	2450	4.607546	0.0754885	5.4373546	3.5738773	-4.84522	0.005858045	1912.9029169082642
99	0.78286815	0.0	0.78286815	0.78286815	25.0	2475	4.637161	0.07594857	5.37762	3.5099914	-4.9201894	0.0066987146	1932.4748451709747
100	0.0	0.0	0.0	0.0	25.0	2500	4.6763444	0.067039624	5.394964	4.4039884	-4.924284	0.005890338	1952.5017993450165
101	0.21198215	0.0	0.21198215	0.21198215	25.0	2525	4.710716	0.06436561	5.2332053	4.5215945	-4.9470654	0.0060230084	1972.0186383724213
102	0.5329353	0.0	0.5329353	0.5329353	25.0	2550	4.752163	0.080030486	6.006832	4.4951615	-5.085304	0.005585517	1991.670777797699
103	0.59904546	0.0	0.59904546	0.59904546	25.0	2575	4.787286	0.06595248	5.2390895	4.5957584	-5.142427	0.0059715314	2011.1732244491577
104	0.7115717	0.0	0.7115717	0.7115717	25.0	2600	4.829505	0.06577687	5.763968	4.6516905	-5.1109743	0.006365454	2030.8307988643646
105	1.549634	0.0	1.549634	1.549634	25.0	2625	4.8684993	0.07053347	5.622793	4.5765095	-5.0807896	0.005798819	2050.3312776088715
106	0.2054882	0.0	0.2054882	0.2054882	25.0	2650	4.9170685	0.07272889	5.587099	4.742051	-5.150306	0.005448861	2070.1234340667725
107	0.0860468	0.0	0.0860468	0.0860468	25.0	2675	4.9664474	0.055907622	5.471263	4.797117	-5.18104	0.004844718	2089.7210664749146
108	0.16368355	0.0	0.16368355	0.16368355	25.0	2700	5.022157	0.056384947	5.659437	4.8213253	-5.2948585	0.004823732	2109.3420894145966
109	2.0565689	0.0	2.0565689	2.0565689	25.0	2725	5.0697756	0.06769458	5.7367306	4.8936067	-5.352587	0.0059526586	2129.3010034561157
110	0.7290761	0.0	0.7290761	0.7290761	25.0	2750	5.0997376	0.06329943	5.6796036	4.9039974	-5.383285	0.006111844	2149.3419618606567
111	0.46285477	0.0	0.46285477	0.46285477	25.0	2775	5.1254287	0.07281081	5.8656673	4.815464	-5.387364	0.0060888254	2169.025311946869
112	0.05957008	0.0	0.05957008	0.05957008	25.0	2800	5.1584706	0.06147861	5.824712	4.9111037	-5.480165	0.0057456424	2188.860226869583
113	0.23519088	0.0	0.23519088	0.23519088	25.0	2825	5.1928926	0.07515702	5.767135	3.7206752	-5.5919776	0.007305411	2208.4520416259766
114	0.24932635	0.0	0.24932635	0.24932635	25.0	2850	5.225188	0.079246655	5.9138474	4.726006	-5.5606885	0.00825533	2228.083985567093
115	0.14327139	0.0	0.14327139	0.14327139	25.0	2875	5.259897	0.09358723	6.9917173	4.9576516	-5.5536613	0.008184728	2247.6665019989014
116	0.7267089	0.0	0.7267089	0.7267089	25.0	2900	5.2987146	0.08948433	6.0650873	3.4002287	-5.6332483	0.008896077	2267.411513566971
117	0.20724751	0.0	0.20724751	0.20724751	25.0	2925	5.3540497	0.07604212	6.0712986	4.978968	-5.63996	0.00653771	2287.137620449066
118	0.12163117	0.0	0.12163117	0.12163117	25.0	2950	5.4079037	0.08302955	6.2305193	4.701017	-5.6585884	0.00814636	2306.681762456894
119	0.17372108	0.0	0.17372108	0.17372108	25.0	2975	5.4484735	0.088247046	6.8221583	4.8813233	-5.71766	0.00982327	2326.41862821579
120	0.6458498	0.0	0.6458498	0.6458498	25.0	3000	5.4964724	0.07203527	6.0514526	4.893415	-5.775932	0.007575822	2346.6586351394653
121	0.86144304	0.0	0.86144304	0.86144304	25.0	3025	5.553379	0.09712703	6.6275363	4.739556	-5.8619423	0.00944242	2366.4015378952026
122	0.53765917	0.0	0.53765917	0.53765917	25.0	3050	5.590051	0.09107385	6.570473	4.5321784	-5.8930607	0.0096289	2386.0247037410736
123	0.25669682	0.0	0.25669682	0.25669682	25.0	3075	5.622175	0.09937918	7.178699	4.9432507	-5.90155	0.0128595475	2405.643169403076
124	0.33961743	0.0	0.33961743	0.33961743	25.0	3100	5.648655	0.09413221	6.686259	4.6151037	-5.9241295	0.009351652	2425.181935787201
125	0.5620499	0.0	0.5620499	0.5620499	25.0	3125	5.690303	0.09539341	6.8079605	4.8311067	-5.985185	0.010229441	2444.8462920188904
126	0.7786035	0.0	0.7786035	0.7786035	25.0	3150	5.7222567	0.074479066	6.481033	5.071815	-6.02367	0.008322691	2464.55477142334
127	0.30793342	0.0	0.30793342	0.30793342	25.0	3175	5.7658143	0.08755329	6.620671	5.1986938	-6.069199	0.008240917	2484.321273803711
128	0.37271994	0.0	0.37271994	0.37271994	25.0	3200	5.804618	0.07487053	6.498756	4.9633794	-6.0744963	0.008651234	2503.9834122657776
129	0.56873816	0.0	0.56873816	0.56873816	25.0	3225	5.8428693	0.082135566	7.0189056	5.064048	-6.102947	0.0083866	2523.751130580902
130	0.3391455	0.0	0.3391455	0.3391455	25.0	3250	5.873162	0.07726943	6.5712295	5.2710457	-6.16079	0.0072552385	2544.079099416733
131	0.5998997	0.0	0.5998997	0.5998997	25.0	3275	5.906935	0.10109091	7.8204837	5.055162	-6.2064996	0.012796656	2563.8819286823273
132	0.24250807	0.0	0.24250807	0.24250807	25.0	3300	5.9346867	0.098179534	7.7507234	4.569502	-6.22344	0.010832963	2583.6640985012054
133	0.49963441	0.0	0.49963441	0.49963441	25.0	3325	5.967124	0.10454711	7.070775	3.386769	-6.269893	0.0129935555	2603.4626698493958
134	0.0	0.0	0.0	0.0	25.0	3350	5.9903474	0.08796167	6.9326515	5.283655	-6.2659388	0.008973825	2623.3067667484283
135	0.50628185	0.0	0.50628185	0.50628185	25.0	3375	6.019281	0.10484962	6.8082113	3.6716683	-6.295371	0.011868223	2643.1556820869446
136	0.785463	0.0	0.785463	0.785463	25.0	3400	6.058388	0.08130076	7.0457425	5.4374547	-6.314089	0.006890107	2662.8987271785736
137	0.0	0.0	0.0	0.0	25.0	3425	6.093263	0.073277794	7.2713985	5.627118	-6.340991	0.006958736	2682.6361265182495
138	1.0976683	0.0	1.0976683	1.0976683	25.0	3450	6.130027	0.08673868	6.8652782	5.2168655	-6.3951902	0.008744542	2702.3684074878693
139	0.28936812	0.0	0.28936812	0.28936812	25.0	3475	6.1615086	0.0885927	6.805418	5.773084	-6.4604144	0.009980633	2722.137414455414
140	0.80058086	0.0	0.80058086	0.80058086	25.0	3500	6.1880116	0.08647395	6.9413238	5.6305256	-6.4487042	0.008259872	2742.232310295105
141	0.97913694	0.0	0.97913694	0.97913694	25.0	3525	6.2193923	0.07447465	7.0422387	5.742298	-6.4966664	0.007899227	2761.8688263893127
142	0.6796714	0.0	0.6796714	0.6796714	25.0	3550	6.244103	0.08331319	7.078836	5.6716824	-6.520022	0.0073342714	2781.638968706131
143	0.4172887	0.0	0.4172887	0.4172887	25.0	3575	6.276076	0.07293092	6.981656	5.927849	-6.535849	0.0069385893	2801.502333164215
144	0.35364625	0.0	0.35364625	0.35364625	25.0	3600	6.302804	0.06407678	6.923452	5.9548335	-6.645638	0.006844207	2821.157681941986
145	0.0	0.0	0.0	0.0	25.0	3625	6.3282247	0.07332722	6.987507	5.9887013	-6.6431413	0.007229153	2840.6894476413727
146	0.0	0.0	0.0	0.0	25.0	3650	6.358603	0.071694426	7.2422905	6.046924	-6.6399627	0.0073147602	2860.3438975811005
147	0.42107227	0.0	0.42107227	0.42107227	25.0	3675	6.387082	0.074482545	7.064328	5.9972687	-6.647265	0.0074514877	2880.0680797100067
148	0.27832067	0.0	0.27832067	0.27832067	25.0	3700	6.415399	0.07331726	7.163393	5.859607	-6.6596584	0.00678845	2899.660765647888
149	0.63151234	0.0	0.63151234	0.63151234	25.0	3725	6.4406166	0.06374405	6.9347234	6.1971703	-6.683801	0.006217202	2919.1951491832733
150	0.23319204	0.0	0.23319204	0.23319204	25.0	3750	6.463547	0.068914816	7.0514684	5.7867937	-6.777168	0.0064579044	2939.419942378998
151	0.3419316	0.0	0.3419316	0.3419316	25.0	3775	6.4945583	0.071080275	7.120612	6.019677	-6.8056245	0.006614061	2959.05265212059
152	0.3843516	0.0	0.3843516	0.3843516	25.0	3800	6.520665	0.07534465	7.362525	6.054351	-6.8117943	0.006427469	2978.769832611084
153	0.22976454	0.0	0.22976454	0.22976454	25.0	3825	6.551758	0.071185894	7.3845925	6.1535726	-6.8631573	0.0066430266	2998.3335399627686
154	0.8969917	0.0	0.8969917	0.8969917	25.0	3850	6.582084	0.09000513	7.2524	4.2589717	-6.923086	0.010980061	3017.897484064102
155	0.32889885	0.0	0.32889885	0.32889885	25.0	3875	6.621489	0.06777511	7.341354	6.239299	-6.982218	0.007154131	3037.5508983135223
156	0.5167205	0.0	0.5167205	0.5167205	25.0	3900	6.669482	0.08037622	7.504304	6.1826806	-6.9741707	0.008973018	3057.1453998088837
157	0.33417442	0.0	0.33417442	0.33417442	25.0	3925	6.705189	0.098580286	8.575614	5.9563723	-6.986064	0.01232278	3076.921292066574
158	0.2215532	0.0	0.2215532	0.2215532	25.0	3950	6.7463613	0.095455706	7.762956	6.276439	-7.011926	0.010663309	3096.3836283683777
159	0.09327124	0.0	0.09327124	0.09327124	25.0	3975	6.784259	0.09645824	7.7903996	4.89581	-7.0794744	0.010402535	3115.9761204719543
160	0.57394683	0.0	0.57394683	0.57394683	25.0	4000	6.8243275	0.10003515	8.537277	5.860139	-7.1226325	0.011087906	3135.9235322475433
161	0.7025337	0.0	0.7025337	0.7025337	25.0	4025	6.860993	0.08388172	7.564555	6.008842	-7.1364346	0.0099476455	3155.2512214183807
162	0.18288253	0.0	0.18288253	0.18288253	25.0	4050	6.8945775	0.092948414	7.8815947	5.588967	-7.220328	0.012057355	3174.553606271744
163	0.0	0.0	0.0	0.0	25.0	4075	6.9284387	0.09520741	8.4440565	5.950251	-7.2079425	0.011086173	3193.970720767975
164	0.13110796	0.0	0.13110796	0.13110796	25.0	4100	6.960935	0.09748693	8.109064	5.3914723	-7.2222567	0.012953287	3213.2926785945892
165	0.0019233976	0.0	0.0019233976	0.0019233976	25.0	4125	6.9880357	0.12154103	8.249974	5.239166	-7.2425137	0.016928717	3232.465481042862
166	0.13350916	0.0	0.13350916	0.13350916	25.0	4150	7.0211635	0.09761574	8.022566	6.2117977	-7.293967	0.01208092	3254.8669731616974
167	0.3526268	0.0	0.3526268	0.3526268	25.0	4175	7.0575647	0.09285271	8.355316	6.29533	-7.308441	0.011153969	3273.985549211502
168	0.3564587	0.0	0.3564587	0.3564587	25.0	4200	7.0897202	0.09518896	8.557153	6.535053	-7.3454432	0.011154153	3293.2728617191315
169	0.27352935	0.0	0.27352935	0.27352935	25.0	4225	7.113905	0.10819335	8.734114	6.0187016	-7.381117	0.013218015	3312.5717358589172
170	0.33729753	0.0	0.33729753	0.33729753	25.0	4250	7.1346803	0.09734334	8.007715	5.8210745	-7.405968	0.012730961	3332.4649093151093
171	0.33904254	0.0	0.33904254	0.33904254	25.0	4275	7.170672	0.101376586	8.804648	6.424603	-7.4386096	0.012346861	3351.821332216263
172	0.47965425	0.0	0.47965425	0.47965425	25.0	4300	7.1891365	0.10838656	8.300014	5.2982063	-7.4582143	0.013986969	3371.1886019706726
173	0.22809517	0.0	0.22809517	0.22809517	25.0	4325	7.2116375	0.068498604	8.169328	6.7128	-7.505953	0.0074037095	3390.3763086795807
174	0.5632463	0.0	0.5632463	0.5632463	25.0	4350	7.233455	0.093733445	9.256576	6.517095	-7.545042	0.010375901	3409.953110218048
175	0.17109796	0.0	0.17109796	0.17109796	25.0	4375	7.257742	0.0926546	8.066711	6.3408847	-7.5396233	0.011894933	3429.2384655475616
176	0.82449734	0.0	0.82449734	0.82449734	25.0	4400	7.2793818	0.08570394	8.276892	6.5080814	-7.5598936	0.008959468	3448.5092051029205
177	0.7913473	0.0	0.7913473	0.7913473	25.0	4425	7.306327	0.09059631	8.602874	6.2390423	-7.583034	0.010014695	3467.8058795928955
178	0.15238483	0.0	0.15238483	0.15238483	25.0	4450	7.351022	0.09836248	8.454724	6.636165	-7.6445775	0.012254122	3487.3012058734894
179	0.540879	0.0	0.540879	0.540879	25.0	4475	7.396698	0.0905829	8.759368	6.679067	-7.705511	0.0106067825	3506.5719254016876
180	0.3708941	0.0	0.3708941	0.3708941	25.0	4500	7.433064	0.08634501	8.473399	6.6634374	-7.723318	0.009569205	3526.508179664612
181	0.09244438	0.0	0.09244438	0.09244438	25.0	4525	7.4629536	0.08898984	8.3530035	6.50432	-7.7392673	0.009509326	3545.862265110016
182	0.13609591	0.0	0.13609591	0.13609591	25.0	4550	7.494297	0.08454078	8.736196	7.1572967	-7.7714915	0.008918591	3565.099027633667
183	0.1825311	0.0	0.1825311	0.1825311	25.0	4575	7.5176415	0.07695426	8.577422	6.9938684	-7.8098345	0.008296684	3584.5395879745483
184	0.0	0.0	0.0	0.0	25.0	4600	7.541889	0.07632653	8.396028	6.939668	-7.8493333	0.009611151	3603.7839727401733
185	0.6060182	0.0	0.6060182	0.6060182	25.0	4625	7.563426	0.08803343	8.556022	6.973659	-7.856438	0.010969237	3623.0753676891327
186	0.1236358	0.0	0.1236358	0.1236358	25.0	4650	7.596218	0.09736434	9.490532	6.986339	-7.935506	0.010343832	3642.3473937511444
187	0.13328356	0.0	0.13328356	0.13328356	25.0	4675	7.6212597	0.07769175	8.549574	6.9051356	-7.982658	0.008094861	3661.6579315662384
188	0.30612314	0.0	0.30612314	0.30612314	25.0	4700	7.6615953	0.07075135	8.67371	7.275853	-7.9799953	0.007967716	3680.9011080265045
189	0.9912117	0.0	0.9912117	0.9912117	25.0	4725	7.697421	0.078861944	8.332034	7.248319	-7.9981165	0.0077838744	3700.0529634952545
190	0.6468906	0.0	0.6468906	0.6468906	25.0	4750	7.7327285	0.08558754	8.542546	6.927506	-8.066058	0.009113934	3719.9086380004883
191	0.0	0.0	0.0	0.0	25.0	4775	7.769869	0.081113145	8.652427	7.306999	-8.067277	0.00941296	3739.171631336212
192	0.1841524	0.0	0.1841524	0.1841524	25.0	4800	7.808774	0.08040495	8.904438	7.2970915	-8.133396	0.009038788	3758.380359649658
193	0.3037822	0.0	0.3037822	0.3037822	25.0	4825	7.840668	0.08052234	8.671536	7.2504992	-8.142853	0.008175463	3777.6349742412567
194	0.12713644	0.0	0.12713644	0.12713644	25.0	4850	7.8654456	0.076457195	8.568591	7.3691287	-8.159208	0.007291493	3796.8703138828278
195	0.13350256	0.0	0.13350256	0.13350256	25.0	4875	7.894946	0.07867389	8.570648	7.4401226	-8.206087	0.008270502	3816.144768714905
196	0.19353914	0.0	0.19353914	0.19353914	25.0	4900	7.9287148	0.08091784	8.719534	6.7995033	-8.252884	0.008991722	3835.453940153122
197	0.789695	0.0	0.789695	0.789695	25.0	4925	7.9603977	0.08998458	9.075366	7.473876	-8.24753	0.0099859545	3854.8372395038605
198	0.22626899	0.0	0.22626899	0.22626899	25.0	4950	7.9843297	0.083943576	9.237724	7.00988	-8.267277	0.009327402	3874.1258187294006
199	0.41093805	0.0	0.41093805	0.41093805	25.0	4975	8.012767	0.07669521	8.80337	7.643846	-8.338348	0.0074414476	3893.461359977722
200	0.0	0.0	0.0	0.0	25.0	5000	8.043941	0.089899324	9.123925	7.0692134	-8.361475	0.009679374	3913.485702753067
201	0.6013505	0.0	0.6013505	0.6013505	25.0	5025	8.068577	0.09094626	9.894494	7.237738	-8.406792	0.010350884	3932.7010066509247
202	0.2258143	0.0	0.2258143	0.2258143	25.0	5050	8.103074	0.11916237	9.154191	5.8513675	-8.454367	0.01627212	3952.0023090839386
203	0.0	0.0	0.0	0.0	25.0	5075	8.130487	0.08850027	9.354068	7.3986487	-8.483089	0.009938632	3971.147030353546
204	0.41903785	0.0	0.41903785	0.41903785	25.0	5100	8.160849	0.08961665	8.970441	7.3593035	-8.521897	0.011207669	3990.2671489715576
205	0.37888265	0.0	0.37888265	0.37888265	25.0	5125	8.193149	0.10272418	9.888845	7.201269	-8.529135	0.01158504	4009.545011281967
206	0.5140745	0.0	0.5140745	0.5140745	25.0	5150	8.2345085	0.098582	9.50894	7.3185434	-8.568618	0.011949071	4028.8651266098022
207	0.0	0.0	0.0	0.0	25.0	5175	8.274171	0.084742256	9.05555	7.3654914	-8.601748	0.01072253	4048.1722490787506
208	0.2584482	0.0	0.2584482	0.2584482	25.0	5200	8.312857	0.10216334	9.166708	7.0230217	-8.6167965	0.011959378	4067.3877997398376
209	0.08769708	0.0	0.08769708	0.08769708	25.0	5225	8.344154	0.10485516	9.618984	7.340076	-8.663468	0.012857491	4086.7099685668945
210	0.59623146	0.0	0.59623146	0.59623146	25.0	5250	8.374507	0.09793167	9.191254	7.276366	-8.696685	0.011131632	4106.482923030853
211	0.51340634	0.0	0.51340634	0.51340634	25.0	5275	8.413242	0.09955144	9.507276	7.459113	-8.73864	0.011242116	4125.690457582474
212	0.24115565	0.0	0.24115565	0.24115565	25.0	5300	8.443136	0.09256414	9.481785	7.3352838	-8.779337	0.010485943	4144.831427812576
213	0.3637283	0.0	0.3637283	0.3637283	25.0	5325	8.47645	0.08891774	9.4358015	7.766376	-8.795056	0.00967584	4164.017631530762
214	0.11802028	0.0	0.11802028	0.11802028	25.0	5350	8.508489	0.08783403	9.792005	7.8685393	-8.824367	0.009010408	4183.286435127258
215	0.0	0.0	0.0	0.0	25.0	5375	8.53641	0.09035859	9.3521595	7.413754	-8.862581	0.010780342	4202.554225444794
216	0.0015076542	0.0	0.0015076542	0.0015076542	25.0	5400	8.5638	0.09056883	9.565805	7.95023	-8.889761	0.00982953	4221.7672827243805
217	0.25221902	0.0	0.25221902	0.25221902	25.0	5425	8.602367	0.104195364	10.411639	7.734008	-8.943188	0.013222191	4240.991997718811
218	0.7247201	0.0	0.7247201	0.7247201	25.0	5450	8.629522	0.09495893	10.008002	8.008069	-8.965414	0.010725318	4260.165531635284
219	0.24237823	0.0	0.24237823	0.24237823	25.0	5475	8.658403	0.10641443	9.693378	7.025522	-8.987628	0.0140476255	4279.382539272308
220	0.1745866	0.0	0.1745866	0.1745866	25.0	5500	8.689583	0.095164455	9.778417	7.8219438	-9.020812	0.012349356	4299.185591220856
221	0.061872646	0.0	0.061872646	0.061872646	25.0	5525	8.720651	0.1227976	10.445124	7.45499	-9.041308	0.0152937425	4318.553407907486
222	0.0	0.0	0.0	0.0	25.0	5550	8.754289	0.087959796	9.655123	8.026679	-9.094273	0.010407819	4337.749685525894
223	0.0	0.0	0.0	0.0	25.0	5575	8.777926	0.08746205	9.569123	8.017316	-9.103613	0.010209854	4357.096853494644
224	0.5230872	0.0	0.5230872	0.5230872	25.0	5600	8.812379	0.13215381	10.1342745	5.6143465	-9.143182	0.01697954	4376.340625286102
225	0.13007736	0.0	0.13007736	0.13007736	25.0	5625	8.84215	0.10971863	10.548033	7.5860524	-9.170619	0.013182488	4395.589745044708
226	0.002158244	0.0	0.002158244	0.002158244	25.0	5650	8.873302	0.08941077	10.4102955	8.372502	-9.211696	0.009686016	4414.924803972244
227	1.0409681	0.0	1.0409681	1.0409681	25.0	5675	8.91269	0.10507427	9.907176	7.0460663	-9.249514	0.013314006	4434.228759050369
228	0.49021333	0.0	0.49021333	0.49021333	25.0	5700	8.94029	0.10554899	9.868635	7.6152954	-9.268	0.014460846	4453.7816870212555
229	0.05044625	0.0	0.05044625	0.05044625	25.0	5725	8.975437	0.13346976	12.219787	8.026487	-9.314357	0.02144995	4473.0028240680695
230	0.40923077	0.0	0.40923077	0.40923077	25.0	5750	9.003696	0.08822556	10.393916	8.500339	-9.33331	0.009758469	4492.877282619476
231	0.7566639	0.0	0.7566639	0.7566639	25.0	5775	9.032275	0.12816064	9.952001	5.713283	-9.385456	0.018489623	4512.396730422974
232	0.39081314	0.0	0.39081314	0.39081314	25.0	5800	9.071517	0.13294107	10.96265	7.584179	-9.422135	0.01914956	4531.845462560654
233	0.22123727	0.0	0.22123727	0.22123727	25.0	5825	9.110914	0.11444529	10.584643	7.944869	-9.449792	0.012716948	4551.102070569992
234	0.29934445	0.0	0.29934445	0.29934445	25.0	5850	9.132647	0.10190631	10.050634	8.1484165	-9.479489	0.012608363	4570.363341331482
235	0.58819777	0.0	0.58819777	0.58819777	25.0	5875	9.170521	0.11940101	10.636269	7.718549	-9.520866	0.017700724	4589.564666509628
236	0.123574905	0.0	0.123574905	0.123574905	25.0	5900	9.201826	0.099221274	10.36645	8.279797	-9.548814	0.012522462	4608.823405981064
237	0.8139257	0.0	0.8139257	0.8139257	25.0	5925	9.236893	0.08426787	9.893332	8.479606	-9.589927	0.009454169	4628.134588241577
238	0.35578772	0.0	0.35578772	0.35578772	25.0	5950	9.26943	0.1125573	10.384775	7.600232	-9.618227	0.014730615	4647.389328718185
239	0.12695223	0.0	0.12695223	0.12695223	25.0	5975	9.307408	0.08612277	10.675916	8.739219	-9.698134	0.009495636	4666.666938781738
240	0.70151126	0.0	0.70151126	0.70151126	25.0	6000	9.334905	0.096178874	10.166058	7.703091	-9.729804	0.012525293	4686.603145837784
241	0.11475456	0.0	0.11475456	0.11475456	25.0	6025	9.372057	0.10101839	10.363153	8.404088	-9.759597	0.012165402	4705.8082716465
242	0.42073637	0.0	0.42073637	0.42073637	25.0	6050	9.41518	0.11729308	11.3479805	8.095034	-9.792006	0.017265664	4724.977982521057
243	0.0	0.0	0.0	0.0	25.0	6075	9.455031	0.10142449	10.634564	7.8547845	-9.802069	0.0123781385	4744.171659708023
244	0.0	0.0	0.0	0.0	25.0	6100	9.500227	0.0884371	10.504472	8.8603325	-9.855207	0.010032221	4763.376731157303
245	0.03532533	0.0	0.03532533	0.03532533	25.0	6125	9.529452	0.084790565	10.49508	8.568496	-9.894387	0.00976466	4782.610590934753
246	0.25579974	0.0	0.25579974	0.25579974	25.0	6150	9.566622	0.086891234	10.326921	8.761986	-9.941941	0.0101692425	4802.003149986267
247	0.21267608	0.0	0.21267608	0.21267608	25.0	6175	9.608186	0.09361023	11.003699	8.895342	-10.002742	0.010318625	4821.31912279129
248	0.1585587	0.0	0.1585587	0.1585587	25.0	6200	9.646019	0.09699064	10.624504	8.297727	-10.057606	0.011243725	4840.553338289261
249	0.0	0.0	0.0	0.0	25.0	6225	9.683241	0.099637814	10.473609	8.080482	-10.074495	0.012712254	4859.830290317535
250	0.31558302	0.0	0.31558302	0.31558302	25.0	6250	9.722008	0.09126677	11.116245	9.012327	-10.120028	0.009350191	4879.715452194214
251	0.38680395	0.0	0.38680395	0.38680395	25.0	6275	9.756021	0.095533885	11.354619	8.896327	-10.150629	0.010258027	4898.874247074127
252	1.0605923	0.0	1.0605923	1.0605923	25.0	6300	9.807809	0.08649413	10.501811	8.5511	-10.206915	0.01025557	4918.1107342243195
253	0.053300492	0.0	0.053300492	0.053300492	25.0	6325	9.849894	0.079606794	10.882939	9.331897	-10.234769	0.009109149	4937.320639371872
254	0.31740597	0.0	0.31740597	0.31740597	25.0	6350	9.890685	0.09406393	10.969308	9.052924	-10.270846	0.009645976	4956.576211690903
255	0.5243672	0.0	0.5243672	0.5243672	25.0	6375	9.931297	0.087498546	10.685864	8.500641	-10.32454	0.010669678	4975.817267417908
256	0.0	0.0	0.0	0.0	25.0	6400	9.975213	0.098555475	10.866626	9.205751	-10.346162	0.011600421	4995.110358715057
257	0.22675169	0.0	0.22675169	0.22675169	25.0	6425	10.0058775	0.09515627	11.298607	9.292466	-10.380233	0.010377672	5014.3578770160675
258	0.18610048	0.0	0.18610048	0.18610048	25.0	6450	10.04517	0.09835089	11.281221	9.362065	-10.443713	0.011606853	5033.576221704483
259	0.50696445	0.0	0.50696445	0.50696445	25.0	6475	10.077662	0.10718196	12.090503	9.021124	-10.491901	0.013782222	5052.8130621910095
260	0.31081766	0.0	0.31081766	0.31081766	25.0	6500	10.116487	0.09206598	11.1406765	9.346792	-10.578924	0.010463792	5072.61878657341
261	0.0	0.0	0.0	0.0	25.0	6525	10.152915	0.137594	12.373996	7.1737714	-10.598325	0.021371357	5091.765390872955
262	0.03833792	0.0	0.03833792	0.03833792	25.0	6550	10.195644	0.09057172	11.303792	9.100718	-10.617021	0.010257784	5110.923645019531
263	0.0	0.0	0.0	0.0	25.0	6575	10.23857	0.08901332	11.152426	9.377204	-10.657057	0.010786016	5130.165282726288
264	0.6443406	0.0	0.6443406	0.6443406	25.0	6600	10.291072	0.15047024	13.552717	8.94948	-10.702849	0.024951128	5149.421044111252
265	1.2094405	0.0	1.2094405	1.2094405	25.0	6625	10.337815	0.13174395	11.8776865	7.7210402	-10.7123995	0.019387977	5168.607140541077
266	1.0635693	0.0	1.0635693	1.0635693	25.0	6650	10.377388	0.14974907	11.940088	6.8896627	-10.757214	0.024511851	5187.7986369133
267	0.09492317	0.0	0.09492317	0.09492317	25.0	6675	10.421416	0.12665556	12.987517	9.36211	-10.80499	0.017046167	5207.059719324112
268	1.5065234	0.0	1.5065234	1.5065234	25.0	6700	10.452945	0.13045382	13.710125	8.653496	-10.846781	0.020641597	5226.39083313942
269	0.14156802	0.0	0.14156802	0.14156802	25.0	6725	10.494199	0.11972402	12.285097	8.921241	-10.905473	0.017508171	5245.715826034546
270	0.19769599	0.0	0.19769599	0.19769599	25.0	6750	10.526392	0.14016408	11.848552	8.500153	-10.912533	0.020988943	5265.780328989029
271	0.72733355	0.0	0.72733355	0.72733355	25.0	6775	10.576447	0.11260601	12.237506	9.754235	-10.986935	0.015533179	5284.998104333878
272	0.0	0.0	0.0	0.0	25.0	6800	10.604281	0.1099699	12.026926	9.13565	-11.0549755	0.014973658	5304.247700929642
273	0.31349286	0.0	0.31349286	0.31349286	25.0	6825	10.646106	0.09413393	11.585921	9.394588	-11.082105	0.01336524	5323.48649764061
274	0.22954369	0.0	0.22954369	0.22954369	25.0	6850	10.684296	0.12501302	12.072615	9.174054	-11.141631	0.01848901	5342.778259038925
275	0.23595542	0.0	0.23595542	0.23595542	25.0	6875	10.727937	0.11797384	12.130856	9.705478	-11.164616	0.014125271	5362.002951622009
276	0.39939496	0.0	0.39939496	0.39939496	25.0	6900	10.763174	0.12738651	12.136062	7.8969655	-11.208497	0.017866945	5381.2617564201355
277	0.26236278	0.0	0.26236278	0.26236278	25.0	6925	10.813996	0.11656463	12.375159	9.30338	-11.251033	0.014783756	5400.605553627014
278	0.37326473	0.0	0.37326473	0.37326473	25.0	6950	10.8699255	0.120067716	11.848216	9.313086	-11.299277	0.017067855	5419.898147106171
279	0.28160718	0.0	0.28160718	0.28160718	25.0	6975	10.907041	0.10930119	11.589906	9.938597	-11.362901	0.014156052	5439.237557888031
280	0.07569558	0.0	0.07569558	0.07569558	25.0	7000	10.949131	0.08896579	11.947098	10.106194	-11.3858595	0.01058811	5459.293609857559
281	0.20853788	0.0	0.20853788	0.20853788	25.0	7025	11.001168	0.09614293	12.507067	9.740638	-11.436016	0.012630455	5478.504363298416
282	0.8671775	0.0	0.8671775	0.8671775	25.0	7050	11.039425	0.104555875	12.617608	10.326375	-11.527092	0.012806705	5497.654462814331
283	0.3821328	0.0	0.3821328	0.3821328	25.0	7075	11.084441	0.12218903	13.774171	9.2828045	-11.592999	0.019332204	5516.87078499794
284	0.24304536	0.0	0.24304536	0.24304536	25.0	7100	11.122446	0.10569524	12.569025	10.398365	-11.606521	0.013186498	5536.160504579544
285	0.07601649	0.0	0.07601649	0.07601649	25.0	7125	11.16841	0.10830397	12.291121	10.359647	-11.6499195	0.013748237	5555.457831144333
286	0.2457182	0.0	0.2457182	0.2457182	25.0	7150	11.217866	0.089871965	11.987266	10.70273	-11.712027	0.010051834	5574.69251203537
287	0.41603732	0.0	0.41603732	0.41603732	25.0	7175	11.275727	0.10693558	12.637076	9.850761	-11.759838	0.013641976	5594.037046432495
288	0.0	0.0	0.0	0.0	25.0	7200	11.334482	0.11772499	13.048517	10.38615	-11.818157	0.013763776	5613.36439204216
289	0.2813437	0.0	0.2813437	0.2813437	25.0	7225	11.389313	0.103138305	12.994803	10.451489	-11.841886	0.014822441	5632.657804965973
290	0.61550677	0.0	0.61550677	0.61550677	25.0	7250	11.432112	0.108127385	12.240003	9.423452	-11.890778	0.014683435	5652.6210079193115
291	0.20610152	0.0	0.20610152	0.20610152	25.0	7275	11.490545	0.10677116	12.404189	10.793763	-11.936506	0.014593814	5671.787213563919
292	0.21791077	0.0	0.21791077	0.21791077	25.0	7300	11.54203	0.093585506	12.489433	10.630777	-12.009054	0.011326454	5691.018864870071
293	0.03601258	0.0	0.03601258	0.03601258	25.0	7325	11.585041	0.101817176	12.435501	10.415065	-12.068922	0.013260257	5710.261942386627
294	0.40427506	0.0	0.40427506	0.40427506	25.0	7350	11.638486	0.1075803	13.5285225	10.200874	-12.103252	0.014826527	5729.555677175522
295	0.3147638	0.0	0.3147638	0.3147638	25.0	7375	11.672564	0.12773572	12.937636	10.777419	-12.175712	0.021435114	5748.838531732559
296	0.17080396	0.0	0.17080396	0.17080396	25.0	7400	11.730081	0.121444814	13.353298	10.46435	-12.162828	0.01747284	5768.121278047562
297	0.1881777	0.0	0.1881777	0.1881777	25.0	7425	11.765811	0.108016014	12.501446	10.861548	-12.206861	0.016173279	5787.479540109634
298	0.56534094	0.0	0.56534094	0.56534094	25.0	7450	11.817566	0.107415274	12.831834	10.588975	-12.27155	0.0137239015	5806.820416212082
299	0.18769856	0.0	0.18769856	0.18769856	25.0	7475	11.868036	0.11419252	13.424723	10.197614	-12.303065	0.0155530395	5826.063541650772
300	0.26592195	0.0	0.26592195	0.26592195	25.0	7500	11.905532	0.10521645	13.146988	10.995297	-12.396523	0.01365816	5846.079457998276
301	0.47925213	0.0	0.47925213	0.47925213	25.0	7525	11.960454	0.11616757	13.323629	10.131258	-12.604153	0.016360916	5865.356418848038
302	0.2833381	0.0	0.2833381	0.2833381	25.0	7550	11.998065	0.10695793	13.418106	10.408091	-12.649969	0.014009058	5884.686527967453
303	1.0198818	0.0	1.0198818	1.0198818	25.0	7575	12.041094	0.106420375	13.540556	11.100979	-12.750567	0.013903868	5903.984707355499
304	0.036305904	0.0	0.036305904	0.036305904	25.0	7600	12.087057	0.11395529	13.822071	11.381461	-12.830575	0.0158428	5923.286050796509
305	0.07084874	0.0	0.07084874	0.07084874	25.0	7625	12.152161	0.11989448	14.007638	10.531123	-13.4388075	0.014548812	5942.496238708496
306	0.3789518	0.0	0.3789518	0.3789518	25.0	7650	12.312329	0.12404484	13.689039	11.255657	-13.939973	0.015981726	5961.73343038559
307	0.3552779	0.0	0.3552779	0.3552779	25.0	7675	12.437757	0.13056451	13.670262	11.522627	-13.38535	0.017706966	5981.068980932236
308	0.68574435	0.0	0.68574435	0.68574435	25.0	7700	12.6007805	0.13672967	14.741378	11.085265	-13.288708	0.01539467	6000.342476844788
309	0.5557748	0.0	0.5557748	0.5557748	25.0	7725	12.817766	0.12820353	13.779234	11.741753	-13.494463	0.0139292665	6019.646655321121
310	0.5684477	0.0	0.5684477	0.5684477	25.0	7750	13.1544285	0.15341455	14.052174	11.797573	-13.87673	0.018038822	6039.609925270081
311	0.15016761	0.0	0.15016761	0.15016761	25.0	7775	13.318833	0.13936512	15.117975	11.932449	-13.903821	0.022225909	6058.914450645447
312	0.19118476	0.0	0.19118476	0.19118476	25.0	7800	13.382461	0.118531086	15.032352	11.386297	-14.01342	0.017257974	6078.097544431686
313	0.37504044	0.0	0.37504044	0.37504044	25.0	7825	13.464938	0.13433231	15.638205	11.455145	-14.112383	0.019657997	6097.2069346904755
314	0.4065993	0.0	0.4065993	0.4065993	25.0	7850	13.541675	0.1297192	15.3061	12.439745	-14.219378	0.01937142	6116.431822538376
315	0.6409778	0.0	0.6409778	0.6409778	25.0	7875	13.587876	0.1700153	16.229248	11.864802	-14.379243	0.029606469	6135.70988035202
316	1.1951067	0.0	1.1951067	1.1951067	25.0	7900	13.62543	0.15019988	15.291474	12.0981245	-14.475617	0.026728015	6154.939877986908
317	0.008254863	0.0	0.008254863	0.008254863	25.0	7925	13.6768	0.14062177	15.466621	12.565899	-14.44936	0.023657842	6174.264308929443
318	0.12843871	0.0	0.12843871	0.12843871	25.0	7950	13.734706	0.18953231	16.230341	11.224295	-14.411583	0.03912278	6193.65713596344
319	0.19478008	0.0	0.19478008	0.19478008	25.0	7975	13.821672	0.1423094	14.672473	11.146526	-14.369158	0.021345412	6212.893871307373
320	0.927472	0.0	0.927472	0.927472	25.0	8000	14.010189	0.19500934	16.194769	12.331133	-14.532676	0.037030503	6233.051243305206
321	0.38068894	0.0	0.38068894	0.38068894	25.0	8025	14.14045	0.17601696	16.615221	11.705686	-14.725201	0.033662274	6252.299521446228
322	0.27736858	0.0	0.27736858	0.27736858	25.0	8050	14.223139	0.16657153	17.063557	12.244163	-14.791041	0.031539317	6271.534266471863
323	0.18076979	0.0	0.18076979	0.18076979	25.0	8075	14.281292	0.11819689	16.041876	13.63898	-14.869447	0.016115842	6290.764040708542
324	0.40157437	0.0	0.40157437	0.40157437	25.0	8100	14.319502	0.16764401	16.189236	12.088614	-14.888472	0.0308849	6310.079216241837
325	0.28331387	0.0	0.28331387	0.28331387	25.0	8125	14.35773	0.21005741	16.657557	10.801471	-14.92347	0.0459707	6329.357860565186
326	0.100944415	0.0	0.100944415	0.100944415	25.0	8150	14.426927	0.1752409	17.01015	12.763646	-14.970678	0.031645473	6348.632564783096
327	0.29276013	0.0	0.29276013	0.29276013	25.0	8175	14.469897	0.1375548	15.831395	11.984576	-14.9849205	0.021005077	6367.885227918625
328	0.74075484	0.0	0.74075484	0.74075484	25.0	8200	14.515999	0.10336115	15.139755	13.099443	-15.040174	0.014304161	6387.112586021423
329	0.35710886	0.0	0.35710886	0.35710886	25.0	8225	14.567583	0.14976235	16.473598	12.758342	-15.075918	0.024810765	6406.218533277512
330	0.27026135	0.0	0.27026135	0.27026135	25.0	8250	14.611844	0.1312266	15.607181	12.526782	-15.144674	0.020106087	6426.182355642319
331	0.0	0.0	0.0	0.0	25.0	8275	14.660632	0.1450929	16.239357	12.401199	-15.212058	0.024842568	6445.43014216423
332	0.024782157	0.0	0.024782157	0.024782157	25.0	8300	14.712878	0.13408498	16.21072	13.739075	-15.264231	0.019433033	6464.733833312988
333	0.107256204	0.0	0.107256204	0.107256204	25.0	8325	14.76135	0.17699823	16.690569	11.981272	-15.335053	0.03098941	6484.833990097046
334	0.3080359	0.0	0.3080359	0.3080359	25.0	8350	14.823225	0.15181604	17.036142	12.996448	-15.371591	0.025934344	6503.999924182892
335	0.36887386	0.0	0.36887386	0.36887386	25.0	8375	14.86867	0.12617338	16.761255	13.773581	-15.403757	0.020717375	6523.273886203766
336	0.41237256	0.0	0.41237256	0.41237256	25.0	8400	14.922864	0.17762703	19.96245	13.816654	-15.462543	0.03337796	6542.542788743973
337	1.5165596	0.0	1.5165596	1.5165596	25.0	8425	14.976721	0.1509575	15.941818	13.49207	-15.523652	0.026920589	6561.671978235245
338	0.6581475	0.0	0.6581475	0.6581475	25.0	8450	15.019854	0.22225083	17.198402	8.563665	-15.5936165	0.05045818	6580.82680273056
339	0.9562878	0.0	0.9562878	0.9562878	25.0	8475	15.08025	0.12586252	16.479399	14.475818	-15.659651	0.018084165	6599.986330747604
340	0.0036336703	0.0	0.0036336703	0.0036336703	25.0	8500	15.128177	0.12894858	16.220161	13.993535	-15.685551	0.018966306	6620.991683721542
341	0.01792461	0.0	0.01792461	0.01792461	25.0	8525	15.179744	0.13325037	16.313313	13.118252	-15.758082	0.019498654	6640.185062646866
342	0.7528135	0.0	0.7528135	0.7528135	25.0	8550	15.240392	0.16914219	19.548183	14.035067	-15.81185	0.03203933	6659.457553863525
343	0.5029725	0.0	0.5029725	0.5029725	25.0	8575	15.286427	0.12681551	16.022354	13.513426	-15.854872	0.020053202	6679.055726766586
344	0.34723905	0.0	0.34723905	0.34723905	25.0	8600	15.343656	0.12601382	16.941526	13.946184	-15.917896	0.017264444	6698.2256145477295
345	0.38412368	0.0	0.38412368	0.38412368	25.0	8625	15.395958	0.13179928	17.136942	14.027455	-15.9672365	0.019715576	6717.480094671249
346	0.4559927	0.0	0.4559927	0.4559927	25.0	8650	15.442063	0.10150875	16.404844	14.611401	-16.009651	0.012644733	6736.811913013458
347	0.3707714	0.0	0.3707714	0.3707714	25.0	8675	15.503997	0.1711384	17.154085	13.060186	-16.082037	0.029935949	6756.037639141083
348	0.3632014	0.0	0.3632014	0.3632014	25.0	8700	15.549727	0.1496768	16.42605	11.989734	-16.124607	0.026503718	6775.16548037529
349	0.49543428	0.0	0.49543428	0.49543428	25.0	8725	15.611364	0.14954755	17.523134	13.417711	-16.187092	0.024606893	6794.491973876953
350	0.61534745	0.0	0.61534745	0.61534745	25.0	8750	15.656546	0.10687936	16.39129	14.441666	-16.240704	0.013889985	6814.49826002121
351	0.14266077	0.0	0.14266077	0.14266077	25.0	8775	15.720929	0.12603766	18.149862	14.628254	-16.312956	0.01871925	6833.641941547394
352	0.23319125	0.0	0.23319125	0.23319125	25.0	8800	15.766065	0.15655217	16.791634	12.184209	-16.325712	0.026859017	6853.055781364441
353	0.17034782	0.0	0.17034782	0.17034782	25.0	8825	15.8241825	0.12138894	17.137037	14.205615	-16.396425	0.017912257	6872.1732449531555
354	0.49516395	0.0	0.49516395	0.49516395	25.0	8850	15.875382	0.13012178	18.117035	14.61292	-16.45977	0.019042263	6891.322082996368
355	0.0	0.0	0.0	0.0	25.0	8875	15.929791	0.13482107	16.994091	14.167855	-16.544258	0.021702109	6910.765699625015
356	0.27928796	0.0	0.27928796	0.27928796	25.0	8900	15.987408	0.14204495	17.367945	13.82115	-16.592632	0.021782115	6929.921436548233
357	0.7966772	0.0	0.7966772	0.7966772	25.0	8925	16.044535	0.131538	18.27885	15.14349	-16.633467	0.019790273	6949.127402067184
358	0.27643687	0.0	0.27643687	0.27643687	25.0	8950	16.101345	0.1381584	17.42889	14.5044365	-16.685785	0.023257237	6969.2279896736145
359	0.5681739	0.0	0.5681739	0.5681739	25.0	8975	16.156933	0.15073384	17.989075	14.116633	-16.773815	0.023857139	6988.381900072098
360	0.44540724	0.0	0.44540724	0.44540724	25.0	9000	16.213057	0.10632946	17.237608	15.284313	-16.813114	0.015169147	7008.304316043854
361	0.18711166	0.0	0.18711166	0.18711166	25.0	9025	16.26788	0.11486521	17.531452	15.723691	-16.851982	0.014526916	7028.436287164688
362	0.2388606	0.0	0.2388606	0.2388606	25.0	9050	16.327272	0.11543402	17.000383	15.788156	-16.920105	0.01658424	7047.590524196625
363	0.38721862	0.0	0.38721862	0.38721862	25.0	9075	16.378288	0.13414136	18.217594	14.964314	-16.981457	0.017056366	7066.727658510208
364	0.26372495	0.0	0.26372495	0.26372495	25.0	9100	16.424572	0.12921493	17.992617	14.651995	-17.046242	0.020387027	7086.764276981354
365	0.20471919	0.0	0.20471919	0.20471919	25.0	9125	16.495491	0.12290177	18.324583	16.00636	-17.100847	0.016028797	7105.92394900322
366	0.13827698	0.0	0.13827698	0.13827698	25.0	9150	16.54671	0.1075987	17.0889	15.644233	-17.16693	0.014080231	7125.101315975189
367	0.06505586	0.0	0.06505586	0.06505586	25.0	9175	16.599604	0.1527767	18.67328	15.641405	-17.215149	0.024719128	7144.239637374878
368	0.36877304	0.0	0.36877304	0.36877304	25.0	9200	16.66108	0.12065504	18.180435	15.118731	-17.300373	0.016859135	7163.372596025467
369	0.3817254	0.0	0.3817254	0.3817254	25.0	9225	16.721724	0.13050243	17.857065	15.414114	-17.311132	0.019805908	7182.468027353287
370	0.24414702	0.0	0.24414702	0.24414702	25.0	9250	16.76893	0.1797635	18.732203	15.384078	-17.394594	0.03553522	7203.508853197098
371	0.009389377	0.0	0.009389377	0.009389377	25.0	9275	16.836586	0.15648805	18.495749	14.993521	-17.471746	0.026975932	7222.732552051544
372	0.55834234	0.0	0.55834234	0.55834234	25.0	9300	16.887087	0.123670794	18.391066	15.737079	-17.514807	0.01637343	7241.886103630066
373	0.25511616	0.0	0.25511616	0.25511616	25.0	9325	16.946444	0.15042058	18.2723	15.802716	-17.59205	0.024401627	7261.331917524338
374	0.6434582	0.0	0.6434582	0.6434582	25.0	9350	17.009642	0.11861692	17.935186	16.381516	-17.625616	0.01625138	7280.5158812999725
375	0.5830089	0.0	0.5830089	0.5830089	25.0	9375	17.065512	0.13395555	18.77128	15.738824	-17.694075	0.021666056	7299.617547273636
376	0.2901203	0.0	0.2901203	0.2901203	25.0	9400	17.127592	0.14754513	19.021833	15.504688	-17.773582	0.023286162	7318.820270776749
377	0.56711197	0.0	0.56711197	0.56711197	25.0	9425	17.181694	0.14234738	18.534887	15.1539955	-17.82028	0.022558274	7338.464866638184
378	0.3395497	0.0	0.3395497	0.3395497	25.0	9450	17.237867	0.1395078	18.271	16.089178	-17.881155	0.022160038	7357.654279470444
379	0.082955725	0.0	0.082955725	0.082955725	25.0	9475	17.297949	0.12687273	18.939941	15.724256	-17.945	0.019767407	7376.872581720352
380	0.20278172	0.0	0.20278172	0.20278172	25.0	9500	17.363441	0.13593243	19.246817	16.765425	-17.9981	0.020334413	7397.041873455048
381	0.37950835	0.0	0.37950835	0.37950835	25.0	9525	17.417934	0.12604852	18.64615	16.387333	-18.070955	0.018103011	7416.200089454651
382	0.86412174	0.0	0.86412174	0.86412174	25.0	9550	17.479826	0.1169909	18.698875	16.092302	-18.130363	0.018568972	7435.425416231155
383	0.29342204	0.0	0.29342204	0.29342204	25.0	9575	17.54246	0.1146301	19.503223	17.222092	-18.188236	0.01501757	7454.728335380554
384	0.14399464	0.0	0.14399464	0.14399464	25.0	9600	17.600489	0.15089463	19.10106	15.8993	-18.27124	0.025427341	7473.991171598434
385	0.20633446	0.0	0.20633446	0.20633446	25.0	9625	17.655666	0.14704813	20.481369	16.508827	-18.304546	0.02346823	7493.1728951931
386	0.028934702	0.0	0.028934702	0.028934702	25.0	9650	17.724909	0.13852116	19.393055	16.340887	-18.381975	0.023600398	7512.353790998459
387	0.52555525	0.0	0.52555525	0.52555525	25.0	9675	17.788061	0.15392777	19.93877	16.53118	-18.459023	0.02703087	7531.560589551926
388	0.5787221	0.0	0.5787221	0.5787221	25.0	9700	17.845352	0.13323931	18.90911	16.003363	-18.482027	0.020830946	7550.663869380951
389	0.43025866	0.0	0.43025866	0.43025866	25.0	9725	17.906513	0.13752924	19.135685	16.678455	-18.575443	0.020857975	7569.759791135788
390	0.5480907	0.0	0.5480907	0.5480907	25.0	9750	17.96319	0.15193151	20.228306	16.4811	-18.638054	0.024533706	7589.884811401367
391	0.9670561	0.0	0.9670561	0.9670561	25.0	9775	18.026531	0.16176192	19.60917	16.177458	-18.686493	0.029320898	7608.987207174301
392	0.7815711	0.0	0.7815711	0.7815711	25.0	9800	18.086023	0.1477119	19.292444	15.900448	-18.749182	0.023183407	7628.194564580917
393	0.4250796	0.0	0.4250796	0.4250796	25.0	9825	18.145739	0.19185778	20.764502	14.435227	-18.839169	0.038659386	7647.36491560936
394	0.0	0.0	0.0	0.0	25.0	9850	18.211874	0.22305991	23.020954	14.06395	-18.88329	0.049092814	7666.646931886673
395	0.6386293	0.0	0.6386293	0.6386293	25.0	9875	18.272745	0.20180431	21.309538	14.454494	-18.955336	0.04255423	7685.791792631149
396	0.97859955	0.0	0.97859955	0.97859955	25.0	9900	18.33539	0.18549518	20.594854	14.438333	-19.03977	0.03903737	7704.935317277908
397	0.29243407	0.0	0.29243407	0.29243407	25.0	9925	18.407791	0.16722153	21.907204	16.657217	-19.09156	0.029503575	7724.049248456955
398	0.07641507	0.0	0.07641507	0.07641507	25.0	9950	18.461567	0.16145627	20.783539	16.500797	-19.156551	0.031678837	7743.226998806
399	0.5875097	0.0	0.5875097	0.5875097	25.0	9975	18.538092	0.17961654	21.380001	16.57188	-19.229866	0.034044214	7762.461729764938
400	0.24458523	0.0	0.24458523	0.24458523	25.0	10000	18.59261	0.14320384	20.6063	17.35633	-19.297956	0.024197083	7782.503066778183
401	0.35881484	0.0	0.35881484	0.35881484	25.0	10025	18.657442	0.16523246	19.983185	16.024147	-19.351093	0.032612998	7801.711228132248
402	0.04240726	0.0	0.04240726	0.04240726	25.0	10050	18.729544	0.17525709	20.83434	17.64919	-19.411951	0.033226136	7820.860047340393
403	0.17534752	0.0	0.17534752	0.17534752	25.0	10075	18.77957	0.19137412	21.493402	15.890928	-19.483458	0.03959489	7840.067700624466
404	0.61218643	0.0	0.61218643	0.61218643	25.0	10100	18.85053	0.15027253	20.5904	17.261606	-19.553307	0.024557248	7859.296456575394
405	0.28560454	0.0	0.28560454	0.28560454	25.0	10125	18.91462	0.16304098	22.32406	17.80196	-19.619976	0.026827337	7878.38177895546
406	0.29028428	0.0	0.29028428	0.29028428	25.0	10150	18.984264	0.14206189	20.609713	17.55731	-19.685213	0.023567185	7897.53338599205
407	0.19698402	0.0	0.19698402	0.19698402	25.0	10175	19.045198	0.2086982	24.339321	17.213762	-19.765738	0.043570027	7916.676258802414
408	0.1948198	0.0	0.1948198	0.1948198	25.0	10200	19.1117	0.17264324	20.991	17.129719	-19.824263	0.030477226	7935.96734213829
409	0.16259186	0.0	0.16259186	0.16259186	25.0	10225	19.175947	0.18068132	21.3486	16.438	-19.88881	0.037148222	7955.099688529968
410	0.47399288	0.0	0.47399288	0.47399288	25.0	10250	19.248297	0.15156622	21.447376	17.942595	-19.96217	0.025606008	7975.460565805435
411	0.14330465	0.0	0.14330465	0.14330465	25.0	10275	19.306566	0.17905332	22.298992	17.46607	-20.025774	0.033502106	7994.548098087311
412	0.3871159	0.0	0.3871159	0.3871159	25.0	10300	19.370625	0.15138091	21.068089	17.575329	-20.094627	0.025500484	8013.706629753113
413	0.48234016	0.0	0.48234016	0.48234016	25.0	10325	19.443256	0.13262343	20.874403	18.380423	-20.158438	0.02109485	8032.883788347244
414	0.3988884	0.0	0.3988884	0.3988884	25.0	10350	19.511526	0.15400149	20.633795	18.01776	-20.249733	0.02598237	8052.100017309189
415	0.0623154	0.0	0.0623154	0.0623154	25.0	10375	19.578663	0.1585353	21.59983	18.088531	-20.305283	0.029156452	8071.190287351608
416	0.4263428	0.0	0.4263428	0.4263428	25.0	10400	19.643805	0.15765387	20.69682	17.963293	-20.376925	0.0279274	8090.29105257988
417	0.62513816	0.0	0.62513816	0.62513816	25.0	10425	19.704805	0.17979199	21.857817	16.233004	-20.44559	0.035877157	8109.475212335587
418	0.5427883	0.0	0.5427883	0.5427883	25.0	10450	19.780207	0.14279075	21.189276	19.16854	-20.506685	0.020240312	8128.678666353226
419	0.0	0.0	0.0	0.0	25.0	10475	19.843365	0.14434278	21.989746	18.766792	-20.57421	0.02033806	8147.837548971176
420	0.96925265	0.0	0.96925265	0.96925265	25.0	10500	19.912676	0.15691644	21.989166	18.84751	-20.649025	0.024922147	8167.975359678268
421	0.31674945	0.0	0.31674945	0.31674945	25.0	10525	19.97776	0.14009897	21.555344	19.027435	-20.730242	0.023458319	8187.190602064133
422	0.87759763	0.0	0.87759763	0.87759763	25.0	10550	20.05141	0.15285209	22.385462	18.51137	-20.810389	0.025186647	8206.308895111084
423	0.2579967	0.0	0.2579967	0.2579967	25.0	10575	20.116184	0.1357251	21.942533	18.80033	-20.86574	0.020622313	8225.604444503784
424	0.7097149	0.0	0.7097149	0.7097149	25.0	10600	20.187447	0.13598901	21.543076	18.388422	-20.951027	0.021917112	8244.839899778366
425	1.0290737	0.0	1.0290737	1.0290737	25.0	10625	20.262283	0.14957646	23.184301	19.189117	-21.035427	0.025546465	8264.053668498993
426	0.0	0.0	0.0	0.0	25.0	10650	20.329445	0.16706055	22.736528	19.371445	-21.077322	0.027799368	8283.227647542953
427	0.5106732	0.0	0.5106732	0.5106732	25.0	10675	20.396925	0.16989481	21.804615	18.495367	-21.163776	0.033147994	8302.467061758041
428	0.30269548	0.0	0.30269548	0.30269548	25.0	10700	20.475857	0.19065239	23.395124	17.05935	-21.236523	0.03712379	8321.65427184105
429	0.0	0.0	0.0	0.0	25.0	10725	20.535345	0.15317197	22.813847	19.284145	-21.305279	0.023948336	8340.826314210892
430	1.0267851	0.0	1.0267851	1.0267851	25.0	10750	20.61186	0.13844778	21.949368	19.011305	-21.387243	0.023243846	8361.088368654251
431	0.46885535	0.0	0.46885535	0.46885535	25.0	10775	20.686035	0.18818882	23.023277	18.530523	-21.455244	0.037040703	8380.259057044983
432	0.13064696	0.0	0.13064696	0.13064696	25.0	10800	20.749826	0.1715443	23.13292	19.894745	-21.505413	0.030790584	8399.47506904602
433	0.2899786	0.0	0.2899786	0.2899786	25.0	10825	20.81569	0.146487	22.62105	18.832382	-21.594454	0.025176877	8418.640695095062
434	0.577105	0.0	0.577105	0.577105	25.0	10850	20.891994	0.16070159	22.529898	18.914667	-21.673956	0.028258147	8437.858392953873
435	0.40952516	0.0	0.40952516	0.40952516	25.0	10875	20.963423	0.16612352	23.0657	19.986195	-21.72738	0.02771318	8457.048226356506
436	0.27448812	0.0	0.27448812	0.27448812	25.0	10900	21.034973	0.18014446	22.360352	18.88879	-21.81159	0.03605155	8476.119873285294
437	0.10993111	0.0	0.10993111	0.10993111	25.0	10925	21.1039	0.14597955	23.222425	20.218699	-21.904243	0.022596754	8495.237734794617
438	0.5625243	0.0	0.5625243	0.5625243	25.0	10950	21.181267	0.15850693	22.737661	18.861784	-21.962156	0.027603278	8514.30557179451
439	0.0	0.0	0.0	0.0	25.0	10975	21.245691	0.18453251	23.283169	18.681839	-22.036497	0.036420956	8533.510420084
440	0.7398576	0.0	0.7398576	0.7398576	25.0	11000	21.32327	0.19654109	22.732098	20.24615	-22.113873	0.04150403	8553.639770030975
441	0.6474537	0.0	0.6474537	0.6474537	25.0	11025	21.398027	0.18428631	23.619078	20.031666	-22.200796	0.036881316	8572.842448949814
442	0.40099135	0.0	0.40099135	0.40099135	25.0	11050	21.475122	0.15862392	23.475954	19.802412	-22.265165	0.028933428	8592.064393997192
443	0.07636815	0.0	0.07636815	0.07636815	25.0	11075	21.534706	0.17310478	23.08661	19.544048	-22.354053	0.031008748	8611.191819667816
444	0.39953235	0.0	0.39953235	0.39953235	25.0	11100	21.62039	0.2017287	25.821453	19.547493	-22.442827	0.042034335	8630.319235563278
445	0.16713694	0.0	0.16713694	0.16713694	25.0	11125	21.688858	0.17416495	23.475037	20.04642	-22.47446	0.033329584	8649.488166093826
446	0.0	0.0	0.0	0.0	25.0	11150	21.75669	0.23662259	23.792406	15.34616	-22.571955	0.0587415	8668.727263450623
447	0.029396035	0.0	0.029396035	0.029396035	25.0	11175	21.837757	0.1977278	23.989061	19.719532	-22.653078	0.041347526	8687.830704927444
448	1.0765846	0.0	1.0765846	1.0765846	25.0	11200	21.918852	0.15096599	23.685343	21.043173	-22.716148	0.025390116	8706.979692697525
449	0.39504033	0.0	0.39504033	0.39504033	25.0	11225	21.982098	0.20437159	24.581306	19.862095	-22.80303	0.043774378	8726.134930372238
450	0.5645607	0.0	0.5645607	0.5645607	25.0	11250	22.054102	0.16676465	23.099358	19.825073	-22.89005	0.029932577	8746.317148208618
451	0.15517701	0.0	0.15517701	0.15517701	25.0	11275	22.133745	0.14859666	23.467922	20.833275	-22.957945	0.02420444	8765.48129272461
452	0.6266214	0.0	0.6266214	0.6266214	25.0	11300	22.208384	0.23267265	28.813374	20.384548	-23.031414	0.055587493	8784.66693353653
453	0.47968447	0.0	0.47968447	0.47968447	25.0	11325	22.26356	0.20990348	23.562801	18.483955	-23.09313	0.046984162	8803.825343132019
454	0.0322293	0.0	0.0322293	0.0322293	25.0	11350	22.33638	0.17117193	25.130396	20.235691	-23.172424	0.031356934	8823.044986009598
455	0.21405974	0.0	0.21405974	0.21405974	25.0	11375	22.407072	0.15118374	24.186024	21.186718	-23.241056	0.024499152	8842.205340623856
456	0.79102284	0.0	0.79102284	0.79102284	25.0	11400	22.468176	0.15211232	23.703552	20.89658	-23.309507	0.026344988	8861.397276639938
457	0.41835287	0.0	0.41835287	0.41835287	25.0	11425	22.55009	0.17374152	24.952835	20.948837	-23.38614	0.03091778	8880.650670528412
458	0.15971258	0.0	0.15971258	0.15971258	25.0	11450	22.61934	0.17194436	24.056248	21.250885	-23.46005	0.03353889	8899.90810251236
459	0.31024027	0.0	0.31024027	0.31024027	25.0	11475	22.70089	0.19035459	25.141876	19.899702	-23.55925	0.03857131	8919.116289138794
460	0.08397441	0.0	0.08397441	0.08397441	25.0	11500	22.781021	0.18240693	25.296606	21.275259	-23.637169	0.03529029	8939.357233762741
461	0.24003415	0.0	0.24003415	0.24003415	25.0	11525	22.859608	0.16635552	24.456387	21.551558	-23.706532	0.03330392	8958.54963684082
462	0.99664634	0.0	0.99664634	0.99664634	25.0	11550	22.93525	0.15861064	23.995815	21.365808	-23.791594	0.02809186	8977.667850971222
463	0.4156732	0.0	0.4156732	0.4156732	25.0	11575	23.014332	0.16096391	25.09852	21.806866	-23.87124	0.028153293	8996.850233793259
464	0.6423071	0.0	0.6423071	0.6423071	25.0	11600	23.09094	0.13950467	24.636522	21.87818	-23.955051	0.021653697	9016.121814012527
465	0.23011142	0.0	0.23011142	0.23011142	25.0	11625	23.173922	0.16706441	25.642353	21.453125	-24.034906	0.029342249	9035.287730932236
466	0.16978268	0.0	0.16978268	0.16978268	25.0	11650	23.255766	0.21689847	26.28744	20.62544	-24.125044	0.049425058	9054.442100048065
467	0.6482677	0.0	0.6482677	0.6482677	25.0	11675	23.328407	0.20373976	26.613283	20.7339	-24.189503	0.046808995	9073.660079717636
468	0.45365715	0.0	0.45365715	0.45365715	25.0	11700	23.407814	0.17406535	25.398642	21.731833	-24.284775	0.033392977	9092.806370973587
469	0.45637277	0.0	0.45637277	0.45637277	25.0	11725	23.490398	0.14452116	24.947908	22.036484	-24.37552	0.022533875	9111.879505634308
470	0.80151606	0.0	0.80151606	0.80151606	25.0	11750	23.571861	0.19559714	26.95169	20.10662	-24.445284	0.041812304	9132.095445156097
471	0.39334404	0.0	0.39334404	0.39334404	25.0	11775	23.653355	0.21566164	27.197248	21.188772	-24.537888	0.0464998	9151.244288682938
472	0.712157	0.0	0.712157	0.712157	25.0	11800	23.730213	0.17749497	25.745726	21.63621	-24.62718	0.032524116	9170.38857960701
473	0.03678072	0.0	0.03678072	0.03678072	25.0	11825	23.807528	0.19882014	26.062057	20.628504	-24.687544	0.04476665	9189.441692352295
474	0.16006309	0.0	0.16006309	0.16006309	25.0	11850	23.905712	0.22355467	26.514585	20.952295	-24.782951	0.051215257	9208.628974676132
475	0.0	0.0	0.0	0.0	25.0	11875	23.969927	0.20895796	26.211132	20.710878	-24.885866	0.045773163	9227.710749149323
476	0.763235	0.0	0.763235	0.763235	25.0	11900	24.05938	0.19794874	26.091707	19.41622	-24.956264	0.041431904	9246.842774868011
477	0.0	0.0	0.0	0.0	25.0	11925	24.142088	0.17214985	26.420574	21.882969	-25.042038	0.030561414	9265.978725910187
478	0.5358206	0.0	0.5358206	0.5358206	25.0	11950	24.220371	0.1734318	27.147985	22.69546	-25.117695	0.031320766	9285.128452301025
479	0.41330692	0.0	0.41330692	0.41330692	25.0	11975	24.303267	0.15166155	26.128012	23.20031	-25.207888	0.026282813	9304.279088258743
480	0.6228225	0.0	0.6228225	0.6228225	25.0	12000	24.395716	0.17999288	25.697723	21.5968	-25.31637	0.034412302	9324.49244761467
481	0.2336139	0.0	0.2336139	0.2336139	25.0	12025	24.469448	0.21227698	26.603422	22.280624	-25.39472	0.04700977	9343.767405748367
482	0.061182316	0.0	0.061182316	0.061182316	25.0	12050	24.553185	0.20860828	26.710367	22.861336	-25.469616	0.04651085	9362.988276481628
483	0.9097205	0.0	0.9097205	0.9097205	25.0	12075	24.650938	0.15891396	26.49715	23.915283	-25.555227	0.025551248	9382.144181013107
484	0.3795695	0.0	0.3795695	0.3795695	25.0	12100	24.723413	0.17220739	25.957722	23.123978	-25.65549	0.031326514	9401.336537599564
485	0.0	0.0	0.0	0.0	25.0	12125	24.807358	0.18379699	26.652718	23.446999	-25.728003	0.03531695	9420.481935501099
486	0.30348772	0.0	0.30348772	0.30348772	25.0	12150	24.889782	0.17277698	27.729746	22.738895	-25.828978	0.03170097	9439.652216911316
487	0.0	0.0	0.0	0.0	25.0	12175	24.979336	0.14606233	26.207947	23.597643	-25.925049	0.02413016	9461.960282802582
488	0.28918293	0.0	0.28918293	0.28918293	25.0	12200	25.068804	0.16535689	26.665743	22.89539	-26.005257	0.030193605	9481.142693519592
489	0.31544757	0.0	0.31544757	0.31544757	25.0	12225	25.153082	0.16517594	26.58982	24.105686	-26.093555	0.028964698	9500.29299211502
490	0.14783938	0.0	0.14783938	0.14783938	25.0	12250	25.239609	0.16685237	27.008507	23.753057	-26.19309	0.031860434	9520.579718828201
491	0.4664135	0.0	0.4664135	0.4664135	25.0	12275	25.326044	0.14084104	26.384846	24.869726	-26.263863	0.02126195	9539.764647006989
492	0.0	0.0	0.0	0.0	25.0	12300	25.418266	0.1726614	28.084877	23.673416	-26.372051	0.030407293	9558.942046642303
493	0.0	0.0	0.0	0.0	25.0	12325	25.49276	0.18510236	27.991358	23.604856	-26.451544	0.0349766	9578.118060588837
494	0.059707347	0.0	0.059707347	0.059707347	25.0	12350	25.591005	0.19264725	27.572023	24.250174	-26.544462	0.038948584	9597.26755619049
495	0.3665986	0.0	0.3665986	0.3665986	25.0	12375	25.670115	0.17579915	27.308287	23.911861	-26.613508	0.03348044	9616.504604101181
496	0.4120319	0.0	0.4120319	0.4120319	25.0	12400	25.76104	0.1902983	28.823364	24.49032	-26.714476	0.03631677	9635.608618497849
497	0.6570316	0.0	0.6570316	0.6570316	25.0	12425	25.843834	0.1666669	26.784958	24.31313	-26.819508	0.030554293	9654.755791664124
498	0.2740983	0.0	0.2740983	0.2740983	25.0	12450	25.942245	0.20943005	29.045408	23.222498	-26.921406	0.046907183	9674.015721321106
499	0.07377203	0.0	0.07377203	0.07377203	25.0	12475	26.022758	0.20599838	29.420622	23.89722	-26.990847	0.04430371	9693.164230585098
500	0.8522672	0.0	0.8522672	0.8522672	25.0	12500	26.116371	0.21326432	28.269932	23.728182	-27.08545	0.048997536	9713.333708524704
501	0.049686134	0.0	0.049686134	0.049686134	25.0	12525	26.20105	0.18005216	28.336975	23.960436	-27.175451	0.034061134	9732.473695993423
502	0.98617417	0.0	0.98617417	0.98617417	25.0	12550	26.281818	0.2077611	28.773256	24.56451	-27.279425	0.045540333	9751.700754642487
503	0.10685136	0.0	0.10685136	0.10685136	25.0	12575	26.386728	0.19073327	28.305851	24.390282	-27.368267	0.039483633	9770.983929395676
504	0.054298148	0.0	0.054298148	0.054298148	25.0	12600	26.465822	0.24930106	30.208368	21.37233	-27.452217	0.06319058	9790.139569282532
505	0.22621694	0.0	0.22621694	0.22621694	25.0	12625	26.556252	0.21612047	28.61453	23.510042	-27.552229	0.04968079	9809.318526506424
506	0.31701025	0.0	0.31701025	0.31701025	25.0	12650	26.651543	0.20144081	28.489864	23.87837	-27.665413	0.041398596	9828.50406384468
507	1.2190009	0.0	1.2190009	1.2190009	25.0	12675	26.750479	0.23831722	31.443432	24.764336	-27.744473	0.059764847	9847.626735925674
508	0.90885895	0.0	0.90885895	0.90885895	25.0	12700	26.82231	0.20767923	28.710432	23.79921	-27.838404	0.046043076	9866.881702661514
509	0.2405743	0.0	0.2405743	0.2405743	25.0	12725	26.932467	0.18671978	29.719303	24.961727	-27.925234	0.03556347	9886.175531625748
510	0.9988971	0.0	0.9988971	0.9988971	25.0	12750	27.019373	0.22160444	29.141338	22.66009	-28.028505	0.05113656	9906.48021697998
511	0.41170263	0.0	0.41170263	0.41170263	25.0	12775	27.109917	0.21566722	30.446419	24.139187	-28.127724	0.046761632	9925.70483160019
512	0.9912957	0.0	0.9912957	0.9912957	25.0	12800	27.207718	0.23121627	30.519724	25.150389	-28.22419	0.05646958	9944.956809520721
513	0.3377524	0.0	0.3377524	0.3377524	25.0	12825	27.287127	0.21765792	28.835848	24.078876	-28.308413	0.048318397	9964.195761680603
514	1.0275277	0.0	1.0275277	1.0275277	25.0	12850	27.391924	0.21580453	29.888329	22.985146	-28.42209	0.046542894	9983.806708574295
515	0.3007295	0.0	0.3007295	0.3007295	25.0	12875	27.490732	0.21435481	30.672977	25.58672	-28.498274	0.048455767	10003.048282146454
516	0.61219925	0.0	0.61219925	0.61219925	25.0	12900	27.572832	0.17590123	28.593815	25.205418	-28.612371	0.033678103	10022.147937059402
517	0.24954419	0.0	0.24954419	0.24954419	25.0	12925	27.675787	0.2246822	30.764418	24.100765	-28.705374	0.049729858	10041.376027584076
518	0.25883663	0.0	0.25883663	0.25883663	25.0	12950	27.752508	0.27524015	29.870956	22.323032	-28.804771	0.079322174	10060.775287389755
519	0.6157857	0.0	0.6157857	0.6157857	25.0	12975	27.862871	0.18006986	29.858347	26.644678	-28.903376	0.035850205	10080.000250816345
520	0.29647404	0.0	0.29647404	0.29647404	25.0	13000	27.955883	0.28695884	32.650528	24.129887	-28.997337	0.085618354	10100.263350963593
521	0.32577956	0.0	0.32577956	0.32577956	25.0	13025	28.044472	0.22377571	33.450596	26.308855	-29.096338	0.05386509	10120.252834558487
522	0.38165733	0.0	0.38165733	0.38165733	25.0	13050	28.125526	0.2521361	32.531628	24.95237	-29.186287	0.06526667	10139.464427232742
523	0.38507447	0.0	0.38507447	0.38507447	25.0	13075	28.208559	0.22308472	30.046381	24.24258	-29.275564	0.050996844	10158.698111772537
524	0.28806043	0.0	0.28806043	0.28806043	25.0	13100	28.298689	0.23613265	30.900549	24.827917	-29.357239	0.06086136	10177.898838043213
525	0.21513413	0.0	0.21513413	0.21513413	25.0	13125	28.383217	0.2354724	29.591595	24.26637	-29.458033	0.060340833	10197.014641046524
526	0.0	0.0	0.0	0.0	25.0	13150	28.484386	0.2462273	30.4379	23.932026	-29.5456	0.061864406	10216.270894527435
527	0.22000211	0.0	0.22000211	0.22000211	25.0	13175	28.567612	0.19632183	31.287838	26.725191	-29.637558	0.04157754	10235.430219888687
528	0.57131845	0.0	0.57131845	0.57131845	25.0	13200	28.662748	0.23561144	31.03382	24.073183	-29.74069	0.056613024	10254.585570573807
529	0.15035602	0.0	0.15035602	0.15035602	25.0	13225	28.749668	0.2079721	31.685423	25.97953	-29.819834	0.044265065	10273.805432319641
530	0.32286695	0.0	0.32286695	0.32286695	25.0	13250	28.85041	0.1905066	30.363674	26.590456	-29.92662	0.040800076	10294.541410684586
531	0.39723748	0.0	0.39723748	0.39723748	25.0	13275	28.952522	0.16505268	29.816784	27.395052	-30.03859	0.029410921	10313.64566707611
532	0.26706478	0.0	0.26706478	0.26706478	25.0	13300	29.057224	0.21864179	31.886366	27.8036	-30.122887	0.047661223	10332.785089492798
533	0.24535312	0.0	0.24535312	0.24535312	25.0	13325	29.14254	0.24988721	31.574455	24.219683	-30.241627	0.063886665	10352.019787549973
534	0.39185214	0.0	0.39185214	0.39185214	25.0	13350	29.239643	0.1946309	31.66704	27.017994	-30.325062	0.039685976	10371.211437940598
535	0.49138808	0.0	0.49138808	0.49138808	25.0	13375	29.352755	0.22219594	33.073673	28.188486	-30.45587	0.049978632	10390.419419765472
536	0.8276539	0.0	0.8276539	0.8276539	25.0	13400	29.449234	0.19141148	31.511473	27.635386	-30.556126	0.037584912	10409.573768615723
537	0.9097923	0.0	0.9097923	0.9097923	25.0	13425	29.549911	0.22076462	31.170147	26.450144	-30.65569	0.050328065	10428.755044221878
538	0.37754944	0.0	0.37754944	0.37754944	25.0	13450	29.672075	0.28298685	36.753143	28.240866	-30.791582	0.083599284	10447.916111469269
539	0.89690924	0.0	0.89690924	0.89690924	25.0	13475	29.761147	0.31851467	32.1154	21.042938	-30.868921	0.10395199	10467.068874120712
540	0.37733704	0.0	0.37733704	0.37733704	25.0	13500	29.87024	0.27017325	32.29582	25.334427	-30.985115	0.07309243	10487.480296373367
541	1.0023438	0.0	1.0023438	1.0023438	25.0	13525	29.98205	0.19584116	32.012173	28.29311	-31.08875	0.041325048	10506.614743947983
542	0.41952384	0.0	0.41952384	0.41952384	25.0	13550	30.078663	0.25957963	35.79637	26.774221	-31.19975	0.06764377	10525.754210472107
543	0.5190335	0.0	0.5190335	0.5190335	25.0	13575	30.176783	0.22231542	31.789392	25.714813	-31.309338	0.05265929	10544.9547727108
544	0.30160022	0.0	0.30160022	0.30160022	25.0	13600	30.269068	0.20933445	32.402462	28.454885	-31.410782	0.04753031	10564.14446759224
545	0.14242265	0.0	0.14242265	0.14242265	25.0	13625	30.385422	0.25449055	32.86021	26.351322	-31.509651	0.070297256	10583.415830135345
546	0.0	0.0	0.0	0.0	25.0	13650	30.491344	0.23451532	34.059834	28.593462	-31.616177	0.055823937	10602.485597848892
547	0.6223943	0.0	0.6223943	0.6223943	25.0	13675	30.58232	0.2559447	33.687477	24.347977	-31.732206	0.0675974	10621.576310634613
548	1.2285044	0.0	1.2285044	1.2285044	25.0	13700	30.692171	0.2179319	33.745647	28.32004	-31.82914	0.049799904	10640.754530668259
549	0.5035818	0.0	0.5035818	0.5035818	25.0	13725	30.786177	0.2393985	32.797855	27.495024	-31.93543	0.05986798	10659.874107837677
550	0.056737673	0.0	0.056737673	0.056737673	25.0	13750	30.90576	0.21695338	33.013363	30.12604	-32.05839	0.048830733	10680.190536737442
551	0.0	0.0	0.0	0.0	25.0	13775	30.997107	0.20267309	33.708046	29.160227	-32.14851	0.044771243	10699.34819984436
552	0.04611568	0.0	0.04611568	0.04611568	25.0	13800	31.107416	0.22612663	33.741505	29.036299	-32.269276	0.052100945	10718.489171504974
553	0.2911144	0.0	0.2911144	0.2911144	25.0	13825	31.206587	0.2289617	34.63765	28.170794	-32.35779	0.056624517	10737.664056539536
554	0.0	0.0	0.0	0.0	25.0	13850	31.318388	0.22615507	35.122025	29.583242	-32.496815	0.052399192	10756.909636735916
555	0.2824304	0.0	0.2824304	0.2824304	25.0	13875	31.419537	0.18899286	33.21368	28.992825	-32.58699	0.03901486	10776.225171089172
556	0.37677425	0.0	0.37677425	0.37677425	25.0	13900	31.531256	0.23439983	34.53313	27.818739	-32.70034	0.054389466	10795.504776477814
557	0.076042466	0.0	0.076042466	0.076042466	25.0	13925	31.633474	0.22055818	32.247116	27.970188	-32.813866	0.05521092	10814.664324760437
558	0.0	0.0	0.0	0.0	25.0	13950	31.742115	0.20725347	35.069977	30.31742	-32.92078	0.04404633	10833.841265439987
559	0.099728495	0.0	0.099728495	0.099728495	25.0	13975	31.843027	0.2133721	35.456566	30.117634	-33.028404	0.047404394	10853.044566631317
560	0.3565257	0.0	0.3565257	0.3565257	25.0	14000	31.959047	0.19753554	33.475246	29.357986	-33.14602	0.04230493	10873.449163675308
561	0.44510573	0.0	0.44510573	0.44510573	25.0	14025	32.071987	0.23289004	35.470722	29.37473	-33.26016	0.053344306	10892.666712284088
562	0.0048562493	0.0	0.0048562493	0.0048562493	25.0	14050	32.173187	0.20673244	33.734215	30.402409	-33.388187	0.04624442	10911.840106487274
563	0.78377986	0.0	0.78377986	0.78377986	25.0	14075	32.284462	0.1973044	34.283386	30.771353	-33.50293	0.042945553	10930.954695224762
564	0.14020193	0.0	0.14020193	0.14020193	25.0	14100	32.394558	0.23727609	35.45802	28.700075	-33.58879	0.058560304	10950.161408424377
565	0.0	0.0	0.0	0.0	25.0	14125	32.507427	0.2292523	35.300648	30.7513	-33.706635	0.050724085	10969.405799865723
566	0.5446841	0.0	0.5446841	0.5446841	25.0	14150	32.606277	0.24174398	35.48175	29.720459	-33.834984	0.0601167	10988.621764659882
567	0.06326468	0.0	0.06326468	0.06326468	25.0	14175	32.727795	0.21825176	34.607952	29.41407	-33.95012	0.052365255	11007.835621595383
568	0.35261232	0.0	0.35261232	0.35261232	25.0	14200	32.837784	0.22728933	35.091026	31.282518	-34.068645	0.051129904	11026.924724340439
569	0.29593295	0.0	0.29593295	0.29593295	25.0	14225	32.95525	0.26019922	38.460674	31.504505	-34.18311	0.06508978	11046.111194372177
570	0.22632998	0.0	0.22632998	0.22632998	25.0	14250	33.05465	0.2481834	35.58708	28.874857	-34.287888	0.063636415	11066.53637456894
571	0.30023208	0.0	0.30023208	0.30023208	25.0	14275	33.160847	0.22060587	34.345886	29.267643	-34.400642	0.053536624	11085.776850700378
572	0.4392902	0.0	0.4392902	0.4392902	25.0	14300	33.288734	0.23808609	36.69905	31.092602	-34.519787	0.058584932	11104.932393550873
573	0.20791864	0.0	0.20791864	0.20791864	25.0	14325	33.38965	0.20372789	34.0272	30.60747	-34.643402	0.04577335	11124.132806301117
574	0.52598673	0.0	0.52598673	0.52598673	25.0	14350	33.510952	0.19531827	35.402332	32.859974	-34.75271	0.040308353	11143.26035118103
575	0.21974668	0.0	0.21974668	0.21974668	25.0	14375	33.619507	0.2507582	36.468525	31.04396	-34.86744	0.063647054	11162.407031536102
576	0.20688766	0.0	0.20688766	0.20688766	25.0	14400	33.728024	0.26275462	36.33604	31.37152	-34.97694	0.072307445	11181.54294538498
577	0.5499082	0.0	0.5499082	0.5499082	25.0	14425	33.8408	0.2317645	36.134525	32.69424	-35.128788	0.05614902	11200.694732189178
578	0.67444605	0.0	0.67444605	0.67444605	25.0	14450	33.96236	0.26836735	35.590374	31.197006	-35.243908	0.07653818	11219.832973241806
579	0.0	0.0	0.0	0.0	25.0	14475	34.085136	0.23627046	36.911278	32.138256	-35.34415	0.05538845	11238.878996610641
580	0.3121898	0.0	0.3121898	0.3121898	25.0	14500	34.194088	0.24455632	37.155174	31.341349	-35.45674	0.058708485	11259.211658716202
581	0.2323066	0.0	0.2323066	0.2323066	25.0	14525	34.310875	0.20750384	35.620457	32.722115	-35.580795	0.046630055	11278.40396642685
582	0.67136395	0.0	0.67136395	0.67136395	25.0	14550	34.416294	0.2345353	36.41895	32.045708	-35.712242	0.055831246	11297.50033211708
583	0.10628303	0.0	0.10628303	0.10628303	25.0	14575	34.54091	0.21416314	36.433804	32.239193	-35.83985	0.04898287	11316.688819885254
584	0.5132502	0.0	0.5132502	0.5132502	25.0	14600	34.662033	0.31476104	41.72931	30.802256	-35.96272	0.101006754	11335.85122013092
585	0.44635245	0.0	0.44635245	0.44635245	25.0	14625	34.767487	0.30704436	37.230717	26.327389	-36.06392	0.098199025	11355.089458227158
586	0.3796297	0.0	0.3796297	0.3796297	25.0	14650	34.897064	0.2257924	37.35274	33.174686	-36.18895	0.053196732	11374.332978963852
587	0.6033278	0.0	0.6033278	0.6033278	25.0	14675	35.00753	0.34057513	44.79836	32.324085	-36.302147	0.11523071	11393.544381141663
588	0.45203125	0.0	0.45203125	0.45203125	25.0	14700	35.12258	0.24481136	37.24687	30.772512	-36.436684	0.0654362	11412.719312667847
589	0.14490405	0.0	0.14490405	0.14490405	25.0	14725	35.248287	0.37455252	45.753777	32.16495	-36.544647	0.13996044	11431.895629882812
590	0.12809262	0.0	0.12809262	0.12809262	25.0	14750	35.360973	0.25399652	36.450768	29.722359	-36.68658	0.0663028	11452.332738399506
591	0.116281755	0.0	0.116281755	0.116281755	25.0	14775	35.474026	0.3351765	37.588764	26.21984	-36.812862	0.11878892	11471.44684100151
592	0.58097863	0.0	0.58097863	0.58097863	25.0	14800	35.602856	0.29716742	40.80464	33.685284	-36.90255	0.08657199	11490.659622907639
593	0.044264305	0.0	0.044264305	0.044264305	25.0	14825	35.717567	0.24482504	38.000217	32.507214	-37.05865	0.061941467	11509.85519528389
594	0.013995655	0.0	0.013995655	0.013995655	25.0	14850	35.840725	0.21714234	38.173824	34.138382	-37.18461	0.04881047	11529.056810379028
595	0.3094848	0.0	0.3094848	0.3094848	25.0	14875	35.96376	0.22182088	39.12165	33.72859	-37.29382	0.04965316	11548.20122218132
596	0.0	0.0	0.0	0.0	25.0	14900	36.07338	0.29409215	41.18739	32.681015	-37.41061	0.08931227	11567.372057199478
597	0.08875931	0.0	0.08875931	0.08875931	25.0	14925	36.20621	0.2630304	40.030186	35.458313	-37.570526	0.066839606	11586.687022209167
598	0.48242506	0.0	0.48242506	0.48242506	25.0	14950	36.32075	0.26097962	38.241787	32.80243	-37.67381	0.07089435	11605.851343393326
599	0.45564216	0.0	0.45564216	0.45564216	25.0	14975	36.44163	0.33825612	39.14851	26.443176	-37.795006	0.115061715	11625.079032421112
600	0.0	0.0	0.0	0.0	25.0	15000	36.56998	0.2739129	40.56217	33.843143	-37.929493	0.07381306	11645.623148441315
601	0.11449949	0.0	0.11449949	0.11449949	25.0	15025	36.684555	0.24179533	38.586327	34.602097	-38.054184	0.05992116	11664.845574140549
602	0.19600129	0.0	0.19600129	0.19600129	25.0	15050	36.822117	0.26952127	39.808826	33.39987	-38.196983	0.072759725	11684.015927791595
603	0.24736406	0.0	0.24736406	0.24736406	25.0	15075	36.92604	0.30825064	42.21236	33.520107	-38.327812	0.09953827	11703.170398950577
604	0.24500275	0.0	0.24500275	0.24500275	25.0	15100	37.059635	0.24175353	38.864117	33.464153	-38.42269	0.06229072	11722.227948665619
605	0.058863543	0.0	0.058863543	0.058863543	25.0	15125	37.193375	0.28936434	41.371666	34.44714	-38.57696	0.08085987	11741.323563098907
606	0.4342771	0.0	0.4342771	0.4342771	25.0	15150	37.306183	0.29300314	40.808563	33.14442	-38.695362	0.08867489	11760.627613544464
607	0.7279918	0.0	0.7279918	0.7279918	25.0	15175	37.42658	0.3287554	40.935825	33.129974	-38.811653	0.108114615	11779.836119890213
608	0.105881214	0.0	0.105881214	0.105881214	25.0	15200	37.562607	0.244591	39.578705	35.517315	-38.981693	0.061134577	11799.11512374878
609	0.5307249	0.0	0.5307249	0.5307249	25.0	15225	37.694977	0.23777413	40.653355	36.268444	-39.105156	0.054517154	11818.265754938126
610	0.31972492	0.0	0.31972492	0.31972492	25.0	15250	37.82229	0.21406093	39.51098	36.645416	-39.25235	0.049827743	11838.645990610123
611	0.011608633	0.0	0.011608633	0.011608633	25.0	15275	37.952736	0.29644313	41.87418	35.02915	-39.359222	0.09049388	11857.794635534286
612	0.40994027	0.0	0.40994027	0.40994027	25.0	15300	38.08142	0.27204922	39.977486	36.02502	-39.49997	0.07352923	11876.960404872894
613	0.8607577	0.0	0.8607577	0.8607577	25.0	15325	38.18889	0.24941109	39.366936	34.656906	-39.62177	0.06394192	11896.18942785263
614	0.34203026	0.0	0.34203026	0.34203026	25.0	15350	38.33684	0.22481427	40.633877	37.28213	-39.766857	0.05115916	11915.349813461304
615	0.17071757	0.0	0.17071757	0.17071757	25.0	15375	38.45736	0.27519512	41.946655	35.275368	-39.890602	0.07376238	11934.537684679031
616	0.55128884	0.0	0.55128884	0.55128884	25.0	15400	38.58505	0.23761061	40.53295	36.77113	-40.031784	0.05835715	11953.629851579666
617	0.46048397	0.0	0.46048397	0.46048397	25.0	15425	38.723045	0.25839773	41.99735	35.959324	-40.177372	0.069402546	11972.766347646713
618	0.2150931	0.0	0.2150931	0.2150931	25.0	15450	38.85319	0.25555384	42.600967	36.330223	-40.304344	0.06582074	11991.936751365662
619	0.6427444	0.0	0.6427444	0.6427444	25.0	15475	38.98622	0.23085788	40.26934	36.506012	-40.447372	0.05472932	12011.09376502037
620	0.33742756	0.0	0.33742756	0.33742756	25.0	15500	39.11802	0.24198045	41.330536	36.548573	-40.58357	0.05942324	12031.528906345367
621	0.16185944	0.0	0.16185944	0.16185944	25.0	15525	39.250008	0.3060867	44.214092	34.981575	-40.698856	0.096952684	12050.736463546753
622	0.2305014	0.0	0.2305014	0.2305014	25.0	15550	39.370834	0.28890687	42.551556	36.550224	-40.839066	0.087607145	12069.90808558464
623	0.48264995	0.0	0.48264995	0.48264995	25.0	15575	39.514732	0.30533344	42.365715	35.594643	-41.00081	0.09756766	12089.153091192245
624	0.4534294	0.0	0.4534294	0.4534294	25.0	15600	39.64967	0.2642129	42.474277	37.45451	-41.130215	0.06922206	12108.367324352264
625	0.09044257	0.0	0.09044257	0.09044257	25.0	15625	39.77776	0.22119744	41.623608	38.644264	-41.273052	0.04809194	12127.53113436699
626	0.6888767	0.0	0.6888767	0.6888767	25.0	15650	39.9176	0.22140753	41.963207	38.753418	-41.384228	0.051524952	12146.623623371124
627	0.36717767	0.0	0.36717767	0.36717767	25.0	15675	40.03591	0.29822624	42.63628	34.68234	-41.531597	0.09154031	12165.805215120316
628	0.031563424	0.0	0.031563424	0.031563424	25.0	15700	40.179382	0.22441278	42.387516	39.019356	-41.69188	0.050894536	12184.987707853317
629	0.3009551	0.0	0.3009551	0.3009551	25.0	15725	40.325756	0.2912976	46.006775	36.522568	-41.836864	0.08397529	12204.221230506897
630	0.04979579	0.0	0.04979579	0.04979579	25.0	15750	40.448067	0.2469658	41.104214	37.79313	-41.94821	0.0641898	12224.682772636414
631	0.0125673115	0.0	0.0125673115	0.0125673115	25.0	15775	40.588844	0.2683195	44.404377	36.69722	-42.105595	0.07197721	12243.77892422676
632	0.41444486	0.0	0.41444486	0.41444486	25.0	15800	40.729843	0.24602525	43.884693	38.932312	-42.24838	0.060772605	12262.888683795929
633	0.72955555	0.0	0.72955555	0.72955555	25.0	15825	40.85615	0.25893578	45.089714	38.23567	-42.387188	0.068642646	12282.031699180603
634	0.0	0.0	0.0	0.0	25.0	15850	41.0005	0.26197365	43.34513	37.701183	-42.523075	0.068773165	12301.168687820435
635	0.38474008	0.0	0.38474008	0.38474008	25.0	15875	41.132294	0.2623778	43.123806	38.79622	-42.664207	0.07161293	12320.299652814865
636	0.72110873	0.0	0.72110873	0.72110873	25.0	15900	41.263847	0.29589763	44.632156	37.656452	-42.831112	0.090846345	12339.506401538849
637	0.24081953	0.0	0.24081953	0.24081953	25.0	15925	41.413807	0.2870391	43.23147	37.781048	-42.970722	0.08468785	12358.654156208038
638	0.43768656	0.0	0.43768656	0.43768656	25.0	15950	41.550053	0.27367896	44.775665	39.372177	-43.0873	0.07465338	12377.818798780441
639	0.07491932	0.0	0.07491932	0.07491932	25.0	15975	41.69566	0.290821	44.760387	37.116978	-43.23875	0.08836913	12397.023871660233
640	0.1753268	0.0	0.1753268	0.1753268	25.0	16000	41.82935	0.25781763	44.215984	39.184647	-43.390182	0.066039294	12417.597960948944
641	0.3377971	0.0	0.3377971	0.3377971	25.0	16025	41.966465	0.29725194	45.490482	37.904945	-43.55015	0.089503564	12436.750010728836
642	0.02411693	0.0	0.02411693	0.02411693	25.0	16050	42.12561	0.28980905	45.35697	39.279438	-43.70327	0.08571305	12455.87752366066
643	0.014939625	0.0	0.014939625	0.014939625	25.0	16075	42.250313	0.33250907	45.217854	35.73471	-43.85273	0.114053935	12475.032376289368
644	0.17821777	0.0	0.17821777	0.17821777	25.0	16100	42.4096	0.2705511	45.642246	41.33459	-44.001118	0.07497641	12494.273812770844
645	0.52033746	0.0	0.52033746	0.52033746	25.0	16125	42.533672	0.2517545	43.23998	39.436672	-44.12712	0.06547012	12513.45194530487
646	0.0	0.0	0.0	0.0	25.0	16150	42.68279	0.30487126	47.568687	40.39893	-44.290783	0.090973966	12532.633059978485
647	0.611851	0.0	0.611851	0.611851	25.0	16175	42.8252	0.31016216	46.70736	38.983704	-44.452637	0.09642935	12551.724121332169
648	0.09494331	0.0	0.09494331	0.09494331	25.0	16200	42.970943	0.26504672	45.10921	37.678516	-44.559784	0.07328255	12570.965865373611
649	0.46942025	0.0	0.46942025	0.46942025	25.0	16225	43.11121	0.24868275	45.18465	40.74408	-44.73008	0.062441155	12590.280473470688
650	0.4360718	0.0	0.4360718	0.4360718	25.0	16250	43.24971	0.3408528	50.2233	38.512947	-44.855743	0.11755258	12610.921755075455
651	1.073112	0.0	1.073112	1.073112	25.0	16275	43.384308	0.30566072	46.939426	39.908962	-45.00378	0.09594388	12630.070658683777
652	0.6036919	0.0	0.6036919	0.6036919	25.0	16300	43.536953	0.30729228	48.710815	40.32514	-45.17039	0.09831329	12649.206849336624
653	0.6446233	0.0	0.6446233	0.6446233	25.0	16325	43.685196	0.33314547	51.03939	40.89972	-45.301125	0.11258429	12668.476129770279
654	1.1794138	0.0	1.1794138	1.1794138	25.0	16350	43.7958	0.3866595	48.86584	37.80152	-45.4334	0.150572	12687.649315357208
655	0.3697215	0.0	0.3697215	0.3697215	25.0	16375	43.9616	0.32017913	49.97191	41.96964	-45.594925	0.099338196	12706.753875732422
656	0.0	0.0	0.0	0.0	25.0	16400	44.087757	0.3273661	47.958416	38.366947	-45.73696	0.10943771	12725.932342767715
657	0.19832595	0.0	0.19832595	0.19832595	25.0	16425	44.245968	0.29105183	47.403683	40.27071	-45.90433	0.0906195	12745.015833854675
658	0.55583644	0.0	0.55583644	0.55583644	25.0	16450	44.406326	0.34297758	51.82067	42.046383	-46.0636	0.11804281	12764.26164841652
659	0.35628906	0.0	0.35628906	0.35628906	25.0	16475	44.54612	0.2726263	45.491833	40.576218	-46.194317	0.07675951	12783.47208571434
660	0.056635357	0.0	0.056635357	0.056635357	25.0	16500	44.68964	0.26625118	47.27634	41.929497	-46.352516	0.071333155	12804.036257743835
661	0.26677856	0.0	0.26677856	0.26677856	25.0	16525	44.826515	0.29632518	48.814564	42.890366	-46.49446	0.08795967	12823.258073329926
662	0.8387556	0.0	0.8387556	0.8387556	25.0	16550	44.95133	0.24931084	45.687027	42.581295	-46.63875	0.066223495	12842.436936378479
663	0.5230785	0.0	0.5230785	0.5230785	25.0	16575	45.06391	0.3220929	46.44389	40.00113	-46.75353	0.10835017	12861.570873498917
664	0.36902544	0.0	0.36902544	0.36902544	25.0	16600	45.22339	0.3578061	48.461014	37.74585	-46.88917	0.12663823	12880.758819103241
