Epoch	AverageEpRet	StdEpRet	MaxEpRet	MinEpRet	EpLen	TotalEnvInteracts	AverageQVals	StdQVals	MaxQVals	MinQVals	LossPi	LossQ	Time
1	7.427833	0.0	7.427833	7.427833	25.0	25	0.26122117	0.3435255	1.1703191	-0.8207849	-0.26738057	0.05284525	19.779493808746338
2	4.0273743	0.0	4.0273743	4.0273743	25.0	50	0.25813228	0.27240688	1.1653961	-0.38798147	-1.7641928	0.024018992	38.42209529876709
3	5.302347	0.0	5.302347	5.302347	25.0	75	0.3279355	0.2608543	1.3236654	-0.27206695	-5.3144617	0.009781666	56.873788356781006
4	6.941575	0.0	6.941575	6.941575	25.0	100	0.5841122	0.32270014	1.9994328	0.07746921	-7.4230657	0.010832473	75.44255065917969
5	2.5382175	0.0	2.5382175	2.5382175	25.0	125	0.98167044	1.1378131	8.072597	-1.226947	-1.486104	1.2453192	94.03963112831116
6	0.6792411	0.0	0.6792411	0.6792411	25.0	150	1.3231884	0.4147137	3.5253763	0.6879373	-1.5583911	0.08676405	112.49565172195435
7	5.931944	0.0	5.931944	5.931944	25.0	175	1.6752353	0.45403516	3.80454	1.072508	-2.2341528	0.056909304	130.97251176834106
8	1.9626791	0.0	1.9626791	1.9626791	25.0	200	1.9571357	0.43331447	3.896669	1.4292213	-2.1724243	0.070481226	149.47209000587463
9	1.5802419	0.0	1.5802419	1.5802419	25.0	225	2.1917841	0.39984724	3.9991612	1.6928749	-2.260169	0.045884084	167.96648931503296
10	1.8387896	0.0	1.8387896	1.8387896	25.0	250	2.313471	0.34077892	3.936519	1.9161098	-2.5649295	0.031443488	186.82975959777832
11	2.2042112	0.0	2.2042112	2.2042112	25.0	275	2.4576662	0.30411798	3.891923	2.0732083	-2.7441607	0.03525815	205.35743618011475
12	1.8880051	0.0	1.8880051	1.8880051	25.0	300	2.5721533	0.2716484	3.8443518	2.1879516	-2.820085	0.027348833	223.82637929916382
13	1.7694296	0.0	1.7694296	1.7694296	25.0	325	2.6813102	0.22709325	3.913427	2.4154232	-2.8797846	0.021465736	242.32096481323242
14	0.8613716	0.0	0.8613716	0.8613716	25.0	350	2.7887125	0.21985732	3.9072022	2.5237374	-3.0384173	0.024922075	260.877712726593
15	1.5615016	0.0	1.5615016	1.5615016	25.0	375	2.8640552	0.20204045	3.8985112	2.587277	-3.1593497	0.020780586	279.3595838546753
16	0.5857556	0.0	0.5857556	0.5857556	25.0	400	2.923988	0.1971686	3.938705	2.6250205	-3.2939422	0.020011295	297.88070487976074
17	0.49101615	0.0	0.49101615	0.49101615	25.0	425	2.9925773	0.17660347	3.9505608	2.7017715	-3.410691	0.022375675	316.41090655326843
18	1.2202787	0.0	1.2202787	1.2202787	25.0	450	3.0609689	0.16659272	3.9826539	2.8430746	-3.2240155	0.016007803	334.9725914001465
19	0.25266948	0.0	0.25266948	0.25266948	25.0	475	3.1354606	0.16794008	4.0532002	2.9303062	-3.304786	0.011719998	353.5354025363922
20	3.3634489	0.0	3.3634489	3.3634489	25.0	500	3.2279913	0.14711657	4.138248	3.0436049	-3.463126	0.01706935	372.3998694419861
21	6.4068756	0.0	6.4068756	6.4068756	25.0	525	3.33176	0.1571423	4.246712	3.1339757	-3.6486945	0.0217591	390.9727485179901
22	0.9060221	0.0	0.9060221	0.9060221	25.0	550	3.4231117	0.18366176	4.3756227	3.1098962	-3.7291105	0.029725842	409.61965227127075
23	0.91248494	0.0	0.91248494	0.91248494	25.0	575	3.500849	0.16456726	4.4456525	3.2515566	-3.7088795	0.025728201	428.2013084888458
24	1.9237183	0.0	1.9237183	1.9237183	25.0	600	3.555796	0.15413478	4.471124	3.3629975	-3.7358115	0.020580703	446.7065761089325
25	0.95740396	0.0	0.95740396	0.95740396	25.0	625	3.6125293	0.15147172	4.527305	3.3919134	-3.847808	0.020238318	465.2541365623474
26	0.350358	0.0	0.350358	0.350358	25.0	650	3.676325	0.159114	4.5464454	3.4439979	-3.9472883	0.019368375	483.9016900062561
27	1.971611	0.0	1.971611	1.971611	25.0	675	3.7140467	0.14346722	4.619682	3.1659205	-4.057101	0.017961755	502.45404028892517
28	2.0942886	0.0	2.0942886	2.0942886	25.0	700	3.7545557	0.14357145	4.6708984	3.5209522	-4.0442314	0.016763316	521.15159034729
29	0.9931076	0.0	0.9931076	0.9931076	25.0	725	3.807393	0.15260619	4.761487	2.9509146	-4.204041	0.018833537	539.7955183982849
30	1.2205534	0.0	1.2205534	1.2205534	25.0	750	3.8806548	0.14699899	4.889978	3.4784265	-4.097057	0.021627693	558.6730167865753
31	0.88854617	0.0	0.88854617	0.88854617	25.0	775	3.9942324	0.14305885	5.009338	3.655544	-4.295586	0.024657678	577.2678258419037
32	1.0104579	0.0	1.0104579	1.0104579	25.0	800	4.081158	0.13962547	5.1057124	3.8641996	-4.3326416	0.01758081	595.842741727829
33	0.21383572	0.0	0.21383572	0.21383572	25.0	825	4.146669	0.14998522	5.0926824	3.6833818	-4.330944	0.022015192	614.4172089099884
34	0.6209108	0.0	0.6209108	0.6209108	25.0	850	4.195354	0.15557778	5.270149	3.3192801	-4.3390746	0.020833239	633.1119349002838
35	0.3175908	0.0	0.3175908	0.3175908	25.0	875	4.2367597	0.13854477	5.5031123	3.8096132	-4.47753	0.02104703	651.8267905712128
36	0.5398176	0.0	0.5398176	0.5398176	25.0	900	4.301878	0.14876477	5.32924	3.6298127	-4.5381436	0.019359348	670.4575321674347
37	0.17323005	0.0	0.17323005	0.17323005	25.0	925	4.341361	0.14047875	5.29887	3.969569	-4.6060543	0.021156548	688.9351282119751
38	3.4087968	0.0	3.4087968	3.4087968	25.0	950	4.3824725	0.13669796	5.336928	3.9612243	-4.812422	0.022280173	707.5409121513367
39	0.6692925	0.0	0.6692925	0.6692925	25.0	975	4.404546	0.14818436	5.516056	3.5991015	-4.777226	0.021860516	726.1813097000122
40	0.067171305	0.0	0.067171305	0.067171305	25.0	1000	4.4420033	0.16102298	5.547515	3.5517128	-5.0506787	0.02448799	745.0872976779938
41	3.908786	0.0	3.908786	3.908786	25.0	1025	4.4806476	0.17408034	6.3691263	3.7321265	-5.809235	0.034213297	763.7003643512726
42	16.049429	0.0	16.049429	16.049429	25.0	1050	4.5616035	0.24708183	7.418936	3.8565624	-6.5583916	0.043983813	782.2442245483398
43	1.445482	0.0	1.445482	1.445482	25.0	1075	4.6684375	0.23869978	7.6687574	3.3651063	-5.5431495	0.0588782	800.9094777107239
44	0.91631055	0.0	0.91631055	0.91631055	25.0	1100	4.8973374	0.2515433	6.7517114	3.5344615	-5.6347833	0.05319222	819.5955803394318
45	0.58059084	0.0	0.58059084	0.58059084	25.0	1125	5.284345	0.26055148	6.900425	4.545714	-7.068503	0.042620987	838.1811439990997
46	0.75494844	0.0	0.75494844	0.75494844	25.0	1150	5.7946496	0.33832836	9.845127	4.5207434	-7.03797	0.082820475	856.8403196334839
47	0.86314774	0.0	0.86314774	0.86314774	25.0	1175	6.3240004	0.3498209	8.443231	4.8454685	-7.10623	0.08867107	875.5095419883728
48	1.0952195	0.0	1.0952195	1.0952195	25.0	1200	6.7386665	0.31838074	8.531223	4.9353023	-7.3650923	0.06701173	894.1094088554382
49	5.6276255	0.0	5.6276255	5.6276255	25.0	1225	6.875375	0.26208082	9.523838	5.4428115	-8.233431	0.055307884	912.6261832714081
50	16.77693	0.0	16.77693	16.77693	25.0	1250	7.0886703	0.2982273	9.381601	6.223616	-10.085998	0.05364406	931.6216022968292
51	2.3488173	0.0	2.3488173	2.3488173	25.0	1275	7.208882	0.5739981	13.674904	5.380266	-9.649212	0.34350318	950.331072807312
52	3.3481545	0.0	3.3481545	3.3481545	25.0	1300	7.2804136	0.48513904	12.724854	4.9507346	-10.336368	0.22812575	968.983348608017
53	1.4386389	0.0	1.4386389	1.4386389	25.0	1325	7.472694	0.546759	16.277681	5.1050487	-14.952743	0.27953228	987.7492427825928
54	4.7273884	0.0	4.7273884	4.7273884	25.0	1350	7.4020185	0.8657236	28.119516	3.7002606	-15.819866	0.77662194	1006.2829117774963
55	3.3110623	0.0	3.3110623	3.3110623	25.0	1375	6.8261547	1.0258001	24.485664	3.886645	-8.465264	1.0832256	1024.8151066303253
56	2.1181936	0.0	2.1181936	2.1181936	25.0	1400	5.611839	0.58265764	9.042911	3.7342849	-6.937533	0.18625557	1043.3759751319885
57	0.38495585	0.0	0.38495585	0.38495585	25.0	1425	4.464706	0.38817695	6.7550464	3.1947055	-5.2425785	0.124726914	1061.9120926856995
58	0.43271405	0.0	0.43271405	0.43271405	25.0	1450	4.2650633	0.33420995	6.09991	2.92117	-4.764672	0.08726092	1080.5857729911804
59	0.33910787	0.0	0.33910787	0.33910787	25.0	1475	4.668365	0.3332364	6.5270495	3.6109807	-5.537327	0.06558896	1099.2693157196045
60	0.1505188	0.0	0.1505188	0.1505188	25.0	1500	5.377867	0.4127489	7.6417956	3.6257913	-6.118474	0.08821202	1118.205718278885
61	0.36238798	0.0	0.36238798	0.36238798	25.0	1525	6.33284	0.45056683	8.909737	4.771387	-6.8765798	0.09269107	1136.8351321220398
62	0.7214148	0.0	0.7214148	0.7214148	25.0	1550	7.4142528	0.48552987	10.502785	5.7092924	-7.834037	0.10607519	1155.4329314231873
63	1.1073021	0.0	1.1073021	1.1073021	25.0	1575	8.307894	0.4858616	11.4254055	7.0849943	-9.119236	0.119699314	1174.11204123497
64	0.34501415	0.0	0.34501415	0.34501415	25.0	1600	8.962574	0.45385727	11.911085	7.5630436	-9.777295	0.093102425	1192.8204226493835
65	0.23353012	0.0	0.23353012	0.23353012	25.0	1625	9.462338	0.43939054	12.092929	8.383537	-9.974454	0.09307765	1211.4442706108093
66	0.25992775	0.0	0.25992775	0.25992775	25.0	1650	9.784901	0.46503904	12.273388	8.807617	-10.822178	0.078009	1229.9744622707367
67	0.50041056	0.0	0.50041056	0.50041056	25.0	1675	9.861039	0.4074376	12.366567	8.982434	-10.784657	0.08542775	1248.6099653244019
68	0.32617345	0.0	0.32617345	0.32617345	25.0	1700	9.840503	0.37394664	12.094152	8.925129	-10.625793	0.07201921	1267.1593005657196
69	0.54988766	0.0	0.54988766	0.54988766	25.0	1725	9.942802	0.38261285	12.499908	9.071875	-10.742221	0.05968532	1285.7973568439484
70	0.5145453	0.0	0.5145453	0.5145453	25.0	1750	10.196911	0.4113359	12.699422	9.304451	-10.665008	0.05817705	1304.9491667747498
71	0.36592546	0.0	0.36592546	0.36592546	25.0	1775	10.36287	0.37731493	13.125072	9.692478	-10.876132	0.05647598	1323.5545670986176
72	0.067914024	0.0	0.067914024	0.067914024	25.0	1800	10.476724	0.35504863	12.987509	9.701826	-10.858408	0.054228254	1341.961600780487
73	0.53226864	0.0	0.53226864	0.53226864	25.0	1825	10.598181	0.39330122	13.006268	9.736261	-10.938598	0.0593635	1360.7998197078705
74	0.71621823	0.0	0.71621823	0.71621823	25.0	1850	10.659903	0.4157757	13.2458725	9.936286	-11.036818	0.05713948	1379.4520733356476
75	0.88375634	0.0	0.88375634	0.88375634	25.0	1875	10.704712	0.39494735	13.282633	9.9647255	-11.351737	0.061147403	1398.1226649284363
76	1.4024452	0.0	1.4024452	1.4024452	25.0	1900	10.721278	0.34417596	13.131511	10.091444	-11.229152	0.05782686	1417.1391777992249
77	0.31345743	0.0	0.31345743	0.31345743	25.0	1925	10.776673	0.3588875	13.240482	9.971719	-11.136781	0.05638162	1435.69402217865
78	1.673417	0.0	1.673417	1.673417	25.0	1950	10.900771	0.3847597	13.621766	10.175484	-11.247631	0.05901474	1454.4107944965363
79	0.36814022	0.0	0.36814022	0.36814022	25.0	1975	11.071111	0.36580965	13.541496	10.399443	-11.528709	0.05750573	1473.06485414505
80	1.355577	0.0	1.355577	1.355577	25.0	2000	11.162983	0.34230947	13.687618	10.403039	-11.609262	0.057265673	1492.1091561317444
81	1.7274207	0.0	1.7274207	1.7274207	25.0	2025	11.178706	0.36094114	13.824256	10.565911	-11.560129	0.06723643	1510.801771402359
82	0.22746243	0.0	0.22746243	0.22746243	25.0	2050	11.195073	0.35562748	13.7581215	10.59759	-11.539112	0.053186387	1529.4077744483948
83	1.2886525	0.0	1.2886525	1.2886525	25.0	2075	11.259958	0.4179294	13.856432	10.671378	-11.586957	0.047961786	1548.0426616668701
84	0.9314858	0.0	0.9314858	0.9314858	25.0	2100	11.317685	0.3972604	13.923411	10.718993	-11.703852	0.06430746	1566.6839799880981
85	0.8203541	0.0	0.8203541	0.8203541	25.0	2125	11.3506775	0.38549966	13.927757	10.67379	-11.677886	0.05874989	1585.3340320587158
86	1.204784	0.0	1.204784	1.204784	25.0	2150	11.368261	0.375983	13.837099	10.664147	-11.740564	0.06600287	1603.9091148376465
87	1.6615968	0.0	1.6615968	1.6615968	25.0	2175	11.366472	0.3938205	14.076251	10.501353	-11.746272	0.05835946	1622.5374779701233
88	0.9694238	0.0	0.9694238	0.9694238	25.0	2200	11.358206	0.32662773	13.913933	10.658839	-11.732662	0.05654532	1641.2257969379425
89	0.59097475	0.0	0.59097475	0.59097475	25.0	2225	11.405957	0.3851503	13.927837	10.810922	-11.840084	0.052785087	1659.7805624008179
90	0.25484592	0.0	0.25484592	0.25484592	25.0	2250	11.426101	0.3619813	13.965356	10.629842	-11.818526	0.05907026	1678.7811608314514
91	0.4526739	0.0	0.4526739	0.4526739	25.0	2275	11.460302	0.37897563	14.012738	10.60047	-11.8649235	0.07554455	1697.4054670333862
92	0.81572133	0.0	0.81572133	0.81572133	25.0	2300	11.509536	0.34366414	13.956392	10.855431	-11.896549	0.061816186	1715.9994900226593
93	0.8501507	0.0	0.8501507	0.8501507	25.0	2325	11.567716	0.3326961	14.185913	11.008648	-11.929155	0.05581532	1734.5982460975647
94	1.0331175	0.0	1.0331175	1.0331175	25.0	2350	11.611236	0.33943436	14.103347	10.705281	-11.954465	0.042867035	1753.2271802425385
95	0.34481964	0.0	0.34481964	0.34481964	25.0	2375	11.661848	0.34406602	14.161092	11.150766	-12.036663	0.048559118	1771.9375112056732
96	0.08898003	0.0	0.08898003	0.08898003	25.0	2400	11.700708	0.3450322	14.190324	11.100866	-12.046703	0.054580227	1790.653178691864
97	0.58812594	0.0	0.58812594	0.58812594	25.0	2425	11.728004	0.31688505	14.031493	11.187794	-12.09804	0.050314054	1809.2699468135834
98	0.54577905	0.0	0.54577905	0.54577905	25.0	2450	11.77154	0.34131917	14.323187	11.228581	-12.138683	0.042152595	1827.9648995399475
99	1.7272185	0.0	1.7272185	1.7272185	25.0	2475	11.82846	0.3494388	14.149389	11.107261	-12.197849	0.04610199	1846.6946377754211
100	0.81522137	0.0	0.81522137	0.81522137	25.0	2500	11.848284	0.3160417	14.162488	11.190044	-12.208488	0.050256304	1866.1141209602356
101	0.39196497	0.0	0.39196497	0.39196497	25.0	2525	11.875223	0.30830026	14.345171	10.964466	-12.254309	0.045785684	1884.8143787384033
102	1.1016318	0.0	1.1016318	1.1016318	25.0	2550	11.919849	0.30531853	14.164006	11.348436	-12.320215	0.040569615	1903.5278434753418
103	1.6405048	0.0	1.6405048	1.6405048	25.0	2575	11.970376	0.33380783	14.334873	10.734994	-12.324363	0.041362837	1922.1735322475433
104	0.074349575	0.0	0.074349575	0.074349575	25.0	2600	12.002122	0.30036536	14.466176	11.280894	-12.512457	0.05001864	1940.90309715271
105	0.55337286	0.0	0.55337286	0.55337286	25.0	2625	12.051579	0.32442772	14.312594	10.73164	-12.63001	0.046714317	1959.719573020935
106	1.4580452	0.0	1.4580452	1.4580452	25.0	2650	12.08511	0.3209872	14.418149	11.430601	-12.617373	0.0497387	1978.5286800861359
107	0.24571258	0.0	0.24571258	0.24571258	25.0	2675	12.139429	0.31697133	14.3693695	11.553454	-12.67578	0.045440063	1997.3535449504852
108	1.0100071	0.0	1.0100071	1.0100071	25.0	2700	12.257506	0.28450465	14.489682	11.040196	-12.73447	0.047625877	2016.1393570899963
109	0.06635719	0.0	0.06635719	0.06635719	25.0	2725	12.402975	0.32871187	14.820315	11.855886	-12.825993	0.04933745	2034.8515932559967
110	0.2457226	0.0	0.2457226	0.2457226	25.0	2750	12.452209	0.31030372	14.638225	11.600296	-12.881573	0.058932003	2053.9680302143097
111	0.7721578	0.0	0.7721578	0.7721578	25.0	2775	12.509375	0.30188555	14.842473	11.903655	-12.94757	0.04474413	2072.6824634075165
112	0.6477797	0.0	0.6477797	0.6477797	25.0	2800	12.554375	0.33199066	14.789054	12.018724	-12.985348	0.047309346	2091.2281696796417
113	1.1040941	0.0	1.1040941	1.1040941	25.0	2825	12.595039	0.2969695	14.873318	11.915204	-13.007408	0.04383443	2109.810544013977
114	0.0	0.0	0.0	0.0	25.0	2850	12.625803	0.27577254	15.050895	11.974042	-13.059853	0.037262056	2128.3963153362274
115	0.21461381	0.0	0.21461381	0.21461381	25.0	2875	12.692322	0.29175377	14.981177	12.11145	-13.108477	0.048343543	2147.079926967621
116	1.059377	0.0	1.059377	1.059377	25.0	2900	12.720869	0.3077495	14.948844	12.179071	-13.136304	0.044671062	2165.8127908706665
117	0.6043787	0.0	0.6043787	0.6043787	25.0	2925	12.767749	0.2892741	14.808069	12.136574	-13.192439	0.04375574	2184.508414745331
118	0.96238464	0.0	0.96238464	0.96238464	25.0	2950	12.810408	0.32427913	15.125929	12.197018	-13.243073	0.057817362	2203.259645462036
119	0.66315264	0.0	0.66315264	0.66315264	25.0	2975	12.843435	0.27568159	15.310446	12.089182	-13.286713	0.044261742	2221.9082860946655
120	1.2706274	0.0	1.2706274	1.2706274	25.0	3000	12.900627	0.303525	15.392342	12.222242	-13.33379	0.03711112	2241.0502870082855
121	0.54087955	0.0	0.54087955	0.54087955	25.0	3025	12.939042	0.30089375	15.0729685	12.365556	-13.353744	0.041257944	2259.736172914505
122	0.5850066	0.0	0.5850066	0.5850066	25.0	3050	12.974628	0.2651027	15.317541	12.403274	-13.4594	0.04278112	2278.482729434967
123	0.0	0.0	0.0	0.0	25.0	3075	13.025225	0.27924562	15.074485	12.299996	-13.518841	0.036309544	2297.2290511131287
124	1.2622155	0.0	1.2622155	1.2622155	25.0	3100	13.067606	0.28365526	15.324838	12.370444	-13.544707	0.036029264	2315.9790778160095
125	0.8100135	0.0	0.8100135	0.8100135	25.0	3125	13.119482	0.273941	15.20515	12.677198	-13.599884	0.039423876	2334.6631755828857
126	0.9067431	0.0	0.9067431	0.9067431	25.0	3150	13.206634	0.30057532	15.277478	12.685372	-13.682967	0.0431924	2353.322080850601
127	0.32702208	0.0	0.32702208	0.32702208	25.0	3175	13.263986	0.30563432	15.331953	12.632779	-13.7123375	0.052355256	2372.0659444332123
128	0.7097229	0.0	0.7097229	0.7097229	25.0	3200	13.293545	0.27537492	15.49413	11.861195	-13.811079	0.0319393	2390.7602999210358
129	0.65864146	0.0	0.65864146	0.65864146	25.0	3225	13.347396	0.29704532	15.395966	12.859741	-13.916496	0.032241613	2409.452280521393
130	0.4863044	0.0	0.4863044	0.4863044	25.0	3250	13.384383	0.2840917	15.758592	12.899971	-13.847195	0.043298528	2428.6007335186005
131	0.5824835	0.0	0.5824835	0.5824835	25.0	3275	13.416909	0.2777912	15.786092	12.579776	-13.8963175	0.045572996	2447.249444246292
132	0.44946414	0.0	0.44946414	0.44946414	25.0	3300	13.515542	0.3109846	15.96336	12.753537	-13.980015	0.04370974	2465.8640608787537
133	1.49077	0.0	1.49077	1.49077	25.0	3325	13.593877	0.3206929	15.71957	11.109558	-14.0320425	0.03867318	2484.508152961731
134	0.5207925	0.0	0.5207925	0.5207925	25.0	3350	13.614231	0.25050578	15.720288	13.131722	-14.090046	0.034259282	2503.129916906357
135	1.2353524	0.0	1.2353524	1.2353524	25.0	3375	13.676584	0.28366372	15.876875	12.756609	-14.133389	0.039382707	2524.898784637451
136	0.65293485	0.0	0.65293485	0.65293485	25.0	3400	13.724448	0.29795834	16.164824	12.950918	-14.265916	0.04427815	2543.624574661255
137	1.1322918	0.0	1.1322918	1.1322918	25.0	3425	13.758575	0.29157418	16.047901	13.219109	-14.26777	0.03488281	2562.4010124206543
138	0.5290603	0.0	0.5290603	0.5290603	25.0	3450	13.799233	0.27902052	16.232954	13.033082	-14.300046	0.041756526	2581.0396592617035
139	0.8914479	0.0	0.8914479	0.8914479	25.0	3475	13.868446	0.28652534	16.106434	13.323189	-14.36597	0.043278407	2599.740799665451
140	0.51465964	0.0	0.51465964	0.51465964	25.0	3500	13.938413	0.2730545	16.119263	13.358197	-14.437601	0.044561915	2618.9914424419403
141	1.1897403	0.0	1.1897403	1.1897403	25.0	3525	14.006592	0.2718701	16.202171	11.091477	-14.495703	0.038162082	2637.714145421982
142	0.40208307	0.0	0.40208307	0.40208307	25.0	3550	14.064356	0.28449202	16.514622	13.635069	-14.560111	0.03785042	2656.436321258545
143	0.5198075	0.0	0.5198075	0.5198075	25.0	3575	14.097559	0.25901318	16.720646	13.590199	-14.570958	0.047526628	2675.1451601982117
144	0.46524906	0.0	0.46524906	0.46524906	25.0	3600	14.144309	0.28296462	17.015528	11.406906	-14.61132	0.051873587	2693.8390350341797
145	0.35269898	0.0	0.35269898	0.35269898	25.0	3625	14.183944	0.2579677	16.17428	13.656118	-14.670313	0.045698576	2712.5153546333313
146	0.29528224	0.0	0.29528224	0.29528224	25.0	3650	14.252068	0.30907735	16.503334	13.035498	-14.717084	0.046181437	2731.1891911029816
147	0.7791282	0.0	0.7791282	0.7791282	25.0	3675	14.285261	0.28862333	17.12317	13.709486	-14.756933	0.03732989	2749.9285526275635
148	1.3265644	0.0	1.3265644	1.3265644	25.0	3700	14.33916	0.27679992	16.957783	13.661067	-14.808646	0.04282296	2768.660964488983
149	0.34139895	0.0	0.34139895	0.34139895	25.0	3725	14.372812	0.2786255	16.90406	10.623098	-14.872889	0.049851015	2787.356565475464
150	0.1325022	0.0	0.1325022	0.1325022	25.0	3750	14.424655	0.28047916	16.827858	13.981903	-14.90655	0.045815043	2806.4882242679596
151	0.4235577	0.0	0.4235577	0.4235577	25.0	3775	14.477198	0.26785994	16.695307	13.7139635	-14.975842	0.038346056	2825.152222633362
152	0.8724892	0.0	0.8724892	0.8724892	25.0	3800	14.528696	0.27459502	16.955175	14.001643	-15.005077	0.033871192	2843.8051631450653
153	0.9028782	0.0	0.9028782	0.9028782	25.0	3825	14.55499	0.24897774	16.757204	13.199777	-15.041486	0.038938887	2862.4973452091217
154	0.9090731	0.0	0.9090731	0.9090731	25.0	3850	14.613945	0.2788139	17.305105	13.526843	-15.103676	0.034331556	2881.200122833252
155	0.1760065	0.0	0.1760065	0.1760065	25.0	3875	14.65941	0.2423517	16.92933	14.106369	-15.141941	0.03460474	2900.0895812511444
156	0.32853287	0.0	0.32853287	0.32853287	25.0	3900	14.705731	0.2833109	17.152994	13.863066	-15.199026	0.034299646	2918.7191400527954
157	0.6400464	0.0	0.6400464	0.6400464	25.0	3925	14.761182	0.26019445	17.041975	14.110544	-15.236056	0.04164297	2937.369369506836
158	0.8930162	0.0	0.8930162	0.8930162	25.0	3950	14.813979	0.31972355	17.328648	14.186393	-15.292528	0.037798196	2956.255938053131
159	1.2509227	0.0	1.2509227	1.2509227	25.0	3975	14.847337	0.26745328	17.214882	12.766869	-15.346197	0.03860355	2975.0320987701416
160	0.35201308	0.0	0.35201308	0.35201308	25.0	4000	14.885144	0.24245512	17.18305	14.226179	-15.386585	0.029365988	2994.3349895477295
161	0.26754066	0.0	0.26754066	0.26754066	25.0	4025	14.953423	0.27932522	17.461382	14.407862	-15.453618	0.040019613	3013.1343562602997
162	0.4132474	0.0	0.4132474	0.4132474	25.0	4050	14.986111	0.23986621	17.334784	14.441637	-15.478067	0.031560987	3031.828609228134
163	0.41199815	0.0	0.41199815	0.41199815	25.0	4075	15.041616	0.2726089	17.26723	14.541618	-15.547939	0.034131937	3050.559501886368
164	0.9754615	0.0	0.9754615	0.9754615	25.0	4100	15.076171	0.21771565	17.178082	13.788615	-15.581466	0.032583468	3069.3072719573975
165	1.5021029	0.0	1.5021029	1.5021029	25.0	4125	15.1319	0.27757847	17.380362	14.319379	-15.641497	0.037332207	3088.0523431301117
166	0.0	0.0	0.0	0.0	25.0	4150	15.16949	0.26533264	17.297533	12.479764	-15.672186	0.038006436	3106.8095598220825
167	0.087722234	0.0	0.087722234	0.087722234	25.0	4175	15.224273	0.26096323	17.38397	14.068179	-15.739672	0.034489937	3125.529308795929
168	0.5377568	0.0	0.5377568	0.5377568	25.0	4200	15.279319	0.25344914	17.902323	14.775223	-15.791159	0.03823955	3144.311429977417
169	0.9508147	0.0	0.9508147	0.9508147	25.0	4225	15.316358	0.2579391	17.50064	13.1792	-15.837772	0.03945521	3163.2048308849335
170	0.7063812	0.0	0.7063812	0.7063812	25.0	4250	15.3476515	0.20432077	17.536337	14.68675	-15.868075	0.03368809	3182.5793249607086
171	0.33424354	0.0	0.33424354	0.33424354	25.0	4275	15.426606	0.27134097	17.76423	12.126699	-15.946625	0.045023832	3201.403736591339
172	0.4304818	0.0	0.4304818	0.4304818	25.0	4300	15.470834	0.2834642	17.870039	14.951993	-15.998321	0.041681454	3220.3027572631836
173	1.1448855	0.0	1.1448855	1.1448855	25.0	4325	15.53288	0.27256662	17.628244	14.448986	-16.054682	0.037450258	3239.1551377773285
174	0.58527005	0.0	0.58527005	0.58527005	25.0	4350	15.564942	0.28201902	19.134491	13.001289	-16.102226	0.052873697	3257.79602599144
175	0.6211062	0.0	0.6211062	0.6211062	25.0	4375	15.619225	0.29424328	19.1463	13.072935	-16.286596	0.048912253	3276.473363161087
176	0.0	0.0	0.0	0.0	25.0	4400	15.687544	0.30154836	18.32362	15.05266	-16.36102	0.045682944	3295.2214794158936
177	1.0854212	0.0	1.0854212	1.0854212	25.0	4425	15.7199	0.28292528	18.178001	12.035688	-16.339615	0.044601396	3314.0424768924713
178	0.20982058	0.0	0.20982058	0.20982058	25.0	4450	15.807671	0.28679103	19.004534	14.923301	-16.421349	0.051419985	3332.7810094356537
179	0.9347998	0.0	0.9347998	0.9347998	25.0	4475	15.91282	0.22690095	18.33511	15.220319	-16.513287	0.03266909	3351.4701766967773
180	0.808919	0.0	0.808919	0.808919	25.0	4500	16.008	0.2538107	18.43625	14.575466	-16.593355	0.041234948	3370.69220495224
181	1.5284631	0.0	1.5284631	1.5284631	25.0	4525	16.066328	0.2668113	18.466084	15.167618	-16.625065	0.036567725	3389.4164056777954
182	0.57568157	0.0	0.57568157	0.57568157	25.0	4550	16.117512	0.2579108	18.17889	12.912337	-16.700132	0.036305193	3408.1600251197815
183	0.32228634	0.0	0.32228634	0.32228634	25.0	4575	16.176258	0.22804381	18.4093	15.566971	-16.758062	0.042304806	3426.9238708019257
184	0.5042179	0.0	0.5042179	0.5042179	25.0	4600	16.237555	0.26229215	19.135082	15.4831295	-16.834057	0.041786265	3445.640692949295
185	0.12815396	0.0	0.12815396	0.12815396	25.0	4625	16.287918	0.24145012	19.170828	13.773265	-16.892023	0.03946889	3464.4077475070953
186	0.76762617	0.0	0.76762617	0.76762617	25.0	4650	16.347607	0.24420953	18.363794	15.57189	-16.917793	0.03490675	3483.1186378002167
187	0.51102066	0.0	0.51102066	0.51102066	25.0	4675	16.413912	0.27540788	18.942766	14.638595	-16.967716	0.0451807	3501.795377254486
188	1.9586861	0.0	1.9586861	1.9586861	25.0	4700	16.453781	0.23216076	18.601168	15.778389	-17.026144	0.022975205	3520.436446905136
189	0.79489064	0.0	0.79489064	0.79489064	25.0	4725	16.508862	0.24255168	18.713715	15.93815	-17.079662	0.027735831	3539.0882318019867
190	0.52079415	0.0	0.52079415	0.52079415	25.0	4750	16.55815	0.2302716	18.78732	15.834852	-17.13331	0.033009823	3558.348988056183
191	0.18716764	0.0	0.18716764	0.18716764	25.0	4775	16.610489	0.23823082	18.732073	15.528195	-17.173368	0.034695923	3577.081208229065
192	0.06620963	0.0	0.06620963	0.06620963	25.0	4800	16.691092	0.26201618	18.811888	15.757585	-17.258217	0.045099102	3595.776997089386
193	0.6476555	0.0	0.6476555	0.6476555	25.0	4825	16.720537	0.2573624	19.656132	15.900527	-17.313093	0.044741236	3614.410041809082
194	0.0018077946	0.0	0.0018077946	0.0018077946	25.0	4850	16.783155	0.22446387	18.659185	16.132267	-17.413279	0.031514153	3633.1221902370453
195	0.5024098	0.0	0.5024098	0.5024098	25.0	4875	16.838234	0.23700224	19.139986	13.959301	-17.462187	0.043785572	3651.8134450912476
196	0.21555944	0.0	0.21555944	0.21555944	25.0	4900	16.900198	0.27584702	19.827929	15.384611	-17.502642	0.047820378	3670.4108550548553
197	0.29280406	0.0	0.29280406	0.29280406	25.0	4925	16.971228	0.27802616	19.710903	13.324821	-17.586845	0.047521405	3689.0642194747925
198	1.7692907	0.0	1.7692907	1.7692907	25.0	4950	17.038374	0.23274747	19.16042	15.958864	-17.680128	0.03214523	3707.73175406456
199	0.14058153	0.0	0.14058153	0.14058153	25.0	4975	17.120241	0.2314215	19.090374	16.366787	-17.686848	0.033583704	3726.42981672287
200	1.1682061	0.0	1.1682061	1.1682061	25.0	5000	17.180944	0.25892726	19.601274	16.30037	-17.785477	0.045743097	3745.8735094070435
201	0.14218539	0.0	0.14218539	0.14218539	25.0	5025	17.232187	0.2668063	20.25335	15.804036	-17.868183	0.047151737	3764.4676842689514
202	0.23800358	0.0	0.23800358	0.23800358	25.0	5050	17.292156	0.25452203	19.266712	16.2671	-17.862442	0.044321623	3783.2337172031403
203	0.6259384	0.0	0.6259384	0.6259384	25.0	5075	17.351093	0.2638778	19.617296	16.029863	-17.957567	0.038004607	3802.008496284485
204	0.44213185	0.0	0.44213185	0.44213185	25.0	5100	17.393387	0.2484922	19.788786	16.294355	-17.99788	0.036311887	3820.700546503067
205	0.2068715	0.0	0.2068715	0.2068715	25.0	5125	17.461248	0.2627293	19.824492	14.963011	-18.0645	0.045766663	3839.4310534000397
206	0.32010046	0.0	0.32010046	0.32010046	25.0	5150	17.51532	0.24599643	19.828405	16.168013	-18.150475	0.040983893	3858.1243290901184
207	0.7697822	0.0	0.7697822	0.7697822	25.0	5175	17.561003	0.22497101	20.221355	16.505535	-18.175804	0.034970637	3877.015398979187
208	0.46727583	0.0	0.46727583	0.46727583	25.0	5200	17.617638	0.21649446	19.858458	16.706774	-18.231667	0.030191062	3895.730449438095
209	0.31283358	0.0	0.31283358	0.31283358	25.0	5225	17.685728	0.24039616	19.998734	16.858566	-18.293348	0.030413331	3914.435753583908
210	0.26867676	0.0	0.26867676	0.26867676	25.0	5250	17.7472	0.2875368	20.737131	15.464025	-18.37635	0.04157393	3933.719124317169
211	0.23354396	0.0	0.23354396	0.23354396	25.0	5275	17.794312	0.26687494	20.027092	16.45913	-18.41699	0.047798734	3952.480498790741
212	0.7950583	0.0	0.7950583	0.7950583	25.0	5300	17.866262	0.28001836	20.6326	16.49919	-18.492203	0.048136715	3971.1908197402954
213	0.7252474	0.0	0.7252474	0.7252474	25.0	5325	17.91228	0.2717487	20.335796	13.717552	-18.546814	0.052135695	3989.879990339279
214	1.8541789	0.0	1.8541789	1.8541789	25.0	5350	17.979755	0.24774459	20.49862	16.064291	-18.602581	0.037051708	4008.473330259323
215	1.307374	0.0	1.307374	1.307374	25.0	5375	18.039606	0.2906736	20.555445	17.083572	-18.668877	0.049571708	4027.1133193969727
216	1.057466	0.0	1.057466	1.057466	25.0	5400	18.099892	0.2515341	20.442759	16.391983	-18.748709	0.047148023	4045.7364983558655
217	1.2004195	0.0	1.2004195	1.2004195	25.0	5425	18.150719	0.260383	20.598057	15.361005	-18.799433	0.04288927	4064.3310339450836
218	1.5939597	0.0	1.5939597	1.5939597	25.0	5450	18.223665	0.26157165	20.686556	16.551775	-18.857943	0.049150124	4083.056620359421
219	1.5493054	0.0	1.5493054	1.5493054	25.0	5475	18.291277	0.28197032	22.37537	16.127703	-18.937695	0.05388285	4101.878855466843
220	0.96251255	0.0	0.96251255	0.96251255	25.0	5500	18.351202	0.34181213	22.393923	13.361752	-19.01057	0.094153784	4121.084034919739
221	0.60809636	0.0	0.60809636	0.60809636	25.0	5525	18.417595	0.29142028	22.148922	15.044202	-19.060278	0.06237937	4139.680247783661
222	1.022486	0.0	1.022486	1.022486	25.0	5550	18.461737	0.22515838	20.380157	16.885107	-19.125622	0.04611968	4158.389228105545
223	1.580686	0.0	1.580686	1.580686	25.0	5575	18.537592	0.29423958	21.77237	16.370987	-19.165785	0.052067745	4177.2084419727325
224	1.405094	0.0	1.405094	1.405094	25.0	5600	18.602488	0.2669982	21.39769	16.5217	-19.251198	0.04036243	4195.88307261467
225	0.30031458	0.0	0.30031458	0.30031458	25.0	5625	18.663494	0.26476118	20.923773	16.231754	-19.340324	0.0494849	4214.584267616272
226	1.5985467	0.0	1.5985467	1.5985467	25.0	5650	18.716467	0.2486898	20.525948	17.408106	-19.388266	0.04641557	4233.214541912079
227	0.825363	0.0	0.825363	0.825363	25.0	5675	18.775267	0.24061735	21.051498	17.185848	-19.444323	0.045161113	4251.856287956238
228	1.219304	0.0	1.219304	1.219304	25.0	5700	18.838917	0.22202742	20.894812	17.997944	-19.509897	0.035242554	4270.482480764389
229	0.35518017	0.0	0.35518017	0.35518017	25.0	5725	18.920012	0.24900696	21.697496	17.73687	-19.589348	0.044589445	4289.0827350616455
230	0.7412287	0.0	0.7412287	0.7412287	25.0	5750	18.973728	0.2385327	21.08483	17.871033	-19.652887	0.0431211	4308.35603427887
231	0.7202683	0.0	0.7202683	0.7202683	25.0	5775	19.0554	0.2576915	21.253942	17.52963	-19.731457	0.043645088	4327.013874530792
232	0.26579663	0.0	0.26579663	0.26579663	25.0	5800	19.105991	0.22849798	21.313034	18.34824	-19.78365	0.032658402	4345.835011482239
233	0.18269417	0.0	0.18269417	0.18269417	25.0	5825	19.180004	0.2715403	21.329035	16.481216	-19.865181	0.0513975	4364.5185804367065
234	1.0451827	0.0	1.0451827	1.0451827	25.0	5850	19.236803	0.26195967	21.745277	17.922266	-19.925615	0.04963105	4383.160582065582
235	0.60049415	0.0	0.60049415	0.60049415	25.0	5875	19.299519	0.23978771	23.027569	18.051405	-19.989445	0.049190897	4401.875241279602
236	1.051871	0.0	1.051871	1.051871	25.0	5900	19.374817	0.22761706	21.559326	18.685741	-20.085411	0.04264206	4420.531307935715
237	0.7481988	0.0	0.7481988	0.7481988	25.0	5925	19.426153	0.20811327	21.650757	18.260342	-20.133028	0.031363644	4439.200608730316
238	0.82049835	0.0	0.82049835	0.82049835	25.0	5950	19.509586	0.2179314	21.656399	18.815832	-20.20554	0.033517245	4457.862173080444
239	0.16964038	0.0	0.16964038	0.16964038	25.0	5975	19.58192	0.24221487	21.612572	18.313957	-20.284927	0.035183452	4476.534179210663
240	0.0	0.0	0.0	0.0	25.0	6000	19.630527	0.23221685	21.639008	18.526802	-20.330875	0.038495526	4495.90909576416
241	1.5520047	0.0	1.5520047	1.5520047	25.0	6025	19.698133	0.20490348	21.418991	19.171204	-20.415794	0.033452287	4514.6002831459045
242	0.17393069	0.0	0.17393069	0.17393069	25.0	6050	19.776375	0.24263848	21.858482	18.006266	-20.470184	0.043195743	4533.380048274994
243	0.50108254	0.0	0.50108254	0.50108254	25.0	6075	19.83388	0.19452927	21.426743	18.927526	-20.55372	0.032479648	4552.122232675552
244	0.0	0.0	0.0	0.0	25.0	6100	19.9157	0.24093692	21.831188	19.416882	-20.620323	0.04690031	4570.851179122925
245	0.5458187	0.0	0.5458187	0.5458187	25.0	6125	19.985008	0.28098553	22.208511	18.83365	-20.680283	0.05868597	4589.246769666672
246	0.068436325	0.0	0.068436325	0.068436325	25.0	6150	20.04657	0.24622852	21.894814	15.869141	-20.760454	0.049602844	4607.149174690247
247	0.2091249	0.0	0.2091249	0.2091249	25.0	6175	20.102324	0.23833099	22.976141	17.608706	-20.827202	0.045112554	4625.019791841507
248	0.35847864	0.0	0.35847864	0.35847864	25.0	6200	20.183342	0.24839096	22.842682	19.255463	-20.902142	0.0404431	4642.864716053009
249	0.63047016	0.0	0.63047016	0.63047016	25.0	6225	20.250948	0.24996695	22.549812	19.093967	-20.95526	0.044137664	4660.7925481796265
250	0.63540566	0.0	0.63540566	0.63540566	25.0	6250	20.320187	0.26552826	25.472593	19.031065	-21.061085	0.055874098	4679.289701461792
251	0.51190245	0.0	0.51190245	0.51190245	25.0	6275	20.38316	0.22483161	22.925932	19.086346	-21.109112	0.04290247	4697.115684509277
252	1.3687853	0.0	1.3687853	1.3687853	25.0	6300	20.440903	0.28901622	22.599495	14.401892	-21.184214	0.06559018	4715.086647510529
253	0.60571563	0.0	0.60571563	0.60571563	25.0	6325	20.533815	0.28826717	23.570206	19.414923	-21.255173	0.05511289	4732.950860977173
254	0.49180388	0.0	0.49180388	0.49180388	25.0	6350	20.591589	0.28604177	26.365288	17.529963	-21.354935	0.08122115	4751.492324590683
255	0.90379435	0.0	0.90379435	0.90379435	25.0	6375	20.660362	0.25212204	22.692657	18.40952	-21.404148	0.055973973	4770.050261735916
256	0.7279016	0.0	0.7279016	0.7279016	25.0	6400	20.737158	0.24369958	23.02441	17.845818	-21.471191	0.043894287	4788.750410795212
257	0.73027605	0.0	0.73027605	0.73027605	25.0	6425	20.807774	0.2859281	23.604559	15.555269	-21.549139	0.064031586	4807.358248472214
258	0.0	0.0	0.0	0.0	25.0	6450	20.870136	0.23495358	22.866304	19.029068	-21.631863	0.045082092	4825.965552568436
259	0.34817845	0.0	0.34817845	0.34817845	25.0	6475	20.968538	0.26642138	23.640238	19.655617	-21.700405	0.04549097	4844.60857629776
260	0.9354655	0.0	0.9354655	0.9354655	25.0	6500	21.014833	0.22651134	22.83707	19.586405	-21.774263	0.035550117	4863.932136774063
261	0.09595895	0.0	0.09595895	0.09595895	25.0	6525	21.095552	0.2643784	23.412552	20.016579	-21.849197	0.036908552	4882.490759372711
262	0.74891406	0.0	0.74891406	0.74891406	25.0	6550	21.162647	0.22976038	23.868599	19.72583	-21.92365	0.045302574	4901.135874032974
263	0.6743164	0.0	0.6743164	0.6743164	25.0	6575	21.230963	0.22718167	22.958641	19.757153	-22.00559	0.040826097	4919.660502672195
264	0.45335823	0.0	0.45335823	0.45335823	25.0	6600	21.29998	0.2574848	23.538305	19.669765	-22.133821	0.058805063	4938.1835107803345
265	0.0	0.0	0.0	0.0	25.0	6625	21.381365	0.27646482	23.777384	19.755001	-22.213577	0.063550755	4956.736040115356
266	0.17914921	0.0	0.17914921	0.17914921	25.0	6650	21.442734	0.20775436	23.426868	20.7413	-22.28396	0.03798514	4975.312262535095
267	0.6399474	0.0	0.6399474	0.6399474	25.0	6675	21.551533	0.20598869	23.417574	21.056318	-22.366385	0.031442408	4993.852776288986
268	0.52834994	0.0	0.52834994	0.52834994	25.0	6700	21.640919	0.21267234	23.35575	19.682262	-22.464506	0.043422446	5012.349359035492
269	0.81944746	0.0	0.81944746	0.81944746	25.0	6725	21.747068	0.2694242	24.459196	20.68189	-22.56792	0.051233124	5030.95249247551
270	0.64505607	0.0	0.64505607	0.64505607	25.0	6750	21.815832	0.23215142	24.042402	20.551449	-22.632627	0.046546828	5050.337068319321
271	0.14457397	0.0	0.14457397	0.14457397	25.0	6775	21.8929	0.22343142	24.170315	20.835016	-22.704966	0.045438863	5068.912104129791
272	0.14834122	0.0	0.14834122	0.14834122	25.0	6800	21.96958	0.26628816	24.05736	19.794832	-22.763664	0.048589416	5087.636325597763
273	0.69504017	0.0	0.69504017	0.69504017	25.0	6825	22.044744	0.23121269	25.085161	20.131962	-22.816746	0.038966645	5106.127452611923
274	0.1911683	0.0	0.1911683	0.1911683	25.0	6850	22.108965	0.221021	25.518812	20.995867	-22.915161	0.038876586	5124.720026254654
275	1.192935	0.0	1.192935	1.192935	25.0	6875	22.192965	0.22386596	24.058826	20.774305	-22.982716	0.040898193	5143.2126615047455
276	1.2791492	0.0	1.2791492	1.2791492	25.0	6900	22.267359	0.21906343	24.893896	20.904863	-23.099869	0.039461542	5161.770092487335
277	0.448738	0.0	0.448738	0.448738	25.0	6925	22.34327	0.24169184	24.834253	21.59353	-23.15101	0.036694124	5180.470542430878
278	1.2402323	0.0	1.2402323	1.2402323	25.0	6950	22.428505	0.25512615	25.299137	20.710714	-23.237764	0.053920384	5199.1942937374115
279	0.12677771	0.0	0.12677771	0.12677771	25.0	6975	22.505919	0.22747575	24.521772	21.281729	-23.311583	0.038493477	5217.919461488724
280	0.451403	0.0	0.451403	0.451403	25.0	7000	22.574203	0.23046164	24.624208	21.542526	-23.40639	0.04148883	5237.323597192764
281	0.231962	0.0	0.231962	0.231962	25.0	7025	22.646446	0.2262241	24.766846	21.733831	-23.464636	0.03795341	5256.063622951508
282	0.7040956	0.0	0.7040956	0.7040956	25.0	7050	22.73925	0.25849804	24.75311	21.246565	-23.53059	0.055183854	5274.73800778389
283	0.18027012	0.0	0.18027012	0.18027012	25.0	7075	22.806313	0.25058746	25.366684	20.745945	-23.644508	0.043812953	5293.384464979172
284	1.6399574	0.0	1.6399574	1.6399574	25.0	7100	22.874706	0.23587175	25.46051	21.867502	-23.699133	0.04758585	5311.968603610992
285	0.09221607	0.0	0.09221607	0.09221607	25.0	7125	22.962526	0.31908846	25.216337	18.45543	-23.779285	0.08666407	5330.571902275085
286	0.46898016	0.0	0.46898016	0.46898016	25.0	7150	23.038115	0.29876858	25.68935	21.458214	-23.869413	0.078429386	5349.229320049286
287	0.47090507	0.0	0.47090507	0.47090507	25.0	7175	23.112295	0.24606302	25.610203	21.350632	-23.943632	0.053476617	5367.807212352753
288	0.24864608	0.0	0.24864608	0.24864608	25.0	7200	23.180374	0.21884148	25.425858	20.468771	-23.992844	0.047609776	5386.427492380142
289	1.2482102	0.0	1.2482102	1.2482102	25.0	7225	23.27959	0.25831807	25.930254	22.332159	-24.107067	0.05094906	5405.044829130173
290	0.9722396	0.0	0.9722396	0.9722396	25.0	7250	23.34055	0.25731283	25.506077	19.97512	-24.181385	0.051960576	5424.437256097794
291	0.25612587	0.0	0.25612587	0.25612587	25.0	7275	23.418447	0.22932085	26.22129	21.313051	-24.251732	0.044806153	5443.055033445358
292	0.28243747	0.0	0.28243747	0.28243747	25.0	7300	23.500872	0.25172278	26.452934	21.42881	-24.337318	0.05341401	5461.7867872715
293	1.4030135	0.0	1.4030135	1.4030135	25.0	7325	23.597237	0.28330246	25.850025	21.910894	-24.452112	0.057462048	5480.498631238937
294	0.30985874	0.0	0.30985874	0.30985874	25.0	7350	23.665648	0.2779937	28.549889	21.509634	-24.505503	0.06406078	5499.038551330566
295	1.4662546	0.0	1.4662546	1.4662546	25.0	7375	23.735052	0.27139512	26.575684	21.349327	-24.610723	0.061142106	5517.641155719757
296	1.4919161	0.0	1.4919161	1.4919161	25.0	7400	23.829233	0.25560176	26.872965	22.84206	-24.676918	0.04557112	5536.21480178833
297	0.25709927	0.0	0.25709927	0.25709927	25.0	7425	23.9057	0.24652167	26.35353	21.28789	-24.76572	0.04581618	5554.833316087723
298	0.29455173	0.0	0.29455173	0.29455173	25.0	7450	23.984503	0.25187892	26.141293	21.39975	-24.846077	0.048381634	5573.429917097092
299	0.6572457	0.0	0.6572457	0.6572457	25.0	7475	24.061382	0.23164743	26.504486	21.832468	-24.952553	0.05630309	5592.165968418121
300	0.2618947	0.0	0.2618947	0.2618947	25.0	7500	24.15709	0.29080117	27.455101	19.868324	-25.038645	0.06445234	5611.530752420425
301	1.4827257	0.0	1.4827257	1.4827257	25.0	7525	24.225971	0.31745616	29.030716	18.963396	-25.100153	0.083726704	5630.208252429962
302	1.3177919	0.0	1.3177919	1.3177919	25.0	7550	24.313904	0.30261555	30.087498	22.921635	-25.167202	0.07830452	5648.869653224945
303	1.0057601	0.0	1.0057601	1.0057601	25.0	7575	24.381943	0.36326793	28.197369	18.333948	-25.316967	0.13495804	5667.564506530762
304	0.6655519	0.0	0.6655519	0.6655519	25.0	7600	24.493948	0.3019576	28.490404	22.450842	-25.364403	0.08111893	5686.2634217739105
305	0.34466362	0.0	0.34466362	0.34466362	25.0	7625	24.56161	0.26748967	27.694363	22.048328	-25.445642	0.061736733	5704.967256784439
306	0.78164184	0.0	0.78164184	0.78164184	25.0	7650	24.646116	0.24584664	26.827723	22.096855	-25.553083	0.055752326	5723.563725233078
307	0.2269431	0.0	0.2269431	0.2269431	25.0	7675	24.735846	0.28813317	28.153896	22.29928	-25.641123	0.060113426	5742.255335092545
308	1.0341097	0.0	1.0341097	1.0341097	25.0	7700	24.812803	0.29640657	27.762377	23.21229	-25.711262	0.07037691	5760.924264907837
309	0.31731567	0.0	0.31731567	0.31731567	25.0	7725	24.90314	0.27086633	27.679962	21.699726	-25.803926	0.05449308	5780.716639041901
310	0.4208099	0.0	0.4208099	0.4208099	25.0	7750	24.99165	0.29669702	31.08185	22.836912	-25.906391	0.07105881	5800.16787481308
311	0.850463	0.0	0.850463	0.850463	25.0	7775	25.074043	0.2285423	27.960707	23.488962	-25.985126	0.0446684	5818.842008590698
312	1.5345087	0.0	1.5345087	1.5345087	25.0	7800	25.163458	0.2509128	29.69651	23.221338	-26.081161	0.057570606	5837.678381204605
313	1.0533782	0.0	1.0533782	1.0533782	25.0	7825	25.2457	0.3001619	28.791994	20.302073	-26.171263	0.077437274	5856.358897924423
314	0.19113962	0.0	0.19113962	0.19113962	25.0	7850	25.328012	0.2349177	27.31044	23.511805	-26.229534	0.051581923	5875.017421722412
315	1.0038862	0.0	1.0038862	1.0038862	25.0	7875	25.410105	0.24275167	28.245407	23.235056	-26.342318	0.058383342	5894.720608949661
316	0.59144896	0.0	0.59144896	0.59144896	25.0	7900	25.491411	0.2766383	28.24582	19.888529	-26.420565	0.072365664	5913.271262645721
317	0.16491841	0.0	0.16491841	0.16491841	25.0	7925	25.57716	0.26671898	30.104218	24.522299	-26.52376	0.06832301	5931.91365814209
318	1.7235336	0.0	1.7235336	1.7235336	25.0	7950	25.684082	0.27024624	28.084965	21.812407	-26.62252	0.07039374	5950.898735523224
319	0.9737766	0.0	0.9737766	0.9737766	25.0	7975	25.750036	0.283342	31.89352	22.68639	-26.690874	0.07358492	5969.5677127838135
320	0.2703735	0.0	0.2703735	0.2703735	25.0	8000	25.849112	0.27760506	28.694304	22.14008	-26.785368	0.07054294	5989.081551790237
321	0.46522987	0.0	0.46522987	0.46522987	25.0	8025	25.938576	0.23335096	28.262493	25.285837	-26.871729	0.03940686	6007.830003976822
322	0.4028905	0.0	0.4028905	0.4028905	25.0	8050	26.024254	0.24638629	28.826767	24.446764	-26.972069	0.056360327	6026.492260456085
323	0.5547496	0.0	0.5547496	0.5547496	25.0	8075	26.115784	0.24994497	28.607038	23.948853	-27.07262	0.050560966	6045.0321588516235
324	1.76205	0.0	1.76205	1.76205	25.0	8100	26.206142	0.26127282	28.526094	24.902195	-27.166563	0.05345105	6063.613954782486
325	0.59728855	0.0	0.59728855	0.59728855	25.0	8125	26.2965	0.23161492	29.484005	25.246565	-27.264698	0.04889565	6082.221606492996
326	0.69668263	0.0	0.69668263	0.69668263	25.0	8150	26.39618	0.267179	29.08571	23.497515	-27.33545	0.05561774	6100.824347257614
327	0.74606276	0.0	0.74606276	0.74606276	25.0	8175	26.46181	0.296493	28.7886	24.721601	-27.429834	0.070598386	6119.346374511719
328	0.8750378	0.0	0.8750378	0.8750378	25.0	8200	26.564293	0.26505685	29.126451	24.24093	-27.508072	0.05740672	6138.02329993248
329	0.24812406	0.0	0.24812406	0.24812406	25.0	8225	26.641953	0.25988397	29.402935	25.70981	-27.596014	0.053344723	6156.689213037491
330	0.72156066	0.0	0.72156066	0.72156066	25.0	8250	26.724934	0.30805147	29.01247	20.45563	-27.721807	0.082628116	6176.249593734741
331	1.5485618	0.0	1.5485618	1.5485618	25.0	8275	26.805819	0.28880918	29.142042	24.505018	-27.765654	0.08299654	6195.254826068878
332	0.8734801	0.0	0.8734801	0.8734801	25.0	8300	26.915932	0.2919947	32.170395	24.796825	-27.91517	0.076844946	6213.972512483597
333	1.4350709	0.0	1.4350709	1.4350709	25.0	8325	27.015503	0.27369007	30.25651	24.82551	-27.99967	0.053462658	6232.618302345276
334	1.5070547	0.0	1.5070547	1.5070547	25.0	8350	27.102598	0.2739237	29.46111	24.578684	-28.10301	0.057707038	6252.289140462875
335	0.8524009	0.0	0.8524009	0.8524009	25.0	8375	27.19314	0.24393737	30.092146	25.951727	-28.163826	0.048067797	6270.832526683807
336	1.3138231	0.0	1.3138231	1.3138231	25.0	8400	27.292822	0.27703768	29.53214	25.824675	-28.29772	0.05157907	6289.475298881531
337	1.4651346	0.0	1.4651346	1.4651346	25.0	8425	27.373344	0.2226697	29.200146	25.647026	-28.368765	0.037106685	6309.106199979782
338	1.5475056	0.0	1.5475056	1.5475056	25.0	8450	27.461199	0.220042	29.726103	25.57719	-28.45955	0.044290982	6327.614764928818
339	0.9316886	0.0	0.9316886	0.9316886	25.0	8475	27.559864	0.21977592	29.683115	26.928503	-28.555168	0.039302025	6346.155303239822
340	0.9162399	0.0	0.9162399	0.9162399	25.0	8500	27.652935	0.24066982	30.01111	25.401657	-28.663671	0.055020757	6366.671519517899
341	0.31548506	0.0	0.31548506	0.31548506	25.0	8525	27.7498	0.24992393	29.85981	26.351248	-28.77542	0.051205803	6385.245033025742
342	0.51648027	0.0	0.51648027	0.51648027	25.0	8550	27.84836	0.25290796	29.81679	25.659023	-28.865118	0.049148962	6403.782237291336
343	0.055445626	0.0	0.055445626	0.055445626	25.0	8575	27.926231	0.23576955	30.017096	26.553741	-28.946836	0.04468508	6422.31308054924
344	0.31269112	0.0	0.31269112	0.31269112	25.0	8600	28.036278	0.25269043	30.23366	26.573788	-29.051123	0.054514397	6440.8674483299255
345	0.19846183	0.0	0.19846183	0.19846183	25.0	8625	28.129976	0.2305509	30.290018	26.826775	-29.163015	0.04067084	6459.439424991608
346	0.6574618	0.0	0.6574618	0.6574618	25.0	8650	28.225378	0.23357442	30.261154	26.94698	-29.253115	0.038896624	6477.933954238892
347	0.5110943	0.0	0.5110943	0.5110943	25.0	8675	28.319891	0.223035	30.355877	26.424063	-29.354664	0.050671514	6496.37272310257
348	0.39702967	0.0	0.39702967	0.39702967	25.0	8700	28.412626	0.2378219	30.505081	27.223131	-29.464027	0.04937726	6514.9692623615265
349	0.0761867	0.0	0.0761867	0.0761867	25.0	8725	28.512035	0.21269007	30.888638	26.93219	-29.550919	0.04250897	6533.512418270111
350	0.20872957	0.0	0.20872957	0.20872957	25.0	8750	28.612114	0.26513082	30.711256	23.514273	-29.657541	0.05759199	6553.190928936005
351	0.23594892	0.0	0.23594892	0.23594892	25.0	8775	28.713585	0.24086554	30.896908	27.854584	-29.743774	0.04098129	6571.74987077713
352	0.83637404	0.0	0.83637404	0.83637404	25.0	8800	28.8053	0.24513824	31.907505	27.4419	-29.854616	0.05557031	6590.268023014069
353	0.5002048	0.0	0.5002048	0.5002048	25.0	8825	28.902075	0.25127482	31.537462	27.804466	-29.946632	0.057969753	6609.288996696472
354	0.6336285	0.0	0.6336285	0.6336285	25.0	8850	29.005894	0.25884408	31.055683	26.558887	-30.059181	0.06454871	6627.87877035141
355	0.7882449	0.0	0.7882449	0.7882449	25.0	8875	29.098427	0.25194	31.221594	27.725126	-30.146116	0.052791454	6646.491006135941
356	0.25851208	0.0	0.25851208	0.25851208	25.0	8900	29.186157	0.25968727	31.998533	27.622812	-30.244272	0.05478717	6665.17617559433
357	0.0	0.0	0.0	0.0	25.0	8925	29.285542	0.22654375	31.084831	27.77317	-30.36323	0.049136113	6683.755613565445
358	0.5748479	0.0	0.5748479	0.5748479	25.0	8950	29.387823	0.24416451	31.650074	26.971495	-30.458035	0.058440138	6702.378197431564
359	0.12216006	0.0	0.12216006	0.12216006	25.0	8975	29.488977	0.25291428	34.93007	26.980637	-30.586916	0.067251146	6721.07065820694
360	0.5393565	0.0	0.5393565	0.5393565	25.0	9000	29.593256	0.27665657	32.35152	26.593197	-30.672398	0.06483098	6740.521497488022
361	0.23773922	0.0	0.23773922	0.23773922	25.0	9025	29.685732	0.24194574	32.35657	28.509117	-30.795038	0.047400426	6759.110507965088
362	0.63747823	0.0	0.63747823	0.63747823	25.0	9050	29.788538	0.28525233	33.502205	27.263012	-30.88196	0.07406346	6777.711378097534
363	0.44462547	0.0	0.44462547	0.44462547	25.0	9075	29.900629	0.25937977	32.873074	27.966286	-30.991682	0.05381615	6796.351121902466
364	0.31902188	0.0	0.31902188	0.31902188	25.0	9100	29.995295	0.25026098	32.09583	26.629446	-31.07862	0.058746766	6814.942291498184
365	1.6515484	0.0	1.6515484	1.6515484	25.0	9125	30.099722	0.3455454	32.945435	22.957352	-31.203667	0.105931155	6833.476247310638
366	0.604796	0.0	0.604796	0.604796	25.0	9150	30.190176	0.2477535	33.70175	27.717321	-31.29799	0.056044478	6852.123082637787
367	0.18055677	0.0	0.18055677	0.18055677	25.0	9175	30.301016	0.31883472	36.700684	26.594921	-31.415325	0.09694004	6870.686270475388
368	0.7841741	0.0	0.7841741	0.7841741	25.0	9200	30.409887	0.31342873	34.382248	27.244919	-31.532146	0.09289837	6889.134715080261
369	1.7312514	0.0	1.7312514	1.7312514	25.0	9225	30.512413	0.30526775	32.753372	25.358181	-31.60541	0.07489336	6907.403848648071
370	0.4861813	0.0	0.4861813	0.4861813	25.0	9250	30.610186	0.25548315	34.018147	28.787067	-31.708836	0.05723865	6926.85055232048
371	0.31115273	0.0	0.31115273	0.31115273	25.0	9275	30.71628	0.3941165	38.050354	24.365387	-31.846952	0.14239119	6945.429233789444
372	1.522188	0.0	1.522188	1.522188	25.0	9300	30.827837	0.31710207	33.772556	28.210054	-31.958708	0.086082175	6964.029902935028
373	0.08843617	0.0	0.08843617	0.08843617	25.0	9325	30.912115	0.25821543	33.566334	29.271597	-32.043556	0.06443081	6982.005594730377
374	0.71857375	0.0	0.71857375	0.71857375	25.0	9350	31.04187	0.3029715	34.816994	26.16015	-32.15266	0.07801184	6999.756408214569
375	1.8850511	0.0	1.8850511	1.8850511	25.0	9375	31.131773	0.29926828	34.119484	25.16009	-32.2646	0.07284573	7017.5433666706085
376	2.2939456	0.0	2.2939456	2.2939456	25.0	9400	31.240408	0.25986987	37.028217	28.722612	-32.369907	0.067796975	7035.4133059978485
377	0.031163726	0.0	0.031163726	0.031163726	25.0	9425	31.347412	0.32582203	36.96234	25.87929	-32.467754	0.10035047	7053.25105714798
378	0.6331874	0.0	0.6331874	0.6331874	25.0	9450	31.448828	0.29726896	35.214603	28.411818	-32.61661	0.0803097	7071.058063030243
379	0.29869244	0.0	0.29869244	0.29869244	25.0	9475	31.54805	0.27159643	34.80965	29.159552	-32.722668	0.069114774	7088.913172245026
380	0.2438904	0.0	0.2438904	0.2438904	25.0	9500	31.670053	0.3005025	34.467766	28.162037	-32.821655	0.08902195	7107.540267467499
381	1.098743	0.0	1.098743	1.098743	25.0	9525	31.767889	0.3216455	36.251938	25.371368	-32.95312	0.099736765	7125.67844581604
382	0.54999924	0.0	0.54999924	0.54999924	25.0	9550	31.880535	0.28258434	34.81097	29.520721	-33.038437	0.069101445	7144.303114414215
383	1.5956457	0.0	1.5956457	1.5956457	25.0	9575	31.991402	0.36808586	38.109116	26.800474	-33.182972	0.1250455	7162.6698343753815
384	0.18811297	0.0	0.18811297	0.18811297	25.0	9600	32.10426	0.28083104	36.263805	30.90511	-33.25217	0.073074624	7180.539038896561
385	0.091135904	0.0	0.091135904	0.091135904	25.0	9625	32.197735	0.26389977	34.564865	30.988598	-33.392033	0.057561077	7198.9184584617615
386	0.8898918	0.0	0.8898918	0.8898918	25.0	9650	32.311825	0.264905	35.02019	29.45042	-33.475876	0.0704453	7217.478578329086
387	0.28061116	0.0	0.28061116	0.28061116	25.0	9675	32.42774	0.2903262	35.76093	28.129164	-33.63292	0.07615119	7236.079216480255
388	0.9012596	0.0	0.9012596	0.9012596	25.0	9700	32.526028	0.27487528	37.763027	30.08422	-33.72273	0.071741104	7254.781131505966
389	0.21965016	0.0	0.21965016	0.21965016	25.0	9725	32.641094	0.30410442	35.366356	30.203123	-33.815933	0.080417395	7273.355651140213
390	1.978722	0.0	1.978722	1.978722	25.0	9750	32.752735	0.30138403	34.94922	28.642431	-33.935757	0.08901856	7292.758849859238
391	1.1351695	0.0	1.1351695	1.1351695	25.0	9775	32.85875	0.24523513	35.404808	30.625664	-34.05904	0.053239435	7311.356171131134
392	1.1509289	0.0	1.1509289	1.1509289	25.0	9800	32.978848	0.28426644	35.739838	30.44698	-34.190487	0.0734229	7329.9462859630585
393	1.1809542	0.0	1.1809542	1.1809542	25.0	9825	33.089657	0.28554493	37.132683	30.588617	-34.30285	0.079853594	7348.448789358139
394	0.3479789	0.0	0.3479789	0.3479789	25.0	9850	33.205215	0.2818172	35.869358	31.880423	-34.44551	0.062159467	7367.027113676071
395	0.16367811	0.0	0.16367811	0.16367811	25.0	9875	33.309376	0.25779048	35.583744	29.30347	-34.51857	0.06416892	7385.5982093811035
396	1.5486091	0.0	1.5486091	1.5486091	25.0	9900	33.41143	0.2904354	36.193195	30.804163	-34.659534	0.07976435	7404.175150632858
397	0.30937818	0.0	0.30937818	0.30937818	25.0	9925	33.538837	0.26833126	36.181442	32.473686	-34.76568	0.06139878	7422.743195533752
398	0.47446072	0.0	0.47446072	0.47446072	25.0	9950	33.66009	0.28320467	36.01372	32.18191	-34.89127	0.059912138	7441.292513132095
399	0.35085365	0.0	0.35085365	0.35085365	25.0	9975	33.762672	0.23256995	35.879158	31.921349	-34.99739	0.050620034	7459.9564962387085
400	0.1689761	0.0	0.1689761	0.1689761	25.0	10000	33.884857	0.28308254	36.826996	30.207594	-35.12074	0.07942471	7479.4548852443695
401	0.7997145	0.0	0.7997145	0.7997145	25.0	10025	34.001076	0.2987192	38.068806	32.277424	-35.225357	0.06918961	7498.101947546005
402	0.01264902	0.0	0.01264902	0.01264902	25.0	10050	34.110073	0.25761783	36.112473	31.768122	-35.356537	0.06365957	7516.860648870468
403	0.7540524	0.0	0.7540524	0.7540524	25.0	10075	34.22397	0.26013497	36.31657	31.659063	-35.488277	0.062880345	7535.534789085388
404	0.0	0.0	0.0	0.0	25.0	10100	34.338154	0.2629106	36.42697	31.254396	-35.605843	0.07194397	7554.14555644989
405	0.16432348	0.0	0.16432348	0.16432348	25.0	10125	34.46204	0.26995924	36.290092	33.075153	-35.708714	0.07019277	7572.736449480057
406	1.7913805	0.0	1.7913805	1.7913805	25.0	10150	34.569542	0.29456738	37.526176	32.466434	-35.852848	0.07458422	7591.307321548462
407	0.032057576	0.0	0.032057576	0.032057576	25.0	10175	34.693783	0.28224826	36.88457	32.973938	-35.971638	0.074938715	7609.977581501007
408	0.03065839	0.0	0.03065839	0.03065839	25.0	10200	34.808624	0.26219037	37.269806	33.13189	-36.07928	0.06438151	7628.521562576294
409	0.707436	0.0	0.707436	0.707436	25.0	10225	34.930252	0.27153125	37.323498	32.027054	-36.20961	0.06332683	7646.827354192734
410	0.42077988	0.0	0.42077988	0.42077988	25.0	10250	35.038754	0.29480317	39.13182	33.281254	-36.317238	0.07556424	7666.3395936489105
411	1.2261891	0.0	1.2261891	1.2261891	25.0	10275	35.14858	0.2782936	37.471416	33.406593	-36.441795	0.07657793	7684.868375778198
412	0.2678256	0.0	0.2678256	0.2678256	25.0	10300	35.293423	0.34060067	38.526024	32.808784	-36.56887	0.11019139	7703.384413719177
413	1.2241691	0.0	1.2241691	1.2241691	25.0	10325	35.401146	0.28034914	37.567783	32.119904	-36.707645	0.065044925	7722.045855760574
414	0.12926683	0.0	0.12926683	0.12926683	25.0	10350	35.524273	0.29314187	38.242943	30.356064	-36.83849	0.08774026	7740.623029947281
415	0.62567437	0.0	0.62567437	0.62567437	25.0	10375	35.638172	0.35371196	40.747974	32.733257	-36.946968	0.11508772	7759.20939540863
416	0.58101326	0.0	0.58101326	0.58101326	25.0	10400	35.761375	0.294939	38.384537	32.338036	-37.07426	0.07447209	7777.613746404648
417	1.297945	0.0	1.297945	1.297945	25.0	10425	35.881718	0.273038	38.393353	35.055443	-37.200542	0.05575691	7796.228118419647
418	1.5401725	0.0	1.5401725	1.5401725	25.0	10450	36.005524	0.31567356	41.06229	33.536182	-37.32684	0.09801983	7814.760527610779
419	0.6291597	0.0	0.6291597	0.6291597	25.0	10475	36.1281	0.26803467	38.136654	32.5922	-37.440018	0.06090734	7833.275995492935
420	0.36266324	0.0	0.36266324	0.36266324	25.0	10500	36.238827	0.30484965	39.27287	31.148512	-37.576736	0.09143342	7852.74506020546
421	0.5828437	0.0	0.5828437	0.5828437	25.0	10525	36.37861	0.32599264	42.241932	33.942284	-37.70924	0.101001635	7871.295290231705
422	0.19918336	0.0	0.19918336	0.19918336	25.0	10550	36.489697	0.27564585	38.59683	34.157738	-37.849808	0.07849071	7889.881465673447
423	0.19070192	0.0	0.19070192	0.19070192	25.0	10575	36.620907	0.38968408	41.686134	29.953602	-37.97068	0.11769696	7908.492061376572
424	0.50582916	0.0	0.50582916	0.50582916	25.0	10600	36.741608	0.26804498	40.40151	33.879826	-38.087326	0.067854404	7927.066417694092
425	0.77144665	0.0	0.77144665	0.77144665	25.0	10625	36.864403	0.25197762	38.828217	35.110615	-38.207783	0.0662322	7945.583448648453
426	0.43911332	0.0	0.43911332	0.43911332	25.0	10650	36.98573	0.267786	40.33556	35.021023	-38.355896	0.0630774	7964.152648925781
427	0.74874467	0.0	0.74874467	0.74874467	25.0	10675	37.11641	0.25855616	39.238888	35.075985	-38.488052	0.062834024	7982.684687137604
428	0.9074804	0.0	0.9074804	0.9074804	25.0	10700	37.2337	0.38623416	41.358883	28.239883	-38.61498	0.13929756	8001.188521146774
429	0.63245183	0.0	0.63245183	0.63245183	25.0	10725	37.374702	0.29210955	39.872444	35.88289	-38.7445	0.07689765	8019.707193851471
430	0.3344169	0.0	0.3344169	0.3344169	25.0	10750	37.48864	0.3430732	40.85181	32.07003	-38.89857	0.123211525	8039.342840909958
431	1.7808582	0.0	1.7808582	1.7808582	25.0	10775	37.629326	0.3326988	42.21985	35.446857	-38.988277	0.09798571	8057.857371330261
432	0.54389346	0.0	0.54389346	0.54389346	25.0	10800	37.745163	0.30952966	43.625595	33.224792	-39.149906	0.09481901	8076.472169160843
433	1.854082	0.0	1.854082	1.854082	25.0	10825	37.884804	0.3040183	40.3352	34.80431	-39.263977	0.07888959	8095.124793767929
434	0.4519855	0.0	0.4519855	0.4519855	25.0	10850	38.002228	0.32079387	40.29417	32.279076	-39.390766	0.09737794	8113.686835050583
435	0.5096248	0.0	0.5096248	0.5096248	25.0	10875	38.14511	0.29518545	40.719807	35.918705	-39.533382	0.08114341	8132.320605516434
436	0.34594315	0.0	0.34594315	0.34594315	25.0	10900	38.26289	0.39810503	45.90541	35.62691	-39.68589	0.15295847	8151.010522842407
437	0.55583376	0.0	0.55583376	0.55583376	25.0	10925	38.38722	0.27172452	40.50461	36.553463	-39.799294	0.06626038	8169.591956377029
438	1.7590666	0.0	1.7590666	1.7590666	25.0	10950	38.521095	0.34437624	42.6819	35.588215	-39.917133	0.11476003	8188.29319691658
439	0.8361606	0.0	0.8361606	0.8361606	25.0	10975	38.64609	0.34625626	42.429543	36.027298	-40.0698	0.12192092	8206.910324335098
440	0.66860735	0.0	0.66860735	0.66860735	25.0	11000	38.77617	0.4205155	42.486927	32.048363	-40.20417	0.1579864	8226.43904876709
441	0.28175533	0.0	0.28175533	0.28175533	25.0	11025	38.91091	0.39687407	46.11397	35.655922	-40.340595	0.14614055	8245.069149017334
442	0.82622916	0.0	0.82622916	0.82622916	25.0	11050	39.036118	0.33917332	42.480453	34.9734	-40.482044	0.103505336	8263.647913694382
443	0.08867955	0.0	0.08867955	0.08867955	25.0	11075	39.178364	0.3066032	42.280437	35.610935	-40.6133	0.087894924	8282.280779361725
444	0.10743503	0.0	0.10743503	0.10743503	25.0	11100	39.313644	0.38278922	45.025005	35.65001	-40.771248	0.13444322	8300.86190867424
445	0.006521444	0.0	0.006521444	0.006521444	25.0	11125	39.440453	0.33597872	42.37521	36.083298	-40.890713	0.097399145	8319.470156908035
446	1.0358801	0.0	1.0358801	1.0358801	25.0	11150	39.577065	0.3891877	42.48197	33.166172	-41.03013	0.13906604	8338.022577524185
447	0.52571934	0.0	0.52571934	0.52571934	25.0	11175	39.724354	0.36514825	46.070477	36.49825	-41.183426	0.12445171	8356.638508796692
448	0.0	0.0	0.0	0.0	25.0	11200	39.83164	0.3065035	42.037266	36.206635	-41.29539	0.08834274	8375.385641098022
449	0.5674242	0.0	0.5674242	0.5674242	25.0	11225	39.976097	0.32623544	42.82787	33.718884	-41.441544	0.102027304	8394.155840158463
450	0.8456084	0.0	0.8456084	0.8456084	25.0	11250	40.10343	0.33164477	43.8505	35.65731	-41.57334	0.101379424	8413.713062047958
451	1.2307347	0.0	1.2307347	1.2307347	25.0	11275	40.2474	0.34078676	47.013786	37.728455	-41.7407	0.10087398	8432.360970497131
452	0.76741695	0.0	0.76741695	0.76741695	25.0	11300	40.38285	0.3110398	43.46286	36.752937	-41.871483	0.09476242	8450.97797870636
453	0.31065935	0.0	0.31065935	0.31065935	25.0	11325	40.522495	0.2830059	42.998085	37.59535	-42.01944	0.0809738	8469.545189619064
454	1.5439277	0.0	1.5439277	1.5439277	25.0	11350	40.66444	0.27760777	42.981125	38.58103	-42.15419	0.066763766	8488.152263402939
455	3.0699973	0.0	3.0699973	3.0699973	25.0	11375	40.79879	0.27329162	43.1074	38.80249	-42.2838	0.0665049	8506.683389663696
456	1.6422437	0.0	1.6422437	1.6422437	25.0	11400	40.92615	0.348065	47.423073	37.2776	-42.44699	0.11619367	8525.233475923538
457	0.7023992	0.0	0.7023992	0.7023992	25.0	11425	41.071312	0.30890813	45.87543	37.379326	-42.57123	0.088154964	8543.763266801834
458	0.0	0.0	0.0	0.0	25.0	11450	41.209885	0.26924542	43.78851	39.39122	-42.723114	0.068800986	8562.275262117386
459	0.5500693	0.0	0.5500693	0.5500693	25.0	11475	41.34792	0.29008254	45.109352	38.836594	-42.88001	0.06936263	8580.85630774498
460	0.56942415	0.0	0.56942415	0.56942415	25.0	11500	41.487667	0.2841254	43.78773	39.342728	-43.023975	0.076540425	8600.38725066185
461	1.0643457	0.0	1.0643457	1.0643457	25.0	11525	41.637314	0.31389096	45.529182	37.32372	-43.1856	0.09433804	8618.92815542221
462	0.5442363	0.0	0.5442363	0.5442363	25.0	11550	41.77241	0.30246797	46.365738	39.816128	-43.31571	0.07461979	8637.45132303238
463	1.2403181	0.0	1.2403181	1.2403181	25.0	11575	41.924206	0.32528296	44.257595	38.47609	-43.460777	0.087597944	8656.0613925457
464	0.24671035	0.0	0.24671035	0.24671035	25.0	11600	42.061893	0.30843627	44.69883	40.230766	-43.62695	0.085997075	8674.635784387589
465	0.7188737	0.0	0.7188737	0.7188737	25.0	11625	42.201096	0.27981573	44.363876	39.77064	-43.7593	0.07299354	8693.239136695862
466	0.98278517	0.0	0.98278517	0.98278517	25.0	11650	42.336727	0.29006582	45.253693	40.665367	-43.911766	0.08184944	8711.74478840828
467	0.1439735	0.0	0.1439735	0.1439735	25.0	11675	42.48783	0.30377293	45.422775	37.91787	-44.06095	0.08750695	8730.29272866249
468	1.1009223	0.0	1.1009223	1.1009223	25.0	11700	42.641895	0.2893574	46.201263	40.265766	-44.216724	0.0766456	8751.954807519913
469	0.5759007	0.0	0.5759007	0.5759007	25.0	11725	42.774433	0.27090463	45.036697	41.589615	-44.36044	0.07323762	8770.496001243591
470	0.5544335	0.0	0.5544335	0.5544335	25.0	11750	42.921303	0.27032545	44.488483	39.671577	-44.516026	0.07728869	8790.001554012299
471	0.4526475	0.0	0.4526475	0.4526475	25.0	11775	43.07434	0.3173586	47.122158	41.517033	-44.6544	0.09727771	8808.551315784454
472	0.6236933	0.0	0.6236933	0.6236933	25.0	11800	43.21196	0.3540636	47.103256	37.37958	-44.80685	0.13493142	8827.024434566498
473	0.53869313	0.0	0.53869313	0.53869313	25.0	11825	43.362656	0.36591682	46.83873	38.569775	-44.952362	0.11862248	8845.564877033234
474	0.6376365	0.0	0.6376365	0.6376365	25.0	11850	43.5113	0.33626202	49.200058	40.769672	-45.12699	0.10580526	8864.233414411545
475	0.5710165	0.0	0.5710165	0.5710165	25.0	11875	43.655975	0.35751587	48.940674	40.167942	-45.295223	0.12451256	8882.783204078674
476	0.7386824	0.0	0.7386824	0.7386824	25.0	11900	43.802536	0.31515267	46.88005	40.912186	-45.432865	0.10336347	8901.382753372192
477	0.69683284	0.0	0.69683284	0.69683284	25.0	11925	43.964523	0.3068849	46.81557	42.81155	-45.58899	0.07770955	8920.010673761368
478	0.5406159	0.0	0.5406159	0.5406159	25.0	11950	44.10733	0.36926016	51.578583	39.090256	-45.72658	0.1290094	8938.61124420166
479	0.8059348	0.0	0.8059348	0.8059348	25.0	11975	44.240986	0.40298653	49.966213	38.944088	-45.870705	0.15474057	8957.11810040474
480	0.3068641	0.0	0.3068641	0.3068641	25.0	12000	44.409306	0.4070045	48.57314	37.43662	-46.040646	0.1540003	8976.842425823212
481	0.9406223	0.0	0.9406223	0.9406223	25.0	12025	44.548546	0.48381174	53.284798	35.46333	-46.188564	0.22045462	8995.508755922318
482	1.7502033	0.0	1.7502033	1.7502033	25.0	12050	44.69467	0.3373721	48.129032	40.397858	-46.349728	0.11396799	9014.063989639282
483	0.101686664	0.0	0.101686664	0.101686664	25.0	12075	44.86159	0.34199315	47.2927	42.00346	-46.487537	0.10646842	9032.622479915619
484	0.19976	0.0	0.19976	0.19976	25.0	12100	45.004116	0.34875324	47.816	40.901924	-46.689354	0.1036375	9051.202186107635
485	0.38418368	0.0	0.38418368	0.38418368	25.0	12125	45.14205	0.30402848	48.355164	42.433304	-46.81215	0.095119335	9069.771774053574
486	0.4947598	0.0	0.4947598	0.4947598	25.0	12150	45.312344	0.33165368	48.451084	42.41873	-46.980484	0.098347396	9088.274591684341
487	0.7248326	0.0	0.7248326	0.7248326	25.0	12175	45.468582	0.3054888	48.637238	42.513603	-47.14853	0.08893301	9106.82154417038
488	0.3205954	0.0	0.3205954	0.3205954	25.0	12200	45.626045	0.37436903	49.08084	42.632504	-47.30985	0.13583517	9125.356899023056
489	0.97474533	0.0	0.97474533	0.97474533	25.0	12225	45.7691	0.39883837	51.642487	40.779793	-47.471745	0.15138015	9143.961377382278
490	0.9871114	0.0	0.9871114	0.9871114	25.0	12250	45.927998	0.39332855	49.8045	41.794678	-47.627323	0.15042749	9163.67038679123
491	0.46697068	0.0	0.46697068	0.46697068	25.0	12275	46.08519	0.36020988	48.425587	39.24242	-47.774246	0.11680124	9182.22663807869
492	0.19390738	0.0	0.19390738	0.19390738	25.0	12300	46.231514	0.3259655	50.952408	42.301426	-47.946354	0.097243	9200.842433691025
493	0.16335893	0.0	0.16335893	0.16335893	25.0	12325	46.394142	0.31431004	48.969334	45.427708	-48.133335	0.09407475	9219.405328035355
494	0.033584863	0.0	0.033584863	0.033584863	25.0	12350	46.55008	0.34757596	50.901096	40.237087	-48.288937	0.12107027	9237.987571954727
495	0.27427107	0.0	0.27427107	0.27427107	25.0	12375	46.714237	0.30230373	48.92159	44.763905	-48.444824	0.08245714	9256.586176872253
496	0.5070406	0.0	0.5070406	0.5070406	25.0	12400	46.87334	0.35587996	54.478073	43.970474	-48.621098	0.1287033	9275.63613653183
497	0.8493759	0.0	0.8493759	0.8493759	25.0	12425	47.0317	0.36498985	49.366882	42.28981	-48.776894	0.11700827	9294.150490999222
498	1.0683866	0.0	1.0683866	1.0683866	25.0	12450	47.185215	0.37236443	52.563606	43.773384	-48.93256	0.13905993	9312.923583745956
499	0.71594906	0.0	0.71594906	0.71594906	25.0	12475	47.35744	0.34305197	50.014526	44.941994	-49.09026	0.109148525	9331.974738836288
500	1.1618962	0.0	1.1618962	1.1618962	25.0	12500	47.502552	0.33453307	50.98881	42.17803	-49.237904	0.101669915	9351.786365509033
501	1.2868907	0.0	1.2868907	1.2868907	25.0	12525	47.656662	0.41717806	49.68815	36.383976	-49.419086	0.18256512	9370.525897979736
502	0.9283157	0.0	0.9283157	0.9283157	25.0	12550	47.826733	0.36867863	53.403778	45.65871	-49.56051	0.13812554	9390.19096660614
503	0.029179506	0.0	0.029179506	0.029179506	25.0	12575	47.97919	0.35006675	49.706184	43.361645	-49.752533	0.12734476	9408.755053758621
504	0.0	0.0	0.0	0.0	25.0	12600	48.156105	0.45646122	53.33915	40.91312	-49.918262	0.1861069	9427.278189897537
505	0.21867412	0.0	0.21867412	0.21867412	25.0	12625	48.294453	0.48160014	54.43345	38.65623	-50.101795	0.22075744	9445.877837657928
506	0.41688967	0.0	0.41688967	0.41688967	25.0	12650	48.47961	0.44533512	58.965126	43.260963	-50.25891	0.19302073	9464.47574019432
507	0.93055147	0.0	0.93055147	0.93055147	25.0	12675	48.632656	0.41107285	52.73637	41.58288	-50.42646	0.16954905	9483.052062749863
508	0.18816634	0.0	0.18816634	0.18816634	25.0	12700	48.79705	0.46106017	55.082043	45.638878	-50.610126	0.2092288	9501.676331043243
509	0.23964067	0.0	0.23964067	0.23964067	25.0	12725	48.948956	0.40277544	51.151123	45.50473	-50.78053	0.16637395	9520.249408006668
510	1.8423344	0.0	1.8423344	1.8423344	25.0	12750	49.134422	0.34824228	51.73376	44.82732	-50.967342	0.13091038	9539.901355028152
511	0.7650198	0.0	0.7650198	0.7650198	25.0	12775	49.310547	0.4053335	52.789238	44.194763	-51.11953	0.15975064	9558.554203510284
512	1.2643819	0.0	1.2643819	1.2643819	25.0	12800	49.456375	0.40222895	57.86918	45.78917	-51.296173	0.15123427	9577.560825824738
513	1.3490744	0.0	1.3490744	1.3490744	25.0	12825	49.629047	0.37540683	52.232784	42.358196	-51.470947	0.137649	9596.152731895447
514	1.0407149	0.0	1.0407149	1.0407149	25.0	12850	49.789658	0.36036265	52.296093	43.551826	-51.65782	0.12277838	9614.746224164963
515	0.73263365	0.0	0.73263365	0.73263365	25.0	12875	49.990246	0.41693956	58.288364	45.294754	-51.809425	0.1593729	9633.340474843979
516	0.9390003	0.0	0.9390003	0.9390003	25.0	12900	50.12074	0.33916795	53.869793	48.18407	-51.999012	0.108463906	9651.996983289719
517	1.0723702	0.0	1.0723702	1.0723702	25.0	12925	50.30877	0.37717333	53.081337	43.90608	-52.167286	0.1481887	9670.543236494064
518	0.3744648	0.0	0.3744648	0.3744648	25.0	12950	50.48996	0.3543715	55.76223	47.424454	-52.34888	0.102649115	9689.1192715168
519	0.35886133	0.0	0.35886133	0.35886133	25.0	12975	50.651142	0.3213908	54.540867	48.095543	-52.50968	0.09862785	9707.697274446487
520	0.51586026	0.0	0.51586026	0.51586026	25.0	13000	50.80244	0.4393443	54.054966	42.376106	-52.69569	0.19432864	9727.340385198593
521	0.57501024	0.0	0.57501024	0.57501024	25.0	13025	50.98231	0.32479545	52.63393	49.542645	-52.864433	0.1074069	9745.902681827545
522	0.8753714	0.0	0.8753714	0.8753714	25.0	13050	51.171112	0.36614463	56.831287	48.31887	-53.05208	0.12446864	9764.474699735641
523	1.7176871	0.0	1.7176871	1.7176871	25.0	13075	51.334335	0.33177918	54.323948	48.781597	-53.243004	0.099536136	9783.116486787796
524	0.36393258	0.0	0.36393258	0.36393258	25.0	13100	51.50949	0.35928664	57.0564	49.70835	-53.40961	0.11258339	9801.735429048538
525	0.19684346	0.0	0.19684346	0.19684346	25.0	13125	51.675793	0.34225368	55.62125	48.076653	-53.600163	0.11646493	9820.293956756592
526	1.4294156	0.0	1.4294156	1.4294156	25.0	13150	51.854904	0.32102886	54.71558	48.098076	-53.77544	0.098274745	9838.953296422958
527	0.27427173	0.0	0.27427173	0.27427173	25.0	13175	52.036453	0.38415322	57.756645	48.75563	-53.97949	0.12791239	9857.541624546051
528	1.552002	0.0	1.552002	1.552002	25.0	13200	52.213882	0.3645601	54.894646	49.19343	-54.13298	0.11465948	9876.097776889801
529	0.94327146	0.0	0.94327146	0.94327146	25.0	13225	52.381767	0.34404093	54.40508	49.883224	-54.34363	0.113888405	9894.64806842804
530	0.0	0.0	0.0	0.0	25.0	13250	52.55477	0.3530759	55.54498	48.257046	-54.511913	0.11617747	9914.379724025726
531	0.8587464	0.0	0.8587464	0.8587464	25.0	13275	52.753468	0.3697486	59.887745	49.940998	-54.694786	0.13866957	9932.989580631256
532	0.2659428	0.0	0.2659428	0.2659428	25.0	13300	52.929188	0.35697773	56.20393	50.659557	-54.905483	0.116751745	9951.557493925095
533	0.0	0.0	0.0	0.0	25.0	13325	53.10507	0.339951	55.90255	51.012096	-55.070206	0.11899147	9970.080398082733
534	0.92675304	0.0	0.92675304	0.92675304	25.0	13350	53.291115	0.43146685	57.69533	50.015934	-55.23338	0.17675789	9988.604354143143
535	0.5563245	0.0	0.5563245	0.5563245	25.0	13375	53.44624	0.41613114	56.468636	48.89937	-55.457764	0.16551268	10007.16910624504
536	0.9468037	0.0	0.9468037	0.9468037	25.0	13400	53.64856	0.36805153	56.983345	51.425255	-55.628212	0.11083861	10025.811351299286
537	1.5942782	0.0	1.5942782	1.5942782	25.0	13425	53.821796	0.32819167	55.291813	51.85164	-55.82598	0.10978859	10044.554074525833
538	0.6559362	0.0	0.6559362	0.6559362	25.0	13450	54.02068	0.38112304	58.806522	49.997707	-56.041958	0.13252792	10063.226945638657
539	0.377874	0.0	0.377874	0.377874	25.0	13475	54.199112	0.37422654	58.21165	49.73002	-56.22309	0.13237077	10081.823912620544
540	0.8526188	0.0	0.8526188	0.8526188	25.0	13500	54.384796	0.44343925	59.025154	51.531647	-56.41914	0.1934072	10101.776661634445
541	1.1734279	0.0	1.1734279	1.1734279	25.0	13525	54.556114	0.40590528	57.839653	50.146477	-56.60066	0.16538954	10120.337539434433
542	0.21027027	0.0	0.21027027	0.21027027	25.0	13550	54.75902	0.39696857	57.903214	50.727997	-56.786552	0.16801287	10138.901173830032
543	0.46983	0.0	0.46983	0.46983	25.0	13575	54.936874	0.43335307	64.63301	50.609646	-56.960182	0.17943235	10157.477144002914
544	1.4058613	0.0	1.4058613	1.4058613	25.0	13600	55.119137	0.4521569	58.240738	48.070786	-57.169346	0.20337594	10176.117106437683
545	0.79723585	0.0	0.79723585	0.79723585	25.0	13625	55.332207	0.50866723	66.688354	50.864746	-57.363922	0.25259057	10194.7517516613
546	0.15505143	0.0	0.15505143	0.15505143	25.0	13650	55.47429	0.50955844	58.173977	42.252495	-57.537598	0.2576325	10213.322519779205
547	0.8555226	0.0	0.8555226	0.8555226	25.0	13675	55.696747	0.39739904	60.176487	53.1416	-57.75949	0.15721686	10231.91696357727
548	0.28365207	0.0	0.28365207	0.28365207	25.0	13700	55.862568	0.41260287	60.41951	52.29848	-57.929653	0.16521399	10250.567739248276
549	1.0547577	0.0	1.0547577	1.0547577	25.0	13725	56.04999	0.54074794	62.887558	43.042923	-58.139122	0.28380376	10269.099780082703
550	0.9990198	0.0	0.9990198	0.9990198	25.0	13750	56.24657	0.37313557	59.14592	53.072758	-58.321953	0.13208264	10288.827513933182
551	0.8507355	0.0	0.8507355	0.8507355	25.0	13775	56.44638	0.40922886	61.50863	53.996407	-58.55099	0.13094336	10307.381556749344
552	1.7246574	0.0	1.7246574	1.7246574	25.0	13800	56.627213	0.4032816	62.438313	53.399982	-58.749165	0.16432129	10325.947824716568
553	0.32244805	0.0	0.32244805	0.32244805	25.0	13825	56.826103	0.39143673	59.916073	53.187912	-58.917423	0.13640125	10344.5358273983
554	0.464295	0.0	0.464295	0.464295	25.0	13850	57.022755	0.40918374	66.26573	55.32039	-59.132904	0.17127357	10363.11263680458
555	0.42514572	0.0	0.42514572	0.42514572	25.0	13875	57.21001	0.43703842	63.045452	50.826748	-59.35109	0.18734707	10381.708401918411
556	0.34413365	0.0	0.34413365	0.34413365	25.0	13900	57.393448	0.40987864	61.26274	52.631824	-59.5433	0.16926552	10400.334448575974
557	0.30691218	0.0	0.30691218	0.30691218	25.0	13925	57.603344	0.3801169	60.728176	52.584232	-59.734062	0.13473178	10418.891021251678
558	0.16304766	0.0	0.16304766	0.16304766	25.0	13950	57.800793	0.43346423	63.981785	53.108105	-59.9255	0.18530655	10437.393050909042
559	0.89921826	0.0	0.89921826	0.89921826	25.0	13975	57.98336	0.34911987	59.938774	54.686184	-60.13485	0.11895581	10455.73817205429
560	0.41139147	0.0	0.41139147	0.41139147	25.0	14000	58.191757	0.42626473	63.382675	55.436398	-60.34407	0.15758519	10475.085353374481
561	0.6628823	0.0	0.6628823	0.6628823	25.0	14025	58.378544	0.3509625	60.82872	57.03994	-60.55223	0.105602354	10493.288046598434
562	0.18404691	0.0	0.18404691	0.18404691	25.0	14050	58.57035	0.39692694	61.678505	54.274445	-60.741066	0.15092824	10511.824937582016
563	0.9217451	0.0	0.9217451	0.9217451	25.0	14075	58.789516	0.4265783	65.34368	55.88027	-60.96823	0.16077112	10530.140969753265
564	0.5859318	0.0	0.5859318	0.5859318	25.0	14100	58.96961	0.35453162	61.853317	56.94829	-61.14502	0.11803148	10548.473021507263
565	0.7372545	0.0	0.7372545	0.7372545	25.0	14125	59.171104	0.36397114	62.015522	54.65787	-61.361053	0.1269123	10566.515335798264
566	0.23085436	0.0	0.23085436	0.23085436	25.0	14150	59.376144	0.4028882	64.68296	54.219387	-61.566303	0.15458974	10585.010041236877
567	0.7037857	0.0	0.7037857	0.7037857	25.0	14175	59.571434	0.37763584	62.69808	55.817337	-61.771534	0.13531043	10603.376942157745
568	1.2170067	0.0	1.2170067	1.2170067	25.0	14200	59.76758	0.36146575	62.380993	58.088722	-61.981266	0.123087816	10621.974818468094
569	0.361637	0.0	0.361637	0.361637	25.0	14225	59.985626	0.41403878	66.27108	53.660828	-62.222015	0.16099454	10640.561785459518
570	0.0	0.0	0.0	0.0	25.0	14250	60.181553	0.42398295	66.19636	56.306984	-62.423107	0.18626331	10660.198808193207
571	0.4931316	0.0	0.4931316	0.4931316	25.0	14275	60.386112	0.3728001	63.076153	57.42259	-62.63592	0.13402401	10678.722905158997
572	0.122446336	0.0	0.122446336	0.122446336	25.0	14300	60.583477	0.3924107	63.48854	56.095673	-62.84894	0.14481081	10697.32937836647
573	0.82183325	0.0	0.82183325	0.82183325	25.0	14325	60.794968	0.38832742	65.27944	55.810238	-63.059296	0.14561325	10715.945057868958
574	0.0	0.0	0.0	0.0	25.0	14350	60.99651	0.37735963	64.42664	58.519936	-63.266735	0.13236661	10734.470099687576
575	0.7803453	0.0	0.7803453	0.7803453	25.0	14375	61.193497	0.43781954	64.91255	54.110226	-63.473915	0.1901924	10753.089302778244
576	0.054031495	0.0	0.054031495	0.054031495	25.0	14400	61.412983	0.37008443	64.68612	59.577736	-63.674862	0.14006028	10771.649000406265
577	0.46495542	0.0	0.46495542	0.46495542	25.0	14425	61.60247	0.33568463	64.916916	59.83602	-63.891136	0.119859874	10790.25764465332
578	1.6433	0.0	1.6433	1.6433	25.0	14450	61.8321	0.40992346	65.6067	58.44025	-64.12202	0.15665546	10808.865745544434
579	0.99695677	0.0	0.99695677	0.99695677	25.0	14475	62.037666	0.4119137	69.42806	57.601585	-64.35759	0.16432127	10827.440990447998
580	1.8126719	0.0	1.8126719	1.8126719	25.0	14500	62.245136	0.41952986	64.43604	60.29207	-64.56652	0.1706946	10847.204202651978
581	0.65253735	0.0	0.65253735	0.65253735	25.0	14525	62.442574	0.374321	65.8451	59.7743	-64.766075	0.1353599	10865.819930791855
582	0.6162102	0.0	0.6162102	0.6162102	25.0	14550	62.69167	0.43681264	65.75083	58.557186	-65.01689	0.16935858	10884.4365837574
583	0.77392215	0.0	0.77392215	0.77392215	25.0	14575	62.879833	0.40214425	65.99627	60.10753	-65.20605	0.14900495	10902.963826417923
584	1.0063555	0.0	1.0063555	1.0063555	25.0	14600	63.088573	0.434295	66.96324	56.53636	-65.46544	0.18144183	10921.534255981445
585	0.22820216	0.0	0.22820216	0.22820216	25.0	14625	63.31318	0.3813617	67.284836	58.54231	-65.67745	0.14518763	10940.196083784103
586	0.5862744	0.0	0.5862744	0.5862744	25.0	14650	63.521053	0.4326446	71.75897	60.8275	-65.865204	0.1781912	10958.661072015762
587	1.1112844	0.0	1.1112844	1.1112844	25.0	14675	63.712997	0.36901584	67.27442	60.25413	-66.08044	0.13208283	10977.154309511185
588	0.0	0.0	0.0	0.0	25.0	14700	63.92303	0.39852792	68.54685	57.698498	-66.28234	0.16182016	10995.682630777359
589	0.26829445	0.0	0.26829445	0.26829445	25.0	14725	64.12915	0.38687396	66.923706	62.104584	-66.50428	0.13953204	11014.30109667778
590	0.53037566	0.0	0.53037566	0.53037566	25.0	14750	64.34459	0.48505944	70.32136	60.930984	-66.75036	0.22545475	11034.123652935028
591	1.4240141	0.0	1.4240141	1.4240141	25.0	14775	64.53457	0.44906223	71.049774	58.9991	-66.95974	0.18654211	11052.694620132446
592	0.42681906	0.0	0.42681906	0.42681906	25.0	14800	64.748116	0.40873364	67.91872	61.204952	-67.1664	0.16233033	11071.328466415405
593	1.0372964	0.0	1.0372964	1.0372964	25.0	14825	64.972565	0.38467196	67.172165	63.561844	-67.39072	0.1443197	11089.994760990143
594	0.0	0.0	0.0	0.0	25.0	14850	65.17906	0.5593145	72.19776	54.07726	-67.61938	0.3141103	11108.620475053787
595	0.301513	0.0	0.301513	0.301513	25.0	14875	65.41874	0.6605672	78.55612	57.423973	-67.8259	0.42498946	11127.251458644867
596	0.7815532	0.0	0.7815532	0.7815532	25.0	14900	65.62015	0.54416674	73.03666	59.48417	-68.02357	0.27557668	11145.856483459473
597	1.4590325	0.0	1.4590325	1.4590325	25.0	14925	65.81155	0.5340612	68.850685	56.511467	-68.256	0.28732488	11163.964373350143
598	2.5088255	0.0	2.5088255	2.5088255	25.0	14950	66.05145	0.5003691	74.11246	60.180714	-68.499245	0.24911648	11181.835523605347
599	1.988114	0.0	1.988114	1.988114	25.0	14975	66.254875	0.432971	70.722275	60.763386	-68.72459	0.17886412	11199.63505911827
600	0.5055639	0.0	0.5055639	0.5055639	25.0	15000	66.48277	0.73310953	72.96539	47.614586	-68.95053	0.5400193	11218.667174339294
601	0.23166056	0.0	0.23166056	0.23166056	25.0	15025	66.71756	0.6560538	77.84692	61.371025	-69.17089	0.4092557	11236.48489689827
602	0.13235055	0.0	0.13235055	0.13235055	25.0	15050	66.92009	0.66242576	82.60171	57.6258	-69.41791	0.44301927	11254.330681324005
603	0.9899111	0.0	0.9899111	0.9899111	25.0	15075	67.15303	0.5002108	70.36845	61.866	-69.69474	0.23277345	11272.163262367249
604	0.37938893	0.0	0.37938893	0.37938893	25.0	15100	67.38881	0.4929416	75.15735	62.625034	-69.89463	0.22762844	11290.008880615234
605	0.95154613	0.0	0.95154613	0.95154613	25.0	15125	67.628334	0.49321944	74.295555	59.243977	-70.12401	0.24919882	11308.311103343964
606	0.43271968	0.0	0.43271968	0.43271968	25.0	15150	67.825935	0.51585615	73.20079	59.98494	-70.36209	0.26121864	11326.146248817444
607	1.0422533	0.0	1.0422533	1.0422533	25.0	15175	68.072	0.43414545	72.71489	63.85983	-70.61319	0.17531145	11344.023754835129
608	0.29714513	0.0	0.29714513	0.29714513	25.0	15200	68.31997	0.5214152	74.741516	63.01114	-70.83667	0.25668028	11361.845140695572
609	0.25797233	0.0	0.25797233	0.25797233	25.0	15225	68.52031	0.59180707	85.8828	64.47587	-71.08164	0.34423253	11379.764495372772
610	0.6422474	0.0	0.6422474	0.6422474	25.0	15250	68.76778	0.4733301	75.78689	64.16043	-71.36085	0.2208688	11398.818303108215
611	1.0628589	0.0	1.0628589	1.0628589	25.0	15275	68.99093	0.4246443	72.41551	65.013405	-71.56557	0.17039017	11416.728740215302
612	0.22420451	0.0	0.22420451	0.22420451	25.0	15300	69.24798	0.4962449	73.2956	63.143322	-71.823326	0.23574248	11434.632360458374
613	0.121597014	0.0	0.121597014	0.121597014	25.0	15325	69.46958	0.38493022	72.06288	67.47061	-72.049706	0.1415978	11452.594678401947
614	0.12247719	0.0	0.12247719	0.12247719	25.0	15350	69.68499	0.47135037	72.54948	64.81442	-72.30442	0.226334	11470.563388109207
615	0.2968528	0.0	0.2968528	0.2968528	25.0	15375	69.94929	0.47523323	74.3602	67.90904	-72.53999	0.22360684	11488.579694271088
616	0.2753601	0.0	0.2753601	0.2753601	25.0	15400	70.17979	0.40436602	73.010925	68.210846	-72.77141	0.17031685	11506.473101139069
617	0.14594306	0.0	0.14594306	0.14594306	25.0	15425	70.40818	0.4416914	73.4384	67.44089	-73.048454	0.1944747	11524.324208021164
618	1.5779006	0.0	1.5779006	1.5779006	25.0	15450	70.65982	0.51681054	75.97684	60.14607	-73.28768	0.24906626	11542.260120153427
619	0.16586044	0.0	0.16586044	0.16586044	25.0	15475	70.878395	0.4226742	77.13109	67.9645	-73.5227	0.15120174	11560.43070268631
620	0.45116192	0.0	0.45116192	0.45116192	25.0	15500	71.13071	0.44058168	75.01692	67.38111	-73.77916	0.19312935	11580.338542699814
621	0.35040855	0.0	0.35040855	0.35040855	25.0	15525	71.36952	0.5795562	76.06182	57.217735	-74.05518	0.321373	11598.665325164795
622	0.4341113	0.0	0.4341113	0.4341113	25.0	15550	71.63401	0.5190333	81.80446	68.838936	-74.28353	0.26040277	11616.904651641846
623	0.115283705	0.0	0.115283705	0.115283705	25.0	15575	71.84456	0.49293867	76.20382	65.22564	-74.5302	0.23620051	11635.780383586884
624	0.7441293	0.0	0.7441293	0.7441293	25.0	15600	72.09563	0.44996306	78.45941	68.155495	-74.78933	0.19156313	11654.60660815239
625	0.20955092	0.0	0.20955092	0.20955092	25.0	15625	72.359245	0.5288381	85.08365	68.91465	-75.045906	0.25662038	11673.389345645905
626	0.7236222	0.0	0.7236222	0.7236222	25.0	15650	72.59943	0.4587707	75.76458	68.554504	-75.297104	0.20424175	11692.236458539963
627	0.9946918	0.0	0.9946918	0.9946918	25.0	15675	72.833176	0.58497614	78.065735	64.85779	-75.55852	0.33687198	11710.877026557922
628	1.0998559	0.0	1.0998559	1.0998559	25.0	15700	73.07459	0.50168717	78.25227	70.21161	-75.8199	0.2340892	11729.221917152405
629	0.5731522	0.0	0.5731522	0.5731522	25.0	15725	73.337685	0.47301576	77.31512	69.746445	-76.04756	0.19951616	11747.325786113739
630	0.08940035	0.0	0.08940035	0.08940035	25.0	15750	73.57417	0.4716373	77.7939	68.24317	-76.32264	0.20967673	11766.632166862488
631	0.42773026	0.0	0.42773026	0.42773026	25.0	15775	73.81959	0.40903682	75.874214	71.16083	-76.59186	0.16793749	11784.848875284195
632	0.06058134	0.0	0.06058134	0.06058134	25.0	15800	74.08423	0.4170049	78.00473	71.00283	-76.844246	0.17141335	11802.910551548004
633	0.52707523	0.0	0.52707523	0.52707523	25.0	15825	74.32408	0.42807248	76.93306	70.47969	-77.06498	0.17993519	11821.009373664856
634	0.43690062	0.0	0.43690062	0.43690062	25.0	15850	74.58192	0.5731412	78.22815	60.229828	-77.35152	0.32027465	11839.123813152313
635	0.9828568	0.0	0.9828568	0.9828568	25.0	15875	74.84199	0.516805	80.65342	70.89698	-77.647484	0.24840307	11857.164155483246
636	0.20900793	0.0	0.20900793	0.20900793	25.0	15900	75.07843	0.40298367	77.27142	70.46251	-77.89334	0.16033794	11875.21694612503
637	1.1409738	0.0	1.1409738	1.1409738	25.0	15925	75.33719	0.44343078	81.06482	72.47993	-78.12325	0.18845975	11893.29465675354
638	0.84004617	0.0	0.84004617	0.84004617	25.0	15950	75.603676	0.42435756	78.51102	69.91758	-78.42252	0.17547211	11911.861556053162
639	0.973569	0.0	0.973569	0.973569	25.0	15975	75.84571	0.4637972	79.63234	70.83799	-78.69839	0.20713007	11930.028501987457
640	0.49061728	0.0	0.49061728	0.49061728	25.0	16000	76.12169	0.6327075	94.35762	73.5633	-78.95571	0.39217418	11949.32787489891
641	0.6120894	0.0	0.6120894	0.6120894	25.0	16025	76.37158	0.72545594	86.26161	68.46743	-79.25818	0.5081603	11967.428481578827
642	0.11994848	0.0	0.11994848	0.11994848	25.0	16050	76.621475	0.4890692	81.8446	73.040344	-79.51469	0.23218183	11985.549396514893
643	0.3693716	0.0	0.3693716	0.3693716	25.0	16075	76.89659	0.4740437	82.27849	73.9079	-79.77611	0.20655926	12003.605149507523
644	0.49875417	0.0	0.49875417	0.49875417	25.0	16100	77.16733	0.4986621	79.728905	72.65356	-80.03084	0.24883297	12021.667515277863
645	0.5093517	0.0	0.5093517	0.5093517	25.0	16125	77.40681	0.6117616	83.52474	71.78882	-80.28624	0.36377448	12040.120790481567
646	0.7414052	0.0	0.7414052	0.7414052	25.0	16150	77.66982	0.57471883	86.17969	72.46007	-80.5598	0.3223767	12058.838844776154
647	0.00082936697	0.0	0.00082936697	0.00082936697	25.0	16175	77.941345	0.50222844	81.47458	73.57472	-80.85747	0.23683849	12077.602209806442
648	0.44390857	0.0	0.44390857	0.44390857	25.0	16200	78.20049	0.4736569	81.82596	74.639885	-81.1332	0.22030933	12096.417536020279
649	0.45305347	0.0	0.45305347	0.45305347	25.0	16225	78.46768	0.6999395	83.667206	57.919384	-81.36668	0.4695631	12115.142044305801
650	0.23492509	0.0	0.23492509	0.23492509	25.0	16250	78.74108	0.48635375	83.19405	75.87423	-81.661934	0.2246177	12135.43460392952
651	0.36474413	0.0	0.36474413	0.36474413	25.0	16275	78.98819	0.5366817	84.23098	73.712654	-81.94783	0.2951487	12154.152642965317
652	1.7779062	0.0	1.7779062	1.7779062	25.0	16300	79.286896	0.6126001	88.14653	76.27736	-82.218155	0.3247406	12172.79860162735
