Epoch	AverageEpRet	StdEpRet	MaxEpRet	MinEpRet	EpLen	TotalEnvInteracts	AverageQVals	StdQVals	MaxQVals	MinQVals	LossPi	LossQ	Time
1	0.24631043	0.0	0.24631043	0.24631043	25.0	25	-0.011018858	0.16436173	0.2437798	-0.63183	-0.07967105	0.028023142	19.335553884506226
2	0.7530649	0.0	0.7530649	0.7530649	25.0	50	0.013167518	0.05606306	0.29288352	-0.21391921	-0.13362716	0.005356144	37.39585995674133
3	0.66733307	0.0	0.66733307	0.66733307	25.0	75	0.039721794	0.052138705	0.25635594	-0.09116852	-0.19623874	0.002384864	55.44191884994507
4	0.21509698	0.0	0.21509698	0.21509698	25.0	100	0.047779102	0.05008206	0.2665418	-0.08610861	-0.283111	0.0015730527	73.48599362373352
5	0.33310848	0.0	0.33310848	0.33310848	25.0	125	0.06260252	0.06734268	0.33827287	-0.13537505	-0.09961394	0.003820928	91.46206331253052
6	0.61203796	0.0	0.61203796	0.61203796	25.0	150	0.07366364	0.04221787	0.30085644	-0.013326227	-0.14592217	0.0017882931	109.42367625236511
7	0.31670567	0.0	0.31670567	0.31670567	25.0	175	0.09485687	0.040586475	0.3273881	0.01664012	-0.1695779	0.0016578424	127.46435761451721
8	0.61778396	0.0	0.61778396	0.61778396	25.0	200	0.11533783	0.03705099	0.33623147	0.036757175	-0.1460989	0.0016846589	145.44453930854797
9	0.566891	0.0	0.566891	0.566891	25.0	225	0.13534585	0.032785453	0.35926715	0.06118876	-0.15654653	0.0016237317	163.40197157859802
10	0.009195575	0.0	0.009195575	0.009195575	25.0	250	0.15001333	0.036621884	0.37746936	0.07774769	-0.16425812	0.0014916409	181.58587050437927
11	0.82226557	0.0	0.82226557	0.82226557	25.0	275	0.16242322	0.027854785	0.3831853	0.09616344	-0.2188528	0.0018968083	199.6001844406128
12	0.0	0.0	0.0	0.0	25.0	300	0.17280696	0.032234676	0.4040782	0.0995309	-0.20867914	0.0017494297	217.55935668945312
13	1.185829	0.0	1.185829	1.185829	25.0	325	0.184677	0.033995055	0.40628344	0.10525071	-0.24548426	0.0023280059	235.52810192108154
14	0.0	0.0	0.0	0.0	25.0	350	0.19121087	0.03146645	0.4314842	0.113810614	-0.2230052	0.002398027	253.49308466911316
15	0.73230183	0.0	0.73230183	0.73230183	25.0	375	0.20746341	0.031422388	0.4364191	0.13283475	-0.24472278	0.0026453496	271.59389567375183
16	0.0	0.0	0.0	0.0	25.0	400	0.22124209	0.030530306	0.4504709	0.1355552	-0.2655694	0.0020471439	289.54753518104553
17	0.24018037	0.0	0.24018037	0.24018037	25.0	425	0.23331855	0.02799462	0.46897146	0.14108932	-0.25002962	0.0015383833	307.4999451637268
18	0.19747286	0.0	0.19747286	0.19747286	25.0	450	0.24630062	0.028859144	0.47817296	0.14907151	-0.2915831	0.0021831044	325.4174711704254
19	0.10952454	0.0	0.10952454	0.10952454	25.0	475	0.24630061	0.029523158	0.4765571	0.14763004	-0.2566036	0.0019981405	343.3807899951935
20	0.15101497	0.0	0.15101497	0.15101497	25.0	500	0.247103	0.02936346	0.5001488	0.1491232	-0.24900721	0.0016528931	361.603462934494
21	0.85654616	0.0	0.85654616	0.85654616	25.0	525	0.2526626	0.028203163	0.5083371	0.1572053	-0.28999928	0.0022495126	380.3475570678711
22	0.4344933	0.0	0.4344933	0.4344933	25.0	550	0.25239336	0.02882725	0.50266063	0.16857702	-0.28832346	0.002105825	398.3232638835907
23	0.52677786	0.0	0.52677786	0.52677786	25.0	575	0.25992483	0.02950021	0.52016926	0.16659811	-0.32883292	0.0023457943	416.30664896965027
24	0.35073316	0.0	0.35073316	0.35073316	25.0	600	0.27475777	0.033037387	0.54884994	0.17149465	-0.3242422	0.002182542	434.2789809703827
25	0.77200836	0.0	0.77200836	0.77200836	25.0	625	0.29919866	0.026611993	0.55422235	0.19806635	-0.32826057	0.0026938238	452.2487835884094
26	0.39888477	0.0	0.39888477	0.39888477	25.0	650	0.3048899	0.028143352	0.5702203	0.23980337	-0.32324523	0.0021316572	470.2675869464874
27	0.052747007	0.0	0.052747007	0.052747007	25.0	675	0.30073872	0.028045043	0.5491971	0.1939955	-0.31068978	0.0022769414	488.2251191139221
28	0.24205174	0.0	0.24205174	0.24205174	25.0	700	0.29826564	0.027319552	0.56110144	0.24245319	-0.31348592	0.002079989	506.21924662590027
29	0.09588205	0.0	0.09588205	0.09588205	25.0	725	0.30609885	0.029972032	0.57000434	0.20806637	-0.32741153	0.002185902	524.2738111019135
30	0.17670086	0.0	0.17670086	0.17670086	25.0	750	0.31061718	0.030057443	0.5747048	0.21069425	-0.3446038	0.002018773	542.6616575717926
31	0.0	0.0	0.0	0.0	25.0	775	0.32093635	0.025633667	0.5554186	0.22015399	-0.33354864	0.001762754	560.7446646690369
32	0.29333082	0.0	0.29333082	0.29333082	25.0	800	0.32709092	0.02613975	0.60372186	0.22002608	-0.3377872	0.002136667	578.8983538150787
33	0.13489273	0.0	0.13489273	0.13489273	25.0	825	0.3312056	0.030188221	0.60746133	0.22984676	-0.33720285	0.0023313693	596.9716439247131
34	0.21258439	0.0	0.21258439	0.21258439	25.0	850	0.3293476	0.025759254	0.60824484	0.2213739	-0.3429128	0.0018456456	615.0463213920593
35	0.62127805	0.0	0.62127805	0.62127805	25.0	875	0.33555984	0.030808523	0.6119148	0.23083624	-0.34767896	0.002152026	633.1532850265503
36	1.0019389	0.0	1.0019389	1.0019389	25.0	900	0.33779243	0.02855695	0.6178856	0.22513278	-0.36762512	0.002338929	651.2280468940735
37	0.13295133	0.0	0.13295133	0.13295133	25.0	925	0.34341353	0.03006849	0.6257259	0.2571806	-0.3623033	0.00194271	669.7961709499359
38	0.48801234	0.0	0.48801234	0.48801234	25.0	950	0.34870198	0.029736798	0.6158277	0.2928996	-0.37876958	0.002445972	687.84516954422
39	0.0	0.0	0.0	0.0	25.0	975	0.35361308	0.034228902	0.6292468	0.25779882	-0.38076767	0.0024492012	705.8647539615631
40	0.4948905	0.0	0.4948905	0.4948905	25.0	1000	0.35215715	0.029810797	0.6391866	0.25423053	-0.36627316	0.002036265	724.3139989376068
41	1.0329121	0.0	1.0329121	1.0329121	25.0	1025	0.35701096	0.026628595	0.6377731	0.25691876	-0.38259244	0.0022896747	742.4352102279663
42	0.10811559	0.0	0.10811559	0.10811559	25.0	1050	0.36351335	0.029434334	0.6422135	0.26605025	-0.38812473	0.002473846	760.4791746139526
43	0.145561	0.0	0.145561	0.145561	25.0	1075	0.3646522	0.029911693	0.65045166	0.271122	-0.38303435	0.002247244	778.5648710727692
44	0.26597002	0.0	0.26597002	0.26597002	25.0	1100	0.36913696	0.030712765	0.6617745	0.2782786	-0.38458228	0.002440603	796.6588292121887
45	0.023379281	0.0	0.023379281	0.023379281	25.0	1125	0.3733835	0.028265862	0.62164736	0.30758578	-0.39777607	0.0024695175	814.7886943817139
46	0.0	0.0	0.0	0.0	25.0	1150	0.37674877	0.02480288	0.6430641	0.28934354	-0.38936585	0.0023944145	832.8520183563232
47	0.21704839	0.0	0.21704839	0.21704839	25.0	1175	0.37941897	0.030089019	0.66302055	0.30349	-0.38944772	0.0019702208	850.9809362888336
48	0.2829728	0.0	0.2829728	0.2829728	25.0	1200	0.3845105	0.028019093	0.66346455	0.32768682	-0.39617836	0.0029480944	869.0565259456635
49	0.3336184	0.0	0.3336184	0.3336184	25.0	1225	0.38528383	0.031028304	0.68218887	0.30764544	-0.39670196	0.002357864	887.0887093544006
50	0.62501657	0.0	0.62501657	0.62501657	25.0	1250	0.3846528	0.026826045	0.65028113	0.29837292	-0.39530423	0.0017391719	905.5571072101593
51	0.22896188	0.0	0.22896188	0.22896188	25.0	1275	0.39078322	0.025984956	0.58804375	0.30515504	-0.40276977	0.0024832208	923.6038012504578
52	0.12123501	0.0	0.12123501	0.12123501	25.0	1300	0.3943371	0.030078119	0.6729927	0.32575756	-0.41108966	0.002296818	941.6408989429474
53	0.07358386	0.0	0.07358386	0.07358386	25.0	1325	0.39632156	0.029385056	0.68833476	0.30459398	-0.40291122	0.002382948	959.7056610584259
54	0.90377367	0.0	0.90377367	0.90377367	25.0	1350	0.4030225	0.03135265	0.6720442	0.30432883	-0.46106026	0.003434782	978.0860133171082
55	0.5178512	0.0	0.5178512	0.5178512	25.0	1375	0.40372506	0.032496653	0.7028046	0.32198405	-0.4355069	0.00289604	996.13498711586
56	0.0	0.0	0.0	0.0	25.0	1400	0.40873024	0.027297316	0.70935285	0.33959234	-0.41999078	0.003394123	1014.1193494796753
57	0.36330572	0.0	0.36330572	0.36330572	25.0	1425	0.4220077	0.029857455	0.7398128	0.35055956	-0.4267942	0.0024997992	1032.1648993492126
58	0.76241976	0.0	0.76241976	0.76241976	25.0	1450	0.43156204	0.025518868	0.6469482	0.32954955	-0.43862876	0.0030828058	1050.2559187412262
59	0.47241142	0.0	0.47241142	0.47241142	25.0	1475	0.43712103	0.032682396	0.7505104	0.34076607	-0.45534363	0.0027660418	1068.3350322246552
60	0.19326779	0.0	0.19326779	0.19326779	25.0	1500	0.4421488	0.027863618	0.7319272	0.35778204	-0.4526305	0.0028704084	1086.741550207138
61	0.11463003	0.0	0.11463003	0.11463003	25.0	1525	0.4440395	0.03021687	0.7338348	0.34248444	-0.45336068	0.0031704223	1104.8146278858185
62	0.3299805	0.0	0.3299805	0.3299805	25.0	1550	0.44646496	0.03062604	0.75302243	0.37991333	-0.45603073	0.00286855	1122.8545362949371
63	0.050815694	0.0	0.050815694	0.050815694	25.0	1575	0.44691658	0.025586601	0.74107	0.35654268	-0.45376965	0.0030687929	1140.870347738266
64	0.0	0.0	0.0	0.0	25.0	1600	0.45216238	0.028647551	0.69933033	0.37144142	-0.45872676	0.0031245316	1158.9285447597504
65	0.16100816	0.0	0.16100816	0.16100816	25.0	1625	0.45484206	0.0282292	0.74879444	0.36720607	-0.47266874	0.002901177	1177.0232605934143
66	0.0	0.0	0.0	0.0	25.0	1650	0.45675668	0.031229304	0.77383476	0.3745971	-0.47153348	0.0025243002	1195.0865252017975
67	0.26842245	0.0	0.26842245	0.26842245	25.0	1675	0.45777526	0.028263515	0.7395372	0.36507013	-0.47868508	0.0024781204	1213.2129912376404
68	0.17838275	0.0	0.17838275	0.17838275	25.0	1700	0.46085313	0.030781657	0.7549725	0.37615624	-0.47926322	0.003260125	1231.3087975978851
69	0.20497026	0.0	0.20497026	0.20497026	25.0	1725	0.46595994	0.028457683	0.76155305	0.37144545	-0.4849059	0.0037626198	1249.3419961929321
70	0.0	0.0	0.0	0.0	25.0	1750	0.46831292	0.038574502	0.7723276	0.3613241	-0.4832675	0.0036614942	1268.0661895275116
71	0.16348419	0.0	0.16348419	0.16348419	25.0	1775	0.46917066	0.03017849	0.69448495	0.3878884	-0.486817	0.0025188604	1286.4005959033966
72	0.063009806	0.0	0.063009806	0.063009806	25.0	1800	0.4715567	0.029540436	0.7930461	0.37679416	-0.48458436	0.002278667	1304.420330286026
73	0.16915847	0.0	0.16915847	0.16915847	25.0	1825	0.4785039	0.031536553	0.78218406	0.39594194	-0.49020812	0.0026966745	1322.4889063835144
74	0.3832941	0.0	0.3832941	0.3832941	25.0	1850	0.4742956	0.024735939	0.7351752	0.3973861	-0.4819936	0.0018603978	1340.52285861969
75	0.8946939	0.0	0.8946939	0.8946939	25.0	1875	0.48018157	0.02952131	0.7895109	0.40678972	-0.48775336	0.002411404	1358.6294965744019
76	0.0	0.0	0.0	0.0	25.0	1900	0.4831651	0.03258477	0.791872	0.39903188	-0.48878983	0.0027819828	1376.6814603805542
77	0.0	0.0	0.0	0.0	25.0	1925	0.48139125	0.025088683	0.7900613	0.4049087	-0.4928354	0.0018571588	1394.7470972537994
78	0.6875684	0.0	0.6875684	0.6875684	25.0	1950	0.48622558	0.030700637	0.7769753	0.34183055	-0.4990625	0.0027263854	1412.8567414283752
79	0.6917306	0.0	0.6917306	0.6917306	25.0	1975	0.48852065	0.027700497	0.8074747	0.4182884	-0.4997022	0.0024205556	1430.9730386734009
80	0.61373675	0.0	0.61373675	0.61373675	25.0	2000	0.49478486	0.030109366	0.7915637	0.43368182	-0.5065458	0.0028112235	1449.4900016784668
81	0.22509465	0.0	0.22509465	0.22509465	25.0	2025	0.49556994	0.026324287	0.79852164	0.40984315	-0.51293606	0.002726634	1467.622751712799
82	1.2064427	0.0	1.2064427	1.2064427	25.0	2050	0.4992755	0.031164749	0.85057354	0.4362832	-0.5112021	0.0026076674	1485.7308661937714
83	0.7145218	0.0	0.7145218	0.7145218	25.0	2075	0.50130713	0.029902708	0.7984268	0.42985868	-0.5105073	0.0032067553	1503.8550169467926
84	0.8784051	0.0	0.8784051	0.8784051	25.0	2100	0.5060853	0.029236581	0.8060239	0.4354468	-0.52295965	0.002854992	1522.0186259746552
85	0.14833713	0.0	0.14833713	0.14833713	25.0	2125	0.509024	0.027218925	0.7550146	0.4270652	-0.5246194	0.0034964753	1540.1193931102753
86	0.54175365	0.0	0.54175365	0.54175365	25.0	2150	0.5097725	0.023127213	0.6754361	0.4279742	-0.5207677	0.0025506273	1558.2187974452972
87	0.2560448	0.0	0.2560448	0.2560448	25.0	2175	0.51429445	0.02716294	0.7667779	0.4457277	-0.52887017	0.0028486717	1577.016360282898
88	0.8533258	0.0	0.8533258	0.8533258	25.0	2200	0.51862615	0.027917838	0.80892247	0.46373403	-0.532333	0.003472104	1595.166324853897
89	0.5196616	0.0	0.5196616	0.5196616	25.0	2225	0.5185892	0.033307526	0.8374635	0.4313522	-0.5340797	0.0032698316	1613.288006067276
90	0.78036535	0.0	0.78036535	0.78036535	25.0	2250	0.5237422	0.031023825	0.8112881	0.3843096	-0.5315323	0.0035862199	1631.7590930461884
91	0.15419467	0.0	0.15419467	0.15419467	25.0	2275	0.5263884	0.032512464	0.8441715	0.44935468	-0.5461613	0.0034956532	1650.0529062747955
92	0.26201388	0.0	0.26201388	0.26201388	25.0	2300	0.5268199	0.028762896	0.7066234	0.42873114	-0.5411875	0.0030118763	1668.3695647716522
93	0.17473291	0.0	0.17473291	0.17473291	25.0	2325	0.5309151	0.030793443	0.85063124	0.4358616	-0.54603404	0.002697622	1686.5141541957855
94	0.19691336	0.0	0.19691336	0.19691336	25.0	2350	0.53454155	0.026382515	0.8202794	0.44440126	-0.5507151	0.003402382	1704.6510276794434
95	0.1616221	0.0	0.1616221	0.1616221	25.0	2375	0.53673124	0.027888212	0.85967284	0.48745677	-0.54782397	0.0027371547	1723.1020982265472
96	0.17788856	0.0	0.17788856	0.17788856	25.0	2400	0.54239416	0.024785658	0.79763937	0.46161127	-0.55546373	0.0036028265	1741.2046179771423
97	0.3064992	0.0	0.3064992	0.3064992	25.0	2425	0.539068	0.0266976	0.8539258	0.47980806	-0.5473579	0.0022133414	1759.3288972377777
98	0.9576696	0.0	0.9576696	0.9576696	25.0	2450	0.5514752	0.03306175	0.8666606	0.49044764	-0.565746	0.0053784265	1777.4410634040833
99	0.48501387	0.0	0.48501387	0.48501387	25.0	2475	0.5509198	0.028462138	0.8691607	0.4598395	-0.56449175	0.00431174	1795.5618324279785
100	0.11228158	0.0	0.11228158	0.11228158	25.0	2500	0.55339205	0.025994785	0.71781373	0.36823627	-0.5682245	0.0037240216	1814.1297669410706
101	0.7518589	0.0	0.7518589	0.7518589	25.0	2525	0.5587433	0.031934768	0.867114	0.47812688	-0.5752019	0.0051511256	1832.3033339977264
102	0.25998092	0.0	0.25998092	0.25998092	25.0	2550	0.5596008	0.028037434	0.8909292	0.48072457	-0.57394487	0.0036020994	1850.5972919464111
103	0.22484656	0.0	0.22484656	0.22484656	25.0	2575	0.5641908	0.029344497	0.86503017	0.5055615	-0.5751387	0.0038741303	1868.7405240535736
104	0.23498428	0.0	0.23498428	0.23498428	25.0	2600	0.5637697	0.02751393	0.8339098	0.49563345	-0.57627094	0.0033111079	1887.387883901596
105	0.17080437	0.0	0.17080437	0.17080437	25.0	2625	0.565857	0.03109548	0.8390443	0.49933562	-0.5765085	0.00286345	1905.5161514282227
106	0.35265374	0.0	0.35265374	0.35265374	25.0	2650	0.57272506	0.03158085	0.8966795	0.4831709	-0.5860474	0.0037747284	1923.70614027977
107	0.05951864	0.0	0.05951864	0.05951864	25.0	2675	0.5741217	0.026811637	0.92516637	0.37847665	-0.5850972	0.004040524	1941.8276546001434
108	0.5202515	0.0	0.5202515	0.5202515	25.0	2700	0.57691133	0.027154407	0.8521214	0.49382186	-0.58513093	0.0040258835	1960.059546470642
109	0.45317927	0.0	0.45317927	0.45317927	25.0	2725	0.5834885	0.03547361	0.8555385	0.46888384	-0.5977763	0.005568756	1978.139686346054
110	0.70686936	0.0	0.70686936	0.70686936	25.0	2750	0.57864696	0.029226804	0.8063827	0.44395584	-0.5926099	0.003401348	1996.7271654605865
111	0.11706631	0.0	0.11706631	0.11706631	25.0	2775	0.58459723	0.03126518	0.9033265	0.5136384	-0.5980038	0.0040614074	2014.8820333480835
112	0.38497898	0.0	0.38497898	0.38497898	25.0	2800	0.5832215	0.03088864	0.8916292	0.5071283	-0.5947463	0.0030384338	2033.056087732315
113	0.5307762	0.0	0.5307762	0.5307762	25.0	2825	0.5820472	0.032115098	0.916265	0.49797815	-0.60084975	0.00431649	2051.2049922943115
114	0.19584237	0.0	0.19584237	0.19584237	25.0	2850	0.586664	0.041368105	0.8580278	0.49541175	-0.5990104	0.004071254	2069.658234834671
115	0.32098448	0.0	0.32098448	0.32098448	25.0	2875	0.59385866	0.031098392	0.8377497	0.52605516	-0.60369736	0.0039800094	2087.8317687511444
116	0.30874306	0.0	0.30874306	0.30874306	25.0	2900	0.5909008	0.027569076	0.85120565	0.5302669	-0.6018148	0.0031994702	2106.0313732624054
117	0.15595904	0.0	0.15595904	0.15595904	25.0	2925	0.59741205	0.025408555	0.8214259	0.5312269	-0.6090658	0.0045021595	2124.151238679886
118	0.46974143	0.0	0.46974143	0.46974143	25.0	2950	0.60150087	0.034092348	0.92707497	0.5170886	-0.61579835	0.0059529124	2142.6738002300262
119	0.37332156	0.0	0.37332156	0.37332156	25.0	2975	0.597075	0.029172432	0.95766634	0.50448287	-0.60804635	0.0039398805	2160.7961649894714
120	0.48071414	0.0	0.48071414	0.48071414	25.0	3000	0.5999969	0.02995678	0.916349	0.511986	-0.61035115	0.0032908642	2179.8110377788544
121	0.44162643	0.0	0.44162643	0.44162643	25.0	3025	0.60253435	0.02831778	0.87727475	0.5130795	-0.61348325	0.0032433274	2198.119943380356
122	0.40134123	0.0	0.40134123	0.40134123	25.0	3050	0.6059887	0.028033858	0.9028475	0.5353406	-0.61270916	0.003594869	2216.2918174266815
123	0.31131837	0.0	0.31131837	0.31131837	25.0	3075	0.60846686	0.026943825	0.8865398	0.5286126	-0.62501353	0.00411104	2234.4544219970703
124	0.9384118	0.0	0.9384118	0.9384118	25.0	3100	0.6120999	0.028706476	0.89545715	0.54080784	-0.621246	0.0037150863	2252.6743574142456
125	0.1975076	0.0	0.1975076	0.1975076	25.0	3125	0.6139905	0.029826077	0.95849323	0.52922374	-0.6252991	0.0065164585	2270.8670926094055
126	0.3858101	0.0	0.3858101	0.3858101	25.0	3150	0.6192274	0.028165424	0.8206769	0.53411555	-0.63503206	0.0053931708	2289.0001389980316
127	0.27589974	0.0	0.27589974	0.27589974	25.0	3175	0.61572474	0.029805146	0.95629156	0.5499306	-0.6217608	0.003421871	2307.1924018859863
128	0.58059317	0.0	0.58059317	0.58059317	25.0	3200	0.61575854	0.02930665	0.9750853	0.5376385	-0.6238066	0.0032034751	2325.3631658554077
129	0.08654484	0.0	0.08654484	0.08654484	25.0	3225	0.62005633	0.028511075	0.9186134	0.5418683	-0.6337553	0.0039319997	2343.576200246811
130	0.46992305	0.0	0.46992305	0.46992305	25.0	3250	0.62308383	0.03013801	0.90970314	0.55568135	-0.63736475	0.0037760916	2362.168360233307
131	0.15429655	0.0	0.15429655	0.15429655	25.0	3275	0.6290738	0.028558636	0.9214584	0.5680052	-0.6456932	0.0062807137	2380.3576261997223
132	0.0	0.0	0.0	0.0	25.0	3300	0.63027436	0.03482022	0.9483664	0.5504687	-0.6436039	0.0034551693	2398.466908931732
133	0.0	0.0	0.0	0.0	25.0	3325	0.63425016	0.02941708	0.9181226	0.5767546	-0.64673156	0.0052177357	2416.6193919181824
134	0.3167524	0.0	0.3167524	0.3167524	25.0	3350	0.63676107	0.0327571	0.9842212	0.5572317	-0.653207	0.0053745587	2434.8156712055206
135	0.41823137	0.0	0.41823137	0.41823137	25.0	3375	0.63329816	0.025488507	0.8410368	0.56469303	-0.6406387	0.0026343432	2452.909862279892
136	0.5140655	0.0	0.5140655	0.5140655	25.0	3400	0.640756	0.033430442	0.951039	0.54105544	-0.6558226	0.0060738437	2471.0026597976685
137	0.9499941	0.0	0.9499941	0.9499941	25.0	3425	0.6419719	0.031084841	0.97200274	0.5597168	-0.6524897	0.0038231232	2489.482928752899
138	0.35401243	0.0	0.35401243	0.35401243	25.0	3450	0.64300185	0.026356837	0.91951066	0.55746746	-0.6584807	0.004002623	2507.7187893390656
139	0.2831574	0.0	0.2831574	0.2831574	25.0	3475	0.6474226	0.029714564	0.93380845	0.5736239	-0.6641476	0.006038745	2525.9361305236816
140	0.73704076	0.0	0.73704076	0.73704076	25.0	3500	0.64893144	0.03039968	0.95200235	0.5719886	-0.6594061	0.0045240587	2544.6457879543304
141	0.007007351	0.0	0.007007351	0.007007351	25.0	3525	0.6486816	0.027149638	0.96299165	0.3445369	-0.65972954	0.0033494574	2562.768726348877
142	0.671264	0.0	0.671264	0.671264	25.0	3550	0.6537117	0.032302406	0.9309246	0.34250057	-0.6678489	0.0054732854	2581.0014684200287
143	0.056800462	0.0	0.056800462	0.056800462	25.0	3575	0.6587863	0.02955663	0.9635316	0.5759958	-0.6713125	0.0048817997	2599.2653272151947
144	0.6414064	0.0	0.6414064	0.6414064	25.0	3600	0.6578821	0.035049118	0.909766	0.572917	-0.66951406	0.004433601	2617.4541840553284
145	0.4433651	0.0	0.4433651	0.4433651	25.0	3625	0.658826	0.03422239	1.005138	0.5838165	-0.6673275	0.0054196483	2635.5994482040405
146	0.0043821726	0.0	0.0043821726	0.0043821726	25.0	3650	0.66256	0.030026453	0.9617175	0.594823	-0.67157155	0.0036914442	2653.7805371284485
147	0.2676862	0.0	0.2676862	0.2676862	25.0	3675	0.663223	0.032247983	0.979232	0.5781146	-0.67637765	0.0033996617	2671.9495437145233
148	0.3343327	0.0	0.3343327	0.3343327	25.0	3700	0.66344374	0.0317403	0.9888915	0.5783798	-0.676097	0.0029390506	2690.2883036136627
149	0.35467753	0.0	0.35467753	0.35467753	25.0	3725	0.66674227	0.030451901	0.97208536	0.5847973	-0.6778672	0.0040911473	2708.456333875656
150	0.68457276	0.0	0.68457276	0.68457276	25.0	3750	0.6671897	0.030472545	0.97006756	0.49585754	-0.6780265	0.0029270693	2727.0852398872375
151	0.0	0.0	0.0	0.0	25.0	3775	0.66620344	0.029699977	0.961565	0.6108333	-0.67339444	0.0031203853	2745.1919906139374
152	0.07445742	0.0	0.07445742	0.07445742	25.0	3800	0.6696451	0.02926894	1.0306672	0.58116025	-0.68074137	0.0035004783	2763.4133038520813
153	1.202086	0.0	1.202086	1.202086	25.0	3825	0.676302	0.029957945	0.97542703	0.61007655	-0.6859586	0.004454365	2781.6379199028015
154	0.32637396	0.0	0.32637396	0.32637396	25.0	3850	0.6727361	0.028333073	0.9555449	0.6096935	-0.6795729	0.0029437838	2799.9478187561035
155	0.43492708	0.0	0.43492708	0.43492708	25.0	3875	0.67791295	0.029016154	0.96288615	0.6155399	-0.69319624	0.003823938	2818.1139228343964
156	0.25450122	0.0	0.25450122	0.25450122	25.0	3900	0.6788077	0.031597197	1.0168977	0.60413134	-0.68877107	0.0039015436	2836.290694952011
157	0.29230407	0.0	0.29230407	0.29230407	25.0	3925	0.6824641	0.030675413	0.9414541	0.6087703	-0.6944296	0.0036351841	2854.4306581020355
158	0.32766464	0.0	0.32766464	0.32766464	25.0	3950	0.6834393	0.032817937	0.9988338	0.5874373	-0.6970733	0.006361446	2872.5325787067413
159	0.90788114	0.0	0.90788114	0.90788114	25.0	3975	0.682749	0.024890294	0.9447249	0.5970464	-0.6915393	0.003341895	2890.7577908039093
160	0.12815098	0.0	0.12815098	0.12815098	25.0	4000	0.68699205	0.02928254	0.991389	0.5838688	-0.69631124	0.0037733403	2909.4594144821167
161	0.90976816	0.0	0.90976816	0.90976816	25.0	4025	0.6908486	0.030266836	0.9919022	0.6177847	-0.69760877	0.0056158346	2927.684356212616
162	0.87561023	0.0	0.87561023	0.87561023	25.0	4050	0.69574857	0.033239525	1.0224986	0.60517925	-0.7066072	0.0053720903	2945.891576528549
163	0.09987435	0.0	0.09987435	0.09987435	25.0	4075	0.69012374	0.031950403	0.9922375	0.6219234	-0.70125115	0.0028143555	2964.1448266506195
164	0.81171024	0.0	0.81171024	0.81171024	25.0	4100	0.6971195	0.03179928	1.0069541	0.64005446	-0.70335037	0.005325498	2982.4567148685455
165	0.70916754	0.0	0.70916754	0.70916754	25.0	4125	0.6997357	0.03357514	0.99758744	0.6011943	-0.71086144	0.00424072	3000.7004590034485
166	0.9001949	0.0	0.9001949	0.9001949	25.0	4150	0.69905263	0.030029243	0.99612445	0.61041945	-0.70819914	0.0036819384	3019.0494706630707
167	0.33565143	0.0	0.33565143	0.33565143	25.0	4175	0.7041011	0.028000144	1.0559908	0.63307905	-0.71538025	0.0040390017	3037.2052578926086
168	0.081930615	0.0	0.081930615	0.081930615	25.0	4200	0.70343864	0.026490433	0.9759997	0.60393643	-0.7132394	0.0045119305	3055.3259556293488
169	0.2132116	0.0	0.2132116	0.2132116	25.0	4225	0.7094778	0.03450517	0.98759663	0.6195493	-0.72330266	0.009287482	3073.485419034958
170	0.32653585	0.0	0.32653585	0.32653585	25.0	4250	0.70974916	0.034972474	1.0149815	0.6253966	-0.71919817	0.0041748183	3092.4630029201508
171	0.6062422	0.0	0.6062422	0.6062422	25.0	4275	0.7138645	0.033073667	0.9931996	0.62474334	-0.72589195	0.0046155937	3110.643515110016
172	0.28567424	0.0	0.28567424	0.28567424	25.0	4300	0.7137764	0.032792624	1.083423	0.5439485	-0.72273797	0.0047165873	3128.781231403351
173	0.04322669	0.0	0.04322669	0.04322669	25.0	4325	0.7177095	0.02914452	1.0628562	0.6455595	-0.7296428	0.003932185	3146.9052741527557
174	0.30793026	0.0	0.30793026	0.30793026	25.0	4350	0.71543616	0.02999393	1.071112	0.64513636	-0.7253766	0.004544398	3165.189786672592
175	0.15097259	0.0	0.15097259	0.15097259	25.0	4375	0.72165924	0.031470384	1.0228394	0.64339393	-0.7323077	0.006543043	3183.3895502090454
176	0.034469876	0.0	0.034469876	0.034469876	25.0	4400	0.72984236	0.034405526	1.0331342	0.6146287	-0.74310493	0.004792359	3201.5395290851593
177	0.0	0.0	0.0	0.0	25.0	4425	0.7272953	0.03354102	1.060412	0.65838283	-0.7400153	0.006976552	3219.648042201996
178	0.0	0.0	0.0	0.0	25.0	4450	0.7272277	0.033076443	1.0002081	0.6490996	-0.740035	0.0036641932	3237.766302585602
179	0.22491612	0.0	0.22491612	0.22491612	25.0	4475	0.7327275	0.03274166	1.0035042	0.6547004	-0.74270594	0.0058015645	3259.0797204971313
180	1.7867588	0.0	1.7867588	1.7867588	25.0	4500	0.72911245	0.031347733	1.0378895	0.63794637	-0.7408061	0.0032084917	3277.739946603775
181	0.9406358	0.0	0.9406358	0.9406358	25.0	4525	0.73377454	0.026941368	1.0282326	0.6574398	-0.7485322	0.0034201415	3295.8769900798798
182	0.6707723	0.0	0.6707723	0.6707723	25.0	4550	0.735815	0.028664123	1.0091149	0.66078377	-0.74693847	0.0036794702	3314.0812091827393
183	0.4689426	0.0	0.4689426	0.4689426	25.0	4575	0.74111634	0.028770719	1.1031392	0.65959364	-0.7542266	0.007351775	3332.27854847908
184	0.0	0.0	0.0	0.0	25.0	4600	0.7417584	0.03251388	1.0432832	0.6600276	-0.753107	0.0034311751	3350.4623231887817
185	0.29175803	0.0	0.29175803	0.29175803	25.0	4625	0.7432881	0.030449651	1.0964625	0.6656541	-0.7560032	0.0068209507	3368.643353700638
186	0.6549216	0.0	0.6549216	0.6549216	25.0	4650	0.7437517	0.030907055	1.10463	0.6852467	-0.75740397	0.0036710121	3387.062536239624
187	0.69971913	0.0	0.69971913	0.69971913	25.0	4675	0.7488801	0.034346376	1.0936583	0.68322253	-0.75754964	0.0067304308	3405.2310013771057
188	0.31445727	0.0	0.31445727	0.31445727	25.0	4700	0.74842995	0.032735553	1.0061787	0.6391302	-0.7596859	0.004540069	3423.7081270217896
189	0.33466524	0.0	0.33466524	0.33466524	25.0	4725	0.75434923	0.031860523	1.1076704	0.65218365	-0.7678379	0.0044710706	3441.922419309616
190	0.71865374	0.0	0.71865374	0.71865374	25.0	4750	0.7534941	0.031881295	1.0522319	0.68130994	-0.76377237	0.004228643	3460.6550698280334
191	0.24712688	0.0	0.24712688	0.24712688	25.0	4775	0.75532776	0.030245295	1.0761788	0.6703892	-0.767141	0.0037882281	3478.981523036957
192	0.70222586	0.0	0.70222586	0.70222586	25.0	4800	0.7622936	0.029506326	1.0780631	0.69761914	-0.7757936	0.005216982	3497.2133491039276
193	0.0	0.0	0.0	0.0	25.0	4825	0.76230866	0.030674202	1.1456908	0.67508674	-0.77020377	0.004482264	3515.42617559433
194	0.10423415	0.0	0.10423415	0.10423415	25.0	4850	0.76034063	0.030795136	1.0817405	0.69281614	-0.7711016	0.0034982946	3533.5747146606445
195	0.5812939	0.0	0.5812939	0.5812939	25.0	4875	0.7661182	0.034332998	1.1157043	0.66486204	-0.78004956	0.010399657	3551.8022875785828
196	0.73338604	0.0	0.73338604	0.73338604	25.0	4900	0.7694177	0.032351404	1.0783515	0.69979733	-0.7806074	0.006618953	3570.0663883686066
197	0.0	0.0	0.0	0.0	25.0	4925	0.7674465	0.031842493	1.0703164	0.67730474	-0.77772063	0.0077887382	3588.2878642082214
198	0.095941536	0.0	0.095941536	0.095941536	25.0	4950	0.7724301	0.031964052	1.1090896	0.68939316	-0.7814787	0.0058556176	3606.5126762390137
199	0.83300936	0.0	0.83300936	0.83300936	25.0	4975	0.7726012	0.03300048	1.096039	0.70064	-0.7810634	0.005351169	3624.7468898296356
200	0.0	0.0	0.0	0.0	25.0	5000	0.77736694	0.032105546	1.0770233	0.6864246	-0.78456414	0.010193226	3643.4977498054504
201	0.1904508	0.0	0.1904508	0.1904508	25.0	5025	0.7747569	0.030013958	1.0540185	0.7034021	-0.78396314	0.0064408756	3661.7503530979156
202	0.6789869	0.0	0.6789869	0.6789869	25.0	5050	0.77444196	0.032252606	1.0118214	0.6611826	-0.78712755	0.0038954634	3680.03639292717
203	0.48734096	0.0	0.48734096	0.48734096	25.0	5075	0.7755753	0.026243014	0.96231806	0.6946446	-0.7879348	0.0073346226	3698.6197962760925
204	1.5430019	0.0	1.5430019	1.5430019	25.0	5100	0.78355527	0.03381072	1.1141354	0.70346844	-0.795151	0.0071050455	3716.7501311302185
205	0.43470052	0.0	0.43470052	0.43470052	25.0	5125	0.78489757	0.033934407	1.0636327	0.7092609	-0.7933737	0.0055230157	3734.977784872055
206	0.36714226	0.0	0.36714226	0.36714226	25.0	5150	0.7838748	0.034005307	1.1242468	0.6988213	-0.792885	0.0047662356	3753.196564912796
207	0.39855793	0.0	0.39855793	0.39855793	25.0	5175	0.78665847	0.032524943	1.2090926	0.7169701	-0.7988728	0.007726131	3771.3621871471405
208	0.008125023	0.0	0.008125023	0.008125023	25.0	5200	0.7882377	0.034575272	1.1069474	0.69330204	-0.7985205	0.008797521	3789.5343103408813
209	0.3167032	0.0	0.3167032	0.3167032	25.0	5225	0.7925148	0.040534686	1.1832111	0.58484054	-0.8009674	0.008724501	3807.719831943512
210	0.10163302	0.0	0.10163302	0.10163302	25.0	5250	0.79442644	0.037124135	1.2554201	0.70778203	-0.803468	0.005100723	3826.438702583313
211	0.23291188	0.0	0.23291188	0.23291188	25.0	5275	0.7904971	0.03635472	1.1152236	0.68286806	-0.80075896	0.0041217473	3844.647373199463
212	0.22924668	0.0	0.22924668	0.22924668	25.0	5300	0.7965187	0.03658092	1.2847229	0.70257354	-0.802829	0.006404475	3862.944812774658
213	0.29152954	0.0	0.29152954	0.29152954	25.0	5325	0.79705244	0.036331132	1.1659943	0.68295294	-0.8061707	0.006245389	3881.2200288772583
214	0.6389759	0.0	0.6389759	0.6389759	25.0	5350	0.79923904	0.036510017	1.0251338	0.6927736	-1.4512372	0.007929576	3899.4350287914276
215	0.15629543	0.0	0.15629543	0.15629543	25.0	5375	0.8037302	0.04597653	1.6467315	0.3062296	-0.69099	0.009166655	3917.671587228775
216	0.74489087	0.0	0.74489087	0.74489087	25.0	5400	0.8052478	0.042772304	1.1938065	0.675221	-0.8542575	0.0074708965	3935.908417701721
217	0.4420459	0.0	0.4420459	0.4420459	25.0	5425	0.82143426	0.040999312	1.1506469	0.115153536	-0.8226804	0.01654035	3954.1227803230286
218	0.006443969	0.0	0.006443969	0.006443969	25.0	5450	1.1407318	0.16075	1.5825067	0.8028988	-1.2467282	0.012085477	3972.236567258835
219	0.7593354	0.0	0.7593354	0.7593354	25.0	5475	1.3868163	0.05020269	1.7591263	1.0890905	-1.3987207	0.0045981104	3990.537818670273
220	0.47335228	0.0	0.47335228	0.47335228	25.0	5500	1.3714617	0.042185534	1.7340853	1.1948197	-1.4396904	0.0038124507	4009.318391561508
221	0.7438951	0.0	0.7438951	0.7438951	25.0	5525	1.3248551	0.034181315	1.667063	1.102304	-1.3596904	0.004222084	4027.4834949970245
222	0.8371281	0.0	0.8371281	0.8371281	25.0	5550	1.3156669	0.033594	1.6599628	1.193687	-1.3581929	0.003845708	4045.6858925819397
223	0.026932964	0.0	0.026932964	0.026932964	25.0	5575	1.3119255	0.03639561	1.5936347	1.0074154	-1.3411262	0.0047630044	4063.8093366622925
224	0.27718085	0.0	0.27718085	0.27718085	25.0	5600	1.3116282	0.03518613	1.6545042	1.0550325	-1.3436165	0.004693757	4081.96434879303
225	0.014817164	0.0	0.014817164	0.014817164	25.0	5625	1.3087764	0.032625787	1.6132143	1.1456169	-1.3436731	0.0047486494	4100.194089412689
226	0.13319829	0.0	0.13319829	0.13319829	25.0	5650	1.3113837	0.036357563	1.6165744	1.1562914	-1.3438281	0.0046436107	4118.318860054016
227	0.29301646	0.0	0.29301646	0.29301646	25.0	5675	1.3162216	0.03442829	1.6074854	1.1073124	-1.3338867	0.0051759374	4136.439024686813
228	0.9989041	0.0	0.9989041	0.9989041	25.0	5700	1.3181087	0.031183762	1.5550189	1.1394227	-1.3331703	0.005302596	4154.578794002533
229	0.11385862	0.0	0.11385862	0.11385862	25.0	5725	1.3183582	0.039148033	1.7173026	0.9873057	-1.3398668	0.0055105896	4172.7707760334015
230	1.2838558	0.0	1.2838558	1.2838558	25.0	5750	1.3243104	0.040546298	1.5967982	1.1449176	-1.3572247	0.006520159	4191.47124838829
231	0.79336417	0.0	0.79336417	0.79336417	25.0	5775	1.3277941	0.035018098	1.6046301	1.1396682	-1.3572868	0.005510281	4209.643684387207
232	0.64295423	0.0	0.64295423	0.64295423	25.0	5800	1.3277564	0.031292327	1.5962344	1.1512266	-1.3493774	0.0047050333	4227.843361377716
233	0.68268013	0.0	0.68268013	0.68268013	25.0	5825	1.3324738	0.028779704	1.6180333	1.2488186	-1.3596975	0.0044932324	4245.948510169983
234	0.0	0.0	0.0	0.0	25.0	5850	1.3354981	0.03327514	1.7044356	1.1801394	-1.3553555	0.0043885964	4264.0606281757355
235	0.81715816	0.0	0.81715816	0.81715816	25.0	5875	1.3388016	0.03198746	1.6498086	1.1619027	-1.3594108	0.00464695	4282.226086616516
236	0.0	0.0	0.0	0.0	25.0	5900	1.3390968	0.034848537	1.6380588	1.180089	-1.3606613	0.0044552363	4300.641551494598
237	0.0	0.0	0.0	0.0	25.0	5925	1.3431643	0.029212795	1.6140087	1.1096684	-1.3580124	0.0056860973	4318.792611837387
238	0.65091735	0.0	0.65091735	0.65091735	25.0	5950	1.3429589	0.030625673	1.6256437	1.193592	-1.3687803	0.0045333304	4337.009179353714
239	0.092375584	0.0	0.092375584	0.092375584	25.0	5975	1.3492715	0.029704912	1.613093	1.2415241	-1.3836017	0.0044959206	4355.215703010559
240	0.7771218	0.0	0.7771218	0.7771218	25.0	6000	1.3491145	0.029891614	1.5574647	1.2444245	-1.3660483	0.0051881773	4374.03893327713
241	0.40892774	0.0	0.40892774	0.40892774	25.0	6025	1.3524143	0.04019317	1.6348921	1.2024782	-1.3939993	0.0061330544	4392.205679893494
242	0.14126231	0.0	0.14126231	0.14126231	25.0	6050	1.3538513	0.03702141	1.6976007	1.2324779	-1.3762562	0.005358251	4410.362055301666
243	0.0	0.0	0.0	0.0	25.0	6075	1.3553567	0.032191295	1.6518329	1.2553712	-1.378839	0.004033518	4428.539000749588
244	0.18665132	0.0	0.18665132	0.18665132	25.0	6100	1.3594567	0.032941468	1.6389947	1.226001	-1.3778576	0.004467166	4446.733734130859
245	0.6512617	0.0	0.6512617	0.6512617	25.0	6125	1.3660792	0.042462215	1.6310104	1.180647	-1.3920401	0.0056909835	4465.220261096954
246	0.22384483	0.0	0.22384483	0.22384483	25.0	6150	1.3617129	0.034985904	1.619571	1.262506	-1.3839622	0.0050793136	4483.36597943306
247	0.29395345	0.0	0.29395345	0.29395345	25.0	6175	1.368774	0.03425848	1.6572647	1.2693318	-1.4015877	0.003571798	4501.664621591568
248	0.2431625	0.0	0.2431625	0.2431625	25.0	6200	1.375177	0.038215328	1.6493763	1.2015166	-1.3965981	0.0051818285	4520.123994350433
249	0.32751805	0.0	0.32751805	0.32751805	25.0	6225	1.3716425	0.040698312	1.7690204	1.2611301	-1.394208	0.004671833	4538.377988576889
250	0.5163218	0.0	0.5163218	0.5163218	25.0	6250	1.3760415	0.031465158	1.7671926	1.2724161	-1.4005647	0.0031490508	4557.2479412555695
251	0.56411475	0.0	0.56411475	0.56411475	25.0	6275	1.377418	0.03302509	1.7887287	1.301657	-1.4041846	0.0039359103	4575.465334653854
252	0.0043796715	0.0	0.0043796715	0.0043796715	25.0	6300	1.3825666	0.032663796	1.7197416	1.2839626	-1.407737	0.004209162	4593.998106241226
253	0.32279825	0.0	0.32279825	0.32279825	25.0	6325	1.3861967	0.031089237	1.6905055	1.2394215	-1.415116	0.004542112	4612.22287940979
254	0.80940956	0.0	0.80940956	0.80940956	25.0	6350	1.3901608	0.03548611	1.6981282	1.2561102	-1.4063156	0.005728191	4630.477532863617
255	0.6700106	0.0	0.6700106	0.6700106	25.0	6375	1.392599	0.033586524	1.6863949	1.2506087	-1.4174443	0.0053513027	4648.725069522858
256	0.46821764	0.0	0.46821764	0.46821764	25.0	6400	1.38966	0.02942675	1.595976	1.267823	-1.4128761	0.0041694148	4666.903434276581
257	1.0941154	0.0	1.0941154	1.0941154	25.0	6425	1.3952523	0.032559853	1.596784	1.1110687	-1.4206901	0.004793707	4685.248783588409
258	0.40867493	0.0	0.40867493	0.40867493	25.0	6450	1.3995188	0.031735387	1.6557287	1.25502	-1.4250379	0.004490797	4703.490079879761
259	0.09884904	0.0	0.09884904	0.09884904	25.0	6475	1.3960501	0.032860275	1.6732017	1.2814223	-1.4239432	0.004028422	4721.629882574081
260	0.1390668	0.0	0.1390668	0.1390668	25.0	6500	1.4051095	0.030846799	1.66465	1.3161457	-1.4413108	0.0045823967	4740.370827436447
261	0.10522822	0.0	0.10522822	0.10522822	25.0	6525	1.4065411	0.035054613	1.7551904	1.2887101	-1.4243487	0.00411198	4758.564593076706
262	0.329202	0.0	0.329202	0.329202	25.0	6550	1.4085379	0.03072294	1.6322644	1.3053371	-1.4370315	0.003917753	4776.795079946518
263	0.25514063	0.0	0.25514063	0.25514063	25.0	6575	1.4133935	0.032650758	1.8069612	1.305049	-1.4378471	0.0040887087	4794.919894695282
264	0.53802615	0.0	0.53802615	0.53802615	25.0	6600	1.4158648	0.033183284	1.6608244	0.9583154	-1.4414184	0.0044680852	4813.5811014175415
265	0.47159043	0.0	0.47159043	0.47159043	25.0	6625	1.4185116	0.030663215	1.6822151	1.3179102	-1.4325404	0.00384304	4832.242999076843
266	0.43168506	0.0	0.43168506	0.43168506	25.0	6650	1.4192286	0.032384016	1.702884	1.3414974	-1.4407899	0.0039477567	4850.437422990799
267	0.0	0.0	0.0	0.0	25.0	6675	1.4240304	0.032182988	1.8535495	1.3318415	-1.4527205	0.0045093824	4868.618818759918
268	0.9495782	0.0	0.9495782	0.9495782	25.0	6700	1.4286395	0.034719374	1.7975706	1.3350674	-1.4525189	0.004320474	4886.936871290207
269	0.1769711	0.0	0.1769711	0.1769711	25.0	6725	1.4278929	0.028747011	1.6965889	1.3336632	-1.4544556	0.0040362226	4905.180840730667
270	0.07055068	0.0	0.07055068	0.07055068	25.0	6750	1.4345562	0.031834915	1.8176855	1.3250556	-1.4563382	0.0050231516	4923.989368677139
271	0.74049836	0.0	0.74049836	0.74049836	25.0	6775	1.4346857	0.029716143	1.7047135	1.3586724	-1.4599892	0.003973414	4942.164207458496
272	0.423267	0.0	0.423267	0.423267	25.0	6800	1.4352762	0.03154624	1.6660651	1.3496246	-1.4573642	0.0035870234	4960.338867664337
273	0.30527908	0.0	0.30527908	0.30527908	25.0	6825	1.441295	0.032028154	1.7243117	1.3450339	-1.4650254	0.0045855013	4978.491959571838
274	0.082359865	0.0	0.082359865	0.082359865	25.0	6850	1.444193	0.03165069	1.6988411	1.3493131	-1.4694692	0.0043163854	4996.649119615555
275	0.8172772	0.0	0.8172772	0.8172772	25.0	6875	1.4472919	0.03194314	1.7327996	1.1265851	-1.4713246	0.0041284305	5014.8123943805695
276	0.4307541	0.0	0.4307541	0.4307541	25.0	6900	1.4437149	0.030590275	1.7138407	1.3366225	-1.4662117	0.0036347765	5032.995265007019
277	0.67999095	0.0	0.67999095	0.67999095	25.0	6925	1.4521527	0.03269946	1.8599691	1.3491871	-1.4746834	0.004637583	5051.120532274246
278	0.034260824	0.0	0.034260824	0.034260824	25.0	6950	1.4560596	0.036930583	1.7037226	1.3661318	-1.4839072	0.006012453	5069.419957637787
279	0.16255546	0.0	0.16255546	0.16255546	25.0	6975	1.4538957	0.0330209	1.6729968	1.3634574	-1.4775786	0.004419511	5087.586394786835
280	0.41919857	0.0	0.41919857	0.41919857	25.0	7000	1.4572965	0.030455792	1.7174418	1.3671902	-1.4737504	0.0035101858	5106.368537425995
281	0.8656038	0.0	0.8656038	0.8656038	25.0	7025	1.4630874	0.03189591	1.7166214	1.3820022	-1.4781178	0.004234558	5124.562241792679
282	0.19394577	0.0	0.19394577	0.19394577	25.0	7050	1.4641199	0.03303834	1.711602	1.359421	-1.4904808	0.00558385	5142.7715716362
283	0.73584515	0.0	0.73584515	0.73584515	25.0	7075	1.4680504	0.03546078	1.8416623	1.3677082	-1.4934202	0.0048368704	5160.957715511322
284	0.12566678	0.0	0.12566678	0.12566678	25.0	7100	1.4692352	0.03709584	1.8240197	1.3583373	-1.4847653	0.004394109	5179.150372028351
285	0.40408403	0.0	0.40408403	0.40408403	25.0	7125	1.4706768	0.029662913	1.6907817	1.3721707	-1.4942094	0.0044347723	5197.657252788544
286	0.32173195	0.0	0.32173195	0.32173195	25.0	7150	1.4760156	0.032486428	1.7745497	1.3800049	-1.4993315	0.0046561924	5215.8737716674805
287	0.313453	0.0	0.313453	0.313453	25.0	7175	1.4720981	0.028248252	1.7738503	1.3999016	-1.4964267	0.003420847	5234.074180603027
288	0.45651126	0.0	0.45651126	0.45651126	25.0	7200	1.4789841	0.030179808	1.7273425	1.4063478	-1.4992353	0.00395935	5252.386722326279
289	0.16444331	0.0	0.16444331	0.16444331	25.0	7225	1.4791566	0.034595784	1.8116273	1.3899672	-1.4959266	0.0035264618	5270.66494512558
290	0.21746154	0.0	0.21746154	0.21746154	25.0	7250	1.4848245	0.033376962	1.7086595	1.3634652	-1.5049107	0.0052899853	5289.545794010162
291	0.32443407	0.0	0.32443407	0.32443407	25.0	7275	1.4889615	0.035995234	1.8852506	1.3737451	-1.5149652	0.0052841543	5307.770449876785
292	0.62714094	0.0	0.62714094	0.62714094	25.0	7300	1.4887357	0.029902004	1.7480073	1.3836603	-1.5090892	0.0043050377	5325.993027925491
293	0.74903035	0.0	0.74903035	0.74903035	25.0	7325	1.4911017	0.027433772	1.7364136	1.4129276	-1.5162361	0.0040189466	5344.230380296707
294	0.0	0.0	0.0	0.0	25.0	7350	1.4926852	0.032681197	1.7864527	1.3877369	-1.5131867	0.0040013255	5362.382144451141
295	0.49669084	0.0	0.49669084	0.49669084	25.0	7375	1.4935548	0.032566052	1.8899428	1.4228472	-1.5105858	0.0034599649	5380.54400062561
296	0.83823603	0.0	0.83823603	0.83823603	25.0	7400	1.5011407	0.027741062	1.6832707	1.4240274	-1.5174501	0.0042699366	5398.694548368454
297	0.13589284	0.0	0.13589284	0.13589284	25.0	7425	1.5042338	0.032063887	1.7435861	1.3904449	-1.5239792	0.0050177313	5416.86683177948
298	0.14652659	0.0	0.14652659	0.14652659	25.0	7450	1.5027303	0.032456465	1.791596	1.3794438	-1.5245553	0.0037855888	5435.100444316864
299	0.10809211	0.0	0.10809211	0.10809211	25.0	7475	1.5059066	0.027093949	1.6984293	1.4410431	-1.52316	0.0046423273	5453.3563580513
300	0.41270682	0.0	0.41270682	0.41270682	25.0	7500	1.5057502	0.032137934	1.7615272	1.4242107	-1.5217906	0.004085426	5472.250821113586
301	0.24478753	0.0	0.24478753	0.24478753	25.0	7525	1.507772	0.030348344	1.8265988	1.413593	-1.5264705	0.004136147	5490.574068784714
302	1.0158899	0.0	1.0158899	1.0158899	25.0	7550	1.5114468	0.031929	1.7498479	1.4247869	-1.5383573	0.003980972	5508.910991668701
303	0.0	0.0	0.0	0.0	25.0	7575	1.5166162	0.031202635	1.7793139	1.3894657	-1.5361297	0.0052992175	5527.023631334305
304	0.38290715	0.0	0.38290715	0.38290715	25.0	7600	1.5152665	0.032130755	1.7658103	1.4349087	-1.5320033	0.0038444698	5545.220349788666
305	0.73698103	0.0	0.73698103	0.73698103	25.0	7625	1.5227304	0.032650024	1.7776779	1.4297962	-1.5519711	0.0054253894	5563.438301086426
306	0.6236772	0.0	0.6236772	0.6236772	25.0	7650	1.5215254	0.03197258	1.9230511	1.423881	-1.5441637	0.004023374	5581.649954557419
307	1.2099556	0.0	1.2099556	1.2099556	25.0	7675	1.5253699	0.030433394	1.7566324	1.4133031	-1.554607	0.004228851	5600.025530099869
308	0.40526444	0.0	0.40526444	0.40526444	25.0	7700	1.5276423	0.03301852	1.7777922	1.4457272	-1.5491449	0.0042419564	5618.27548789978
309	0.28915706	0.0	0.28915706	0.28915706	25.0	7725	1.5312046	0.033308372	1.8248414	1.464884	-1.5500358	0.0045294906	5636.500536203384
310	0.22779252	0.0	0.22779252	0.22779252	25.0	7750	1.5286844	0.032213632	1.9402065	1.3651274	-1.5506378	0.00437825	5655.423901557922
311	0.017794365	0.0	0.017794365	0.017794365	25.0	7775	1.5383155	0.033549443	1.8057405	1.4599918	-1.5590911	0.004275682	5673.597072124481
312	0.6924238	0.0	0.6924238	0.6924238	25.0	7800	1.5357763	0.031311758	1.8285966	1.4566709	-1.5635587	0.004694376	5691.732229709625
313	0.14326826	0.0	0.14326826	0.14326826	25.0	7825	1.5443237	0.036717508	1.9375219	1.4369862	-1.5647306	0.004499368	5709.885500192642
314	0.23755538	0.0	0.23755538	0.23755538	25.0	7850	1.5435098	0.03323439	1.8895527	1.4570541	-1.5704001	0.0041272985	5728.001660108566
315	0.120195985	0.0	0.120195985	0.120195985	25.0	7875	1.5444403	0.030688778	1.6886942	1.4680269	-1.5610391	0.004563401	5746.131789684296
316	0.1633819	0.0	0.1633819	0.1633819	25.0	7900	1.5477762	0.032242805	1.8400427	1.4426296	-1.5666454	0.0041677523	5764.320500612259
317	0.27534872	0.0	0.27534872	0.27534872	25.0	7925	1.5546614	0.03448911	1.9333978	1.4510417	-1.573856	0.0048892717	5782.6476192474365
318	0.0	0.0	0.0	0.0	25.0	7950	1.5503135	0.0298451	1.9074204	1.471542	-1.573623	0.0045648487	5801.026880741119
319	0.19066508	0.0	0.19066508	0.19066508	25.0	7975	1.5546128	0.029691285	1.7462807	1.4810674	-1.5692488	0.0048699873	5819.258896112442
320	0.8526391	0.0	0.8526391	0.8526391	25.0	8000	1.5548869	0.028939443	1.795577	1.4381983	-1.5743283	0.004058479	5838.209762811661
321	0.3481156	0.0	0.3481156	0.3481156	25.0	8025	1.5584852	0.028442606	1.7933114	1.4909854	-1.5773734	0.0051440448	5856.362764120102
322	0.19995028	0.0	0.19995028	0.19995028	25.0	8050	1.5630469	0.03415173	1.792098	1.4722631	-1.5788022	0.00565907	5874.536733627319
323	0.6294471	0.0	0.6294471	0.6294471	25.0	8075	1.564189	0.036278002	1.9412284	1.479364	-1.5794793	0.0037968287	5892.731583356857
324	0.17402375	0.0	0.17402375	0.17402375	25.0	8100	1.5634996	0.03146604	1.8498675	1.4364042	-1.5804678	0.005078684	5910.919369459152
325	0.49687007	0.0	0.49687007	0.49687007	25.0	8125	1.5692009	0.032836474	1.8084513	1.4795172	-1.5839856	0.005799554	5929.130077838898
326	0.24326333	0.0	0.24326333	0.24326333	25.0	8150	1.567741	0.03308603	1.8296131	1.4810508	-1.5830355	0.0055364547	5947.304499387741
327	0.10202296	0.0	0.10202296	0.10202296	25.0	8175	1.5672916	0.035930153	1.9143236	1.4554131	-1.5857782	0.004424377	5965.512747049332
328	0.30243003	0.0	0.30243003	0.30243003	25.0	8200	1.5698962	0.03217501	1.8293191	1.4548457	-1.5889589	0.006222309	5983.797988176346
329	0.19002876	0.0	0.19002876	0.19002876	25.0	8225	1.573178	0.0340767	1.8446314	1.4742205	-1.5984056	0.004700385	6001.998703241348
330	0.2282128	0.0	0.2282128	0.2282128	25.0	8250	1.5730952	0.03351348	1.8186549	1.471553	-1.5899246	0.004877447	6020.938252449036
331	0.879054	0.0	0.879054	0.879054	25.0	8275	1.5779797	0.03372423	1.8664869	1.446663	-1.5916176	0.0055465377	6039.089096546173
332	0.15879989	0.0	0.15879989	0.15879989	25.0	8300	1.5746144	0.030199818	1.839592	1.4900188	-1.5933182	0.004333728	6057.235837459564
333	0.73923457	0.0	0.73923457	0.73923457	25.0	8325	1.5778867	0.030033749	1.7969483	1.445906	-1.5949773	0.0046018423	6075.401908874512
334	0.35899988	0.0	0.35899988	0.35899988	25.0	8350	1.5832862	0.03407347	1.8447429	1.4325802	-1.6073569	0.004774232	6093.636389970779
335	0.034465026	0.0	0.034465026	0.034465026	25.0	8375	1.5859098	0.035089415	1.832703	1.4714757	-1.6066152	0.00572526	6112.006390571594
336	0.2589974	0.0	0.2589974	0.2589974	25.0	8400	1.5837196	0.03422005	1.860038	1.4827094	-1.5968254	0.0043411152	6130.1928124427795
337	0.11143447	0.0	0.11143447	0.11143447	25.0	8425	1.5866586	0.027033687	1.814476	1.512469	-1.5996425	0.00440135	6148.509419441223
338	0.0	0.0	0.0	0.0	25.0	8450	1.5900061	0.030501118	1.8671697	1.5070534	-1.6115397	0.0052458714	6166.631126642227
339	0.8328426	0.0	0.8328426	0.8328426	25.0	8475	1.589562	0.031345494	1.8859389	1.489639	-1.6068068	0.0041655023	6184.935918331146
340	0.32255575	0.0	0.32255575	0.32255575	25.0	8500	1.5891395	0.032222394	1.8312031	1.5078232	-1.6035411	0.0042681773	6203.904844760895
341	0.40541977	0.0	0.40541977	0.40541977	25.0	8525	1.5912955	0.030188723	1.8486829	1.2004575	-1.6101645	0.004882297	6222.033771514893
342	1.4817436	0.0	1.4817436	1.4817436	25.0	8550	1.5955858	0.032673232	1.8731316	1.4518971	-1.6114028	0.00539646	6240.194666862488
343	0.21970649	0.0	0.21970649	0.21970649	25.0	8575	1.5966153	0.03265877	2.0317755	1.5158864	-1.6107237	0.004441889	6258.390091657639
344	0.09222686	0.0	0.09222686	0.09222686	25.0	8600	1.5971957	0.03200194	1.8021712	1.4595798	-1.6137552	0.0055211117	6276.521705389023
345	0.050613467	0.0	0.050613467	0.050613467	25.0	8625	1.5979333	0.031659964	2.0182567	1.4603497	-1.6090692	0.0045235073	6294.682224035263
346	0.12697117	0.0	0.12697117	0.12697117	25.0	8650	1.6027474	0.032466758	1.8338782	1.5259215	-1.6224004	0.004957087	6312.897715806961
347	0.5950727	0.0	0.5950727	0.5950727	25.0	8675	1.6011801	0.03020866	1.9036208	1.5067959	-1.6157923	0.004553685	6331.0109441280365
348	0.52152747	0.0	0.52152747	0.52152747	25.0	8700	1.602648	0.025949204	1.7551877	1.5045326	-1.6205618	0.0038870368	6349.227431535721
349	0.4465378	0.0	0.4465378	0.4465378	25.0	8725	1.6016169	0.0245326	1.9065937	1.5302753	-1.6126442	0.0034899733	6367.513950824738
350	0.0	0.0	0.0	0.0	25.0	8750	1.6074224	0.026462017	1.9174478	1.522796	-1.6223677	0.004327455	6386.49653840065
351	0.0	0.0	0.0	0.0	25.0	8775	1.6072522	0.04476383	2.104666	0.78489816	-1.6196687	0.0048324033	6404.717116355896
352	0.6259972	0.0	0.6259972	0.6259972	25.0	8800	1.6121618	0.035551257	1.9874828	1.4840757	-1.6357688	0.005902863	6422.937343120575
353	0.83424944	0.0	0.83424944	0.83424944	25.0	8825	1.6102713	0.03232405	2.0390015	1.5231246	-1.6262361	0.004250041	6441.398228406906
354	0.6249487	0.0	0.6249487	0.6249487	25.0	8850	1.6165147	0.029880451	1.8916657	1.4868993	-1.6382921	0.004392066	6459.905754804611
355	0.3625379	0.0	0.3625379	0.3625379	25.0	8875	1.6129162	0.029088154	1.8678577	1.5460678	-1.6256914	0.0045237336	6478.393880844116
356	0.4268377	0.0	0.4268377	0.4268377	25.0	8900	1.6171002	0.03445919	1.9320022	1.5471476	-1.6321054	0.003486737	6497.716532945633
357	0.5343806	0.0	0.5343806	0.5343806	25.0	8925	1.6138393	0.02874749	1.8481562	1.520147	-1.6298363	0.0042761667	6515.952546596527
358	0.21691962	0.0	0.21691962	0.21691962	25.0	8950	1.6190463	0.028176531	1.826564	1.4951766	-1.6301739	0.005316138	6534.131155967712
359	0.0	0.0	0.0	0.0	25.0	8975	1.6172485	0.029018383	1.7688699	1.5102446	-1.6356468	0.0063013006	6552.46157002449
360	0.1782643	0.0	0.1782643	0.1782643	25.0	9000	1.6228142	0.03345366	1.9143833	1.5405874	-1.6375747	0.0054353755	6571.400537252426
361	0.010616025	0.0	0.010616025	0.010616025	25.0	9025	1.6225386	0.030789288	1.9030025	1.5424861	-1.6379254	0.005561277	6589.65571141243
362	0.63331085	0.0	0.63331085	0.63331085	25.0	9050	1.6215307	0.028599827	1.8740338	1.5438087	-1.6330792	0.0046013193	6608.788779258728
363	0.19079754	0.0	0.19079754	0.19079754	25.0	9075	1.6239755	0.031757876	1.8300183	1.5273911	-1.641884	0.0063080853	6626.959091663361
364	0.95658356	0.0	0.95658356	0.95658356	25.0	9100	1.624366	0.030945659	1.9212528	1.5304251	-1.6375542	0.0039198934	6645.259974002838
365	0.74816	0.0	0.74816	0.74816	25.0	9125	1.6222898	0.032361474	1.8871609	1.5062735	-1.6404938	0.004054327	6663.607404947281
366	0.3837284	0.0	0.3837284	0.3837284	25.0	9150	1.6287085	0.02871302	1.971187	1.549442	-1.6501205	0.0041212873	6682.239594221115
367	0.19412446	0.0	0.19412446	0.19412446	25.0	9175	1.625965	0.028829584	1.9540211	1.5053197	-1.6405176	0.003677532	6700.529931545258
368	0.37742865	0.0	0.37742865	0.37742865	25.0	9200	1.6310092	0.02810566	1.9277439	1.5223663	-1.6444081	0.0040987027	6718.75084733963
369	0.27155343	0.0	0.27155343	0.27155343	25.0	9225	1.6312623	0.032067813	2.0034864	1.3937972	-1.6503267	0.0049251425	6737.021428346634
370	0.5300913	0.0	0.5300913	0.5300913	25.0	9250	1.6389698	0.02911276	1.8221779	1.5616772	-1.658937	0.0045415955	6756.060277223587
371	0.0	0.0	0.0	0.0	25.0	9275	1.6319695	0.03585742	1.9778718	1.5348723	-1.6467907	0.0040483614	6774.207419395447
372	0.6849216	0.0	0.6849216	0.6849216	25.0	9300	1.6408173	0.031894736	1.8565222	1.5492189	-1.6571226	0.005658508	6792.60196018219
373	0.1137046	0.0	0.1137046	0.1137046	25.0	9325	1.643064	0.033561625	1.998808	1.5610358	-1.6572751	0.0051345103	6811.10315823555
374	0.06436148	0.0	0.06436148	0.06436148	25.0	9350	1.641391	0.033158083	1.9244976	1.5648078	-1.6546469	0.0053928755	6829.545708656311
375	0.15181218	0.0	0.15181218	0.15181218	25.0	9375	1.6443572	0.032505155	1.9482085	1.5705802	-1.6559906	0.0045333095	6848.179137468338
376	0.055115648	0.0	0.055115648	0.055115648	25.0	9400	1.6455063	0.030449545	1.943037	1.5739216	-1.6644893	0.0041060494	6866.71949505806
377	0.0	0.0	0.0	0.0	25.0	9425	1.6447549	0.026611913	1.7964185	1.5533423	-1.6660042	0.0045177694	6885.087647199631
378	0.3089148	0.0	0.3089148	0.3089148	25.0	9450	1.6502169	0.036003802	1.9519981	1.5667535	-1.6629361	0.0054445886	6903.664403915405
379	0.3382655	0.0	0.3382655	0.3382655	25.0	9475	1.6540226	0.03367427	1.9973081	1.57648	-1.6690184	0.005457849	6922.868730306625
380	0.24946815	0.0	0.24946815	0.24946815	25.0	9500	1.6471673	0.029826047	1.8232679	1.566275	-1.6602106	0.004776924	6942.6069231033325
381	0.3252394	0.0	0.3252394	0.3252394	25.0	9525	1.6526208	0.030012617	1.9231911	1.5766344	-1.6653081	0.005221495	6961.681469678879
382	0.32834274	0.0	0.32834274	0.32834274	25.0	9550	1.6529928	0.033664066	1.9506438	1.5729941	-1.6669679	0.0043316577	6981.180609226227
383	0.64988667	0.0	0.64988667	0.64988667	25.0	9575	1.6522202	0.030466786	1.9808248	1.5632498	-1.6653132	0.0037317066	7000.2020671367645
384	0.7351526	0.0	0.7351526	0.7351526	25.0	9600	1.656394	0.030535437	1.966821	1.5668672	-1.6680559	0.005110028	7018.8099892139435
385	0.1382453	0.0	0.1382453	0.1382453	25.0	9625	1.6560843	0.033150043	1.9308927	1.5735376	-1.672536	0.0049265623	7038.452624082565
386	0.44447097	0.0	0.44447097	0.44447097	25.0	9650	1.6574615	0.032904074	1.9541292	1.5646594	-1.6751477	0.004661203	7056.767966032028
387	0.17368206	0.0	0.17368206	0.17368206	25.0	9675	1.6643201	0.032358274	1.9653547	1.5832168	-1.6766521	0.0058503025	7075.9166469573975
388	0.0	0.0	0.0	0.0	25.0	9700	1.659081	0.03800593	1.8739983	1.5672652	-1.6734641	0.005664961	7095.960683822632
389	0.18032427	0.0	0.18032427	0.18032427	25.0	9725	1.6625572	0.03154212	1.974671	1.5531939	-1.6751146	0.003778845	7115.118981122971
390	0.49589717	0.0	0.49589717	0.49589717	25.0	9750	1.6651566	0.029648619	1.8876909	1.6013148	-1.6825103	0.004527508	7134.648526191711
391	0.1602754	0.0	0.1602754	0.1602754	25.0	9775	1.6673383	0.033791196	1.9245813	1.5625566	-1.6851599	0.0062207715	7153.183160305023
392	0.35952058	0.0	0.35952058	0.35952058	25.0	9800	1.6692325	0.029950192	1.9303808	1.5993247	-1.6863818	0.004702675	7171.7664840221405
393	0.0	0.0	0.0	0.0	25.0	9825	1.6687574	0.031194005	1.9040841	1.5871825	-1.6767969	0.0045933337	7190.321236848831
394	0.0	0.0	0.0	0.0	25.0	9850	1.6639065	0.03131324	1.9185184	1.5876207	-1.6761116	0.0038501536	7209.653632640839
395	0.20692374	0.0	0.20692374	0.20692374	25.0	9875	1.6684403	0.026936164	1.911735	1.6057909	-1.6795435	0.004306701	7228.79093337059
396	0.41823146	0.0	0.41823146	0.41823146	25.0	9900	1.6690927	0.031299934	2.008674	1.5312032	-1.6797836	0.0046985475	7247.575898885727
397	0.47872242	0.0	0.47872242	0.47872242	25.0	9925	1.6680745	0.027412368	1.9192281	1.5646323	-1.6799294	0.0034535574	7267.162645578384
398	0.30670273	0.0	0.30670273	0.30670273	25.0	9950	1.6729664	0.03078439	2.0483193	1.5861651	-1.6803027	0.0049383137	7285.934548854828
399	0.41945004	0.0	0.41945004	0.41945004	25.0	9975	1.671113	0.029792713	1.8581891	1.5619521	-1.687708	0.0044826795	7304.767893791199
400	0.38571125	0.0	0.38571125	0.38571125	25.0	10000	1.6733664	0.030386643	2.0287807	1.5698103	-1.687543	0.0044537457	7324.107867240906
401	0.44386405	0.0	0.44386405	0.44386405	25.0	10025	1.6744548	0.029229864	2.009728	1.5260317	-1.6912192	0.0042519798	7343.1944127082825
402	1.0548054	0.0	1.0548054	1.0548054	25.0	10050	1.6764313	0.029431537	1.9742352	1.6041539	-1.6921577	0.0040436178	7361.629558801651
403	0.5241218	0.0	0.5241218	0.5241218	25.0	10075	1.6758417	0.03324073	1.9868411	1.588511	-1.688725	0.0036334735	7380.170876979828
404	0.8974485	0.0	0.8974485	0.8974485	25.0	10100	1.6797682	0.035858985	2.051752	1.6062117	-1.686041	0.004203618	7398.70990896225
405	0.0	0.0	0.0	0.0	25.0	10125	1.6775992	0.032779578	2.0311124	1.5696636	-1.691133	0.004467374	7417.224390506744
406	0.25270858	0.0	0.25270858	0.25270858	25.0	10150	1.6777332	0.028396621	1.9543087	1.5775601	-1.6937097	0.0036406978	7435.786531209946
407	0.15141082	0.0	0.15141082	0.15141082	25.0	10175	1.6824988	0.028840803	1.9395665	1.6155283	-1.6974444	0.004367713	7454.366432189941
408	0.4121531	0.0	0.4121531	0.4121531	25.0	10200	1.6837767	0.026153414	1.9343108	1.6107118	-1.6996429	0.004555653	7472.942896366119
409	0.19288674	0.0	0.19288674	0.19288674	25.0	10225	1.684276	0.030937897	1.9517872	1.602791	-1.6948909	0.004946512	7491.346068143845
410	0.13559835	0.0	0.13559835	0.13559835	25.0	10250	1.6844488	0.029635476	1.8721167	1.6145446	-1.6971822	0.004013668	7510.501603841782
411	0.0	0.0	0.0	0.0	25.0	10275	1.6854492	0.028152771	1.969219	1.4211897	-1.6957092	0.0043199626	7528.902574777603
412	0.12170979	0.0	0.12170979	0.12170979	25.0	10300	1.6897343	0.03387867	1.9093547	1.5960157	-1.7026086	0.0052825003	7547.413298845291
413	0.20362294	0.0	0.20362294	0.20362294	25.0	10325	1.6909479	0.03309647	2.0025403	1.5903019	-1.708653	0.0060521294	7565.963267564774
414	0.0	0.0	0.0	0.0	25.0	10350	1.6889669	0.031138277	1.9498677	1.6022184	-1.6966891	0.003875127	7584.564408779144
415	0.23884101	0.0	0.23884101	0.23884101	25.0	10375	1.6881187	0.029306078	1.9595289	1.6092176	-1.6987628	0.004027187	7603.049468755722
416	0.8458623	0.0	0.8458623	0.8458623	25.0	10400	1.6855304	0.026684104	1.8890069	1.6112627	-1.7002407	0.0039372314	7621.482036590576
417	0.50737286	0.0	0.50737286	0.50737286	25.0	10425	1.688353	0.027961243	1.9015516	1.559896	-1.7007418	0.004486154	7639.877787590027
418	0.4423802	0.0	0.4423802	0.4423802	25.0	10450	1.6881565	0.03157186	1.9937364	1.6036228	-1.6915578	0.0039783283	7658.197872161865
419	0.90746534	0.0	0.90746534	0.90746534	25.0	10475	1.6912384	0.03086476	2.0611677	1.5836767	-1.7044127	0.0045278072	7676.647957801819
420	0.06858584	0.0	0.06858584	0.06858584	25.0	10500	1.6930846	0.041014347	2.0051596	1.5512285	-1.7033997	0.006237114	7695.89280462265
421	0.38456324	0.0	0.38456324	0.38456324	25.0	10525	1.6952974	0.033833217	1.9982189	1.5957935	-1.7098485	0.0050611305	7714.446466445923
422	0.38043678	0.0	0.38043678	0.38043678	25.0	10550	1.69279	0.031098839	1.9693984	1.5911354	-1.7099371	0.004425169	7733.081318855286
423	0.8242638	0.0	0.8242638	0.8242638	25.0	10575	1.6997703	0.030758133	1.9200433	1.3072063	-1.7158151	0.004870296	7751.61199259758
424	0.24423061	0.0	0.24423061	0.24423061	25.0	10600	1.6996589	0.03422902	1.928237	1.605622	-1.7141981	0.0053899395	7770.114618062973
425	0.37299082	0.0	0.37299082	0.37299082	25.0	10625	1.7002885	0.03285555	2.0043938	1.5545833	-1.7149115	0.004506117	7788.459095239639
426	0.42359957	0.0	0.42359957	0.42359957	25.0	10650	1.7001506	0.029930003	1.9750623	1.6011709	-1.7107892	0.0045803552	7806.949019432068
427	0.08772165	0.0	0.08772165	0.08772165	25.0	10675	1.7018002	0.026433105	2.0759149	1.6165395	-1.713435	0.0045636185	7825.349838256836
428	0.83674407	0.0	0.83674407	0.83674407	25.0	10700	1.6990695	0.02975306	2.0174754	1.6195153	-1.7111466	0.003367422	7843.873894929886
429	0.15491822	0.0	0.15491822	0.15491822	25.0	10725	1.7034574	0.029744383	1.9060752	1.6366965	-1.7190379	0.004742045	7862.474353551865
430	0.13803759	0.0	0.13803759	0.13803759	25.0	10750	1.7033905	0.029057205	1.9135032	1.6279409	-1.7123642	0.0042075925	7882.1706874370575
431	0.23574062	0.0	0.23574062	0.23574062	25.0	10775	1.7028053	0.028297406	1.9312365	1.6032883	-1.7193223	0.004175045	7900.732760429382
432	0.0	0.0	0.0	0.0	25.0	10800	1.7066003	0.028094433	1.9123375	1.5269897	-1.7171456	0.004436936	7918.888946056366
433	0.21054031	0.0	0.21054031	0.21054031	25.0	10825	1.7063909	0.032215927	2.0141182	1.6159079	-1.7222441	0.0043413835	7937.066299676895
434	0.30519548	0.0	0.30519548	0.30519548	25.0	10850	1.7063663	0.031846676	1.9958929	1.6088808	-1.7164253	0.004141459	7955.160356760025
435	0.41684303	0.0	0.41684303	0.41684303	25.0	10875	1.7068721	0.024949944	1.886814	1.6085905	-1.7198822	0.004262114	7973.411314487457
436	0.6780026	0.0	0.6780026	0.6780026	25.0	10900	1.7092204	0.031902675	2.0961566	1.6481133	-1.718716	0.0045001516	7991.539545297623
437	0.677284	0.0	0.677284	0.677284	25.0	10925	1.7113016	0.031769294	2.002914	1.6274554	-1.7290398	0.004708349	8009.662395954132
438	0.940948	0.0	0.940948	0.940948	25.0	10950	1.7122563	0.028184839	1.8970644	1.6249477	-1.7234539	0.0047350917	8027.796518087387
439	0.5713847	0.0	0.5713847	0.5713847	25.0	10975	1.7184378	0.031843133	1.9609246	1.643647	-1.7295395	0.005565363	8045.892823219299
440	0.26729527	0.0	0.26729527	0.26729527	25.0	11000	1.7109976	0.038661443	2.0998476	1.4891998	-1.7277864	0.0049527995	8064.898328781128
441	0.7770295	0.0	0.7770295	0.7770295	25.0	11025	1.7178628	0.030595347	1.9516398	1.6306062	-1.7310236	0.0051399795	8083.108399152756
442	0.04105865	0.0	0.04105865	0.04105865	25.0	11050	1.7171558	0.02882359	1.9766688	1.6316478	-1.7293025	0.0045678024	8101.206685781479
443	0.7104141	0.0	0.7104141	0.7104141	25.0	11075	1.7191768	0.03025513	2.0845048	1.6069672	-1.7337556	0.004716145	8119.314782381058
444	0.29938415	0.0	0.29938415	0.29938415	25.0	11100	1.718219	0.02650823	2.006381	1.6424555	-1.7321982	0.0048775645	8137.356819391251
445	1.5176245	0.0	1.5176245	1.5176245	25.0	11125	1.7227204	0.029594976	2.0310388	1.6515871	-1.7412143	0.0045351395	8155.485425949097
446	0.79577625	0.0	0.79577625	0.79577625	25.0	11150	1.7235385	0.028684383	2.0437915	1.6594433	-1.7339746	0.0053165723	8173.612819194794
447	1.3303368	0.0	1.3303368	1.3303368	25.0	11175	1.7253195	0.033301055	1.955867	1.6424196	-1.734658	0.005697363	8191.751638412476
448	0.7713889	0.0	0.7713889	0.7713889	25.0	11200	1.7244561	0.029412739	1.9211681	1.6647909	-1.737189	0.0047832425	8209.988559961319
449	0.10013409	0.0	0.10013409	0.10013409	25.0	11225	1.7277243	0.030794585	2.059583	1.6437268	-1.7424322	0.004607104	8228.159182548523
450	0.0	0.0	0.0	0.0	25.0	11250	1.7276816	0.032193273	2.0636556	1.643199	-1.7405161	0.0045565753	8247.16994190216
451	1.0022061	0.0	1.0022061	1.0022061	25.0	11275	1.7303351	0.034165207	2.0372758	1.5866431	-1.7424927	0.0055489033	8265.28402519226
452	0.21514623	0.0	0.21514623	0.21514623	25.0	11300	1.7337726	0.03487258	1.957519	1.6434692	-1.7470024	0.0052714706	8283.433619499207
453	0.82680386	0.0	0.82680386	0.82680386	25.0	11325	1.7320542	0.032383673	2.0168703	1.6341691	-1.7440016	0.0051318933	8301.754558563232
454	1.4497114	0.0	1.4497114	1.4497114	25.0	11350	1.7324066	0.029300263	1.9983945	1.6180491	-1.74446	0.0044597285	8319.8382127285
455	0.064164855	0.0	0.064164855	0.064164855	25.0	11375	1.7303413	0.03179418	2.0502071	1.6651317	-1.7390331	0.0038723596	8338.005535125732
456	0.08594911	0.0	0.08594911	0.08594911	25.0	11400	1.7343467	0.029876864	1.9664136	1.6699064	-1.7481428	0.0055725663	8356.106449365616
457	0.14863935	0.0	0.14863935	0.14863935	25.0	11425	1.7359318	0.028007926	1.9842757	1.6230551	-1.7457694	0.005285212	8374.20674777031
458	0.32837158	0.0	0.32837158	0.32837158	25.0	11450	1.734935	0.029080577	1.9659832	1.6553361	-1.7498719	0.004067756	8392.290557861328
459	0.2238855	0.0	0.2238855	0.2238855	25.0	11475	1.7346011	0.032327186	1.9935727	1.5072525	-1.7462687	0.0047414326	8410.408871412277
460	0.6011637	0.0	0.6011637	0.6011637	25.0	11500	1.7378165	0.033840474	2.022397	1.6582035	-1.753388	0.005134218	8429.472820997238
461	0.0	0.0	0.0	0.0	25.0	11525	1.7407761	0.035362843	2.0361893	1.617397	-1.758087	0.0053540547	8447.899987459183
462	0.35925037	0.0	0.35925037	0.35925037	25.0	11550	1.7381607	0.028019877	1.9798952	1.6483524	-1.7561439	0.004301637	8465.990149974823
463	0.21111824	0.0	0.21111824	0.21111824	25.0	11575	1.7437809	0.03131888	2.0626853	1.6380714	-1.7583739	0.0044624214	8484.10907125473
464	0.0	0.0	0.0	0.0	25.0	11600	1.7451389	0.036778487	1.9235047	1.6669731	-1.7560202	0.0058237673	8502.165661811829
465	0.66332	0.0	0.66332	0.66332	25.0	11625	1.7414312	0.03168409	2.050798	1.6341665	-1.7556463	0.0052373856	8520.247825622559
466	0.1111339	0.0	0.1111339	0.1111339	25.0	11650	1.7473608	0.03317708	2.0360012	1.6578674	-1.7624714	0.005314755	8538.355297803879
467	0.1252893	0.0	0.1252893	0.1252893	25.0	11675	1.7500215	0.031038556	2.0705147	1.6452653	-1.761146	0.005403593	8556.45221567154
468	0.31567484	0.0	0.31567484	0.31567484	25.0	11700	1.7520115	0.03206859	2.0551808	1.6675035	-1.7658042	0.005563268	8574.571715831757
469	0.030613918	0.0	0.030613918	0.030613918	25.0	11725	1.7500527	0.032019433	2.024108	1.6462955	-1.7617543	0.005390205	8592.83544921875
470	0.19170897	0.0	0.19170897	0.19170897	25.0	11750	1.7532172	0.031531177	2.1280081	1.667038	-1.7713429	0.005820483	8612.211965799332
471	1.1785035	0.0	1.1785035	1.1785035	25.0	11775	1.7522968	0.031946786	2.0163755	1.6551213	-1.7622162	0.0044129407	8630.75943827629
472	0.1151779	0.0	0.1151779	0.1151779	25.0	11800	1.7565042	0.028723525	2.0619996	1.6662723	-1.7719656	0.005267782	8649.09165430069
473	0.18972476	0.0	0.18972476	0.18972476	25.0	11825	1.7540922	0.032366484	1.9990692	1.5947493	-1.7649636	0.004530348	8667.420928001404
474	0.6921769	0.0	0.6921769	0.6921769	25.0	11850	1.7527024	0.029517347	2.0014138	1.6532706	-1.767129	0.0038261265	8685.744016647339
475	0.0792138	0.0	0.0792138	0.0792138	25.0	11875	1.7534082	0.031417973	2.0863261	1.6575552	-1.7663682	0.005038638	8704.147990703583
476	0.15575875	0.0	0.15575875	0.15575875	25.0	11900	1.7564905	0.028160207	2.0400078	1.6689192	-1.7697372	0.0047337064	8722.577031850815
477	0.20539926	0.0	0.20539926	0.20539926	25.0	11925	1.7589608	0.030914476	2.08522	1.6342946	-1.7720118	0.0053318553	8741.013051748276
478	0.099919766	0.0	0.099919766	0.099919766	25.0	11950	1.7625378	0.032211006	2.018124	1.6754069	-1.7748848	0.0046670865	8759.589311122894
479	0.843591	0.0	0.843591	0.843591	25.0	11975	1.7607291	0.030484391	2.0217607	1.6941255	-1.7744461	0.0042973734	8778.206788539886
480	0.04211766	0.0	0.04211766	0.04211766	25.0	12000	1.7617221	0.029979149	2.0103877	1.6059723	-1.7687404	0.0046940073	8797.766577005386
481	0.3614426	0.0	0.3614426	0.3614426	25.0	12025	1.7604501	0.028352674	2.037692	1.6711057	-1.7729677	0.0041506607	8816.505809307098
482	0.0	0.0	0.0	0.0	25.0	12050	1.7668767	0.027251335	2.1731877	1.6491859	-1.7791961	0.0048835296	8834.93655014038
483	0.0	0.0	0.0	0.0	25.0	12075	1.765108	0.031192735	2.031255	1.6497476	-1.7764294	0.0048054694	8853.764020442963
484	0.64622605	0.0	0.64622605	0.64622605	25.0	12100	1.7668881	0.02790606	2.080107	1.6751341	-1.7794287	0.0045859325	8872.684316635132
485	0.407686	0.0	0.407686	0.407686	25.0	12125	1.7679398	0.032473728	2.0414104	1.6709307	-1.7831613	0.0057682814	8891.68660569191
486	0.99466085	0.0	0.99466085	0.99466085	25.0	12150	1.7693908	0.032708332	1.9757594	1.6589102	-1.7808537	0.0043009575	8910.596135139465
487	0.0	0.0	0.0	0.0	25.0	12175	1.7720114	0.031747997	2.1436653	1.6720327	-1.7845149	0.004817526	8929.229291200638
488	0.5794405	0.0	0.5794405	0.5794405	25.0	12200	1.7726068	0.02965346	2.0961711	1.6305407	-1.7855052	0.005553059	8947.811094045639
489	1.0921426	0.0	1.0921426	1.0921426	25.0	12225	1.7709908	0.026447264	2.0794964	1.6305097	-1.7843764	0.0039636786	8966.463099002838
490	0.90760994	0.0	0.90760994	0.90760994	25.0	12250	1.7794135	0.03354472	2.063516	1.64874	-1.7903198	0.005831167	8985.960660219193
491	0.5185745	0.0	0.5185745	0.5185745	25.0	12275	1.7761852	0.03342001	2.0081582	1.6776911	-1.7879797	0.0057402086	9004.912536144257
492	0.16737951	0.0	0.16737951	0.16737951	25.0	12300	1.7766532	0.030737061	2.0420904	1.6658381	-1.7885375	0.0048522553	9024.043936252594
493	0.0	0.0	0.0	0.0	25.0	12325	1.7765771	0.031221308	2.1109114	1.6956147	-1.7885487	0.005287777	9043.086044311523
494	0.23829274	0.0	0.23829274	0.23829274	25.0	12350	1.777414	0.03207585	2.0571923	1.6925838	-1.790276	0.004264212	9062.059564113617
495	0.33090353	0.0	0.33090353	0.33090353	25.0	12375	1.7801324	0.03152774	2.0729642	1.7002047	-1.7892463	0.004681826	9080.65528512001
496	0.02955971	0.0	0.02955971	0.02955971	25.0	12400	1.7786883	0.027789889	1.9911904	1.6631863	-1.7899097	0.0052274573	9099.195909023285
497	0.21340418	0.0	0.21340418	0.21340418	25.0	12425	1.7835584	0.033839542	2.0537477	1.7041228	-1.7939901	0.005490482	9118.039507627487
498	0.11346584	0.0	0.11346584	0.11346584	25.0	12450	1.7800286	0.030792838	2.0033028	1.6454419	-1.7920266	0.00565171	9136.702157974243
499	0.795264	0.0	0.795264	0.795264	25.0	12475	1.7795602	0.029276414	2.086726	1.6495917	-1.7875714	0.0043398924	9155.307975769043
500	0.65486974	0.0	0.65486974	0.65486974	25.0	12500	1.7834157	0.034957666	2.1310897	1.7120721	-1.7920785	0.0048342515	9175.480989217758
501	0.3567631	0.0	0.3567631	0.3567631	25.0	12525	1.7800817	0.03166651	2.1420672	1.6908797	-1.7950267	0.004146048	9194.513398647308
502	0.115076676	0.0	0.115076676	0.115076676	25.0	12550	1.7816283	0.028434463	2.0984545	1.6891025	-1.7905948	0.004519457	9213.487756490707
503	0.41969237	0.0	0.41969237	0.41969237	25.0	12575	1.783595	0.027395526	2.0186448	1.6810981	-1.7939744	0.004778257	9232.005561828613
504	0.7632625	0.0	0.7632625	0.7632625	25.0	12600	1.7882239	0.031079974	2.063243	1.7146254	-1.7989115	0.005811172	9250.569883823395
505	0.19482669	0.0	0.19482669	0.19482669	25.0	12625	1.7860202	0.035547122	2.1020756	1.6916721	-1.798511	0.0042528994	9269.012957334518
506	0.032055818	0.0	0.032055818	0.032055818	25.0	12650	1.7895011	0.034725368	2.214157	1.693671	-1.7983395	0.0049830438	9288.064942359924
507	0.68450886	0.0	0.68450886	0.68450886	25.0	12675	1.7878892	0.030478394	1.9942263	1.6820784	-1.8006631	0.0055730846	9306.688135623932
508	0.32720605	0.0	0.32720605	0.32720605	25.0	12700	1.7927469	0.035312664	2.2036407	1.7077167	-1.801604	0.0053168316	9325.764347314835
509	0.2658313	0.0	0.2658313	0.2658313	25.0	12725	1.788537	0.029731667	2.001975	1.6554221	-1.8035538	0.0045604743	9344.644327402115
510	0.36637706	0.0	0.36637706	0.36637706	25.0	12750	1.7915511	0.029720938	2.0971653	1.7071016	-1.8036598	0.004366389	9364.803429603577
511	0.4461703	0.0	0.4461703	0.4461703	25.0	12775	1.7934585	0.031604704	2.0957582	1.7164605	-1.8015538	0.005168205	9383.678107261658
512	0.08319358	0.0	0.08319358	0.08319358	25.0	12800	1.7946961	0.030216765	2.0113616	1.4228972	-1.8052521	0.0050284667	9402.254971981049
513	0.9807561	0.0	0.9807561	0.9807561	25.0	12825	1.7939621	0.032785635	2.0376754	1.6520422	-1.8044155	0.0039886697	9421.106158971786
514	0.16446373	0.0	0.16446373	0.16446373	25.0	12850	1.7965012	0.029763913	2.0403528	1.7031599	-1.8086623	0.0051705884	9439.756706953049
515	0.601236	0.0	0.601236	0.601236	25.0	12875	1.7943659	0.029267918	1.999287	1.7023592	-1.8098283	0.004248194	9458.614243745804
516	1.7087227	0.0	1.7087227	1.7087227	25.0	12900	1.7960514	0.029047513	2.1070325	1.7197843	-1.8084728	0.004260773	9480.688192129135
517	0.95985687	0.0	0.95985687	0.95985687	25.0	12925	1.8031952	0.032507475	2.1622248	1.7123721	-1.8152707	0.0057337377	9499.488426923752
518	0.0	0.0	0.0	0.0	25.0	12950	1.7981141	0.030707067	2.207644	1.6663955	-1.806092	0.0045811078	9518.258027791977
519	0.47505385	0.0	0.47505385	0.47505385	25.0	12975	1.8018783	0.031588376	2.1116068	1.6746467	-1.8133692	0.0051294346	9536.765501976013
520	0.07608182	0.0	0.07608182	0.07608182	25.0	13000	1.7976559	0.029587978	2.0126703	1.698432	-1.8115045	0.0042837374	9556.60608792305
521	0.07419657	0.0	0.07419657	0.07419657	25.0	13025	1.8034803	0.03239474	2.1501427	1.7125919	-1.8179942	0.004739474	9575.369297266006
522	0.22367585	0.0	0.22367585	0.22367585	25.0	13050	1.809004	0.031805113	2.0875225	1.7035055	-1.8202841	0.0064049466	9594.187012195587
523	0.36332953	0.0	0.36332953	0.36332953	25.0	13075	1.8046745	0.03143371	2.1357315	1.7112278	-1.8179886	0.004123121	9612.991413116455
524	0.10022378	0.0	0.10022378	0.10022378	25.0	13100	1.8036771	0.02732383	1.9814856	1.7277687	-1.813306	0.004809784	9631.765505552292
525	0.09655347	0.0	0.09655347	0.09655347	25.0	13125	1.8040421	0.027275357	2.103747	1.7026631	-1.815726	0.0039495965	9650.481857776642
526	0.059277654	0.0	0.059277654	0.059277654	25.0	13150	1.8054389	0.027282711	1.9756244	1.7331891	-1.8167856	0.0041035847	9668.806515693665
527	2.433657	0.0	2.433657	2.433657	25.0	13175	1.8079196	0.030939087	2.052233	1.7240705	-1.8216522	0.006481637	9687.175139665604
528	1.1622303	0.0	1.1622303	1.1622303	25.0	13200	1.8111091	0.03617945	2.0264661	1.7289636	-1.8200557	0.0062000738	9705.491278648376
529	0.0	0.0	0.0	0.0	25.0	13225	1.814234	0.03711603	2.1461854	1.720044	-1.8186673	0.0058149905	9723.581449985504
530	0.08800252	0.0	0.08800252	0.08800252	25.0	13250	1.8109045	0.03720248	2.188609	1.6749625	-1.8225441	0.0052578	9742.855826377869
531	0.37377572	0.0	0.37377572	0.37377572	25.0	13275	1.8123834	0.03368111	2.145294	1.7172868	-1.8198891	0.004642761	9760.98170208931
532	0.39604113	0.0	0.39604113	0.39604113	25.0	13300	1.8140796	0.031337623	2.0289402	1.7190795	-1.8242347	0.00496394	9779.12204003334
533	1.1331146	0.0	1.1331146	1.1331146	25.0	13325	1.809523	0.027911434	2.1075292	1.7290946	-1.8186371	0.0043802965	9797.254314184189
534	0.7298557	0.0	0.7298557	0.7298557	25.0	13350	1.8123838	0.033260148	2.2071576	1.4559737	-1.8225653	0.0048133843	9815.391111373901
535	0.8957984	0.0	0.8957984	0.8957984	25.0	13375	1.8124667	0.03265396	2.2035234	1.7214983	-1.821363	0.00522065	9833.503385782242
536	0.46565422	0.0	0.46565422	0.46565422	25.0	13400	1.8142679	0.030058958	2.0514486	1.7544308	-1.8215576	0.0056172987	9851.58843421936
537	0.5227575	0.0	0.5227575	0.5227575	25.0	13425	1.8145987	0.03542344	2.0744724	1.6879524	-1.8310382	0.0059080087	9869.73668885231
538	0.3043363	0.0	0.3043363	0.3043363	25.0	13450	1.8151623	0.031052386	2.2759018	1.7175523	-1.8262385	0.005268609	9887.981775283813
539	0.72621036	0.0	0.72621036	0.72621036	25.0	13475	1.814035	0.027829329	2.0179553	1.7082353	-1.826162	0.0052631106	9906.195929765701
540	0.89751244	0.0	0.89751244	0.89751244	25.0	13500	1.819099	0.034409314	2.1327076	1.6617905	-1.8323098	0.0058508595	9925.406637191772
541	0.6550849	0.0	0.6550849	0.6550849	25.0	13525	1.8186963	0.02826817	2.0100186	1.7106204	-1.829442	0.0060770367	9943.577018499374
542	0.9199304	0.0	0.9199304	0.9199304	25.0	13550	1.8198911	0.032119866	2.1070685	1.6460619	-1.8326454	0.005945997	9961.753527641296
543	0.0	0.0	0.0	0.0	25.0	13575	1.8200836	0.028828273	2.028214	1.707768	-1.8300554	0.0050204564	9979.974701166153
544	0.0	0.0	0.0	0.0	25.0	13600	1.8180951	0.03103597	2.1082382	1.7218602	-1.8274469	0.0046236594	9998.63072180748
545	0.06798041	0.0	0.06798041	0.06798041	25.0	13625	1.8232467	0.03424908	2.0472472	1.7058907	-1.8358259	0.0060261046	10016.836936950684
546	0.5842093	0.0	0.5842093	0.5842093	25.0	13650	1.8199737	0.031306833	2.082161	1.7280602	-1.833118	0.0061348383	10035.119619846344
547	0.29401278	0.0	0.29401278	0.29401278	25.0	13675	1.8247507	0.02797934	2.0602458	1.7449086	-1.8357446	0.0054307682	10053.900273561478
548	0.40774444	0.0	0.40774444	0.40774444	25.0	13700	1.8240894	0.031237336	2.0911596	1.7220101	-1.8380685	0.005858061	10072.265483617783
549	0.15911129	0.0	0.15911129	0.15911129	25.0	13725	1.8256389	0.028306402	2.0399559	1.7534325	-1.8361398	0.0050303694	10090.539855241776
550	0.055537533	0.0	0.055537533	0.055537533	25.0	13750	1.8242694	0.027056407	2.0894773	1.7246094	-1.8342777	0.0044627003	10110.788474798203
551	0.48715964	0.0	0.48715964	0.48715964	25.0	13775	1.8245392	0.030025568	2.1515503	1.7316152	-1.835622	0.0041957246	10128.92367219925
552	0.086395614	0.0	0.086395614	0.086395614	25.0	13800	1.8252689	0.031309977	2.064189	1.6714602	-1.837257	0.004616652	10147.041326284409
553	1.5353594	0.0	1.5353594	1.5353594	25.0	13825	1.8268454	0.03316189	2.0955126	1.7074504	-1.8404616	0.004634894	10165.197905540466
554	0.09783701	0.0	0.09783701	0.09783701	25.0	13850	1.8282361	0.03082019	2.0417519	1.579567	-1.8414272	0.0052198498	10183.471884965897
555	0.33304116	0.0	0.33304116	0.33304116	25.0	13875	1.8307194	0.028829725	2.072954	1.7357044	-1.8445325	0.004318552	10201.567976474762
556	0.3468213	0.0	0.3468213	0.3468213	25.0	13900	1.8308896	0.03054033	2.1385386	1.7483947	-1.8419107	0.0054807365	10219.677595376968
557	0.21285778	0.0	0.21285778	0.21285778	25.0	13925	1.8309522	0.033856038	2.1137755	1.7749683	-1.8412954	0.004603494	10237.825407981873
558	0.33848336	0.0	0.33848336	0.33848336	25.0	13950	1.8327092	0.033796225	2.2254374	1.7009499	-1.8403188	0.004851923	10256.003560304642
559	0.34720284	0.0	0.34720284	0.34720284	25.0	13975	1.8303626	0.03443996	2.119207	1.6868505	-1.8453071	0.0045956573	10274.141258001328
560	0.39633694	0.0	0.39633694	0.39633694	25.0	14000	1.8347576	0.032300346	2.0976043	1.7569577	-1.8433211	0.004660571	10293.791309595108
561	0.5152673	0.0	0.5152673	0.5152673	25.0	14025	1.8338034	0.03072092	2.1778784	1.7623354	-1.8446612	0.00497907	10311.89100599289
562	2.000826	0.0	2.000826	2.000826	25.0	14050	1.837309	0.028448505	2.0466251	1.7575396	-1.8463062	0.005889396	10330.02749824524
563	0.15591916	0.0	0.15591916	0.15591916	25.0	14075	1.839356	0.034277685	2.1724281	1.7672813	-1.8495313	0.0056822603	10348.168719768524
564	0.1712949	0.0	0.1712949	0.1712949	25.0	14100	1.8350797	0.032349456	2.19066	1.7553953	-1.844356	0.0053005153	10366.266031742096
565	0.40780684	0.0	0.40780684	0.40780684	25.0	14125	1.8428975	0.034356907	2.117142	1.745692	-1.8592895	0.00586777	10384.482785463333
566	1.1076013	0.0	1.1076013	1.1076013	25.0	14150	1.8408806	0.032842796	2.13803	1.752597	-1.8502802	0.005148241	10402.973573207855
567	0.2501353	0.0	0.2501353	0.2501353	25.0	14175	1.8368852	0.028386477	2.099514	1.7351056	-1.8475986	0.004619802	10421.300792455673
568	0.094581194	0.0	0.094581194	0.094581194	25.0	14200	1.8408927	0.03376801	2.109583	1.7797253	-1.8494034	0.004959411	10439.472332954407
569	0.6673445	0.0	0.6673445	0.6673445	25.0	14225	1.8441769	0.034973465	2.0421174	1.7581003	-1.8505422	0.005640787	10457.702551841736
570	0.6399419	0.0	0.6399419	0.6399419	25.0	14250	1.8432254	0.03589524	2.1579769	1.6789098	-1.8536571	0.0048942547	10476.934487342834
571	0.17164075	0.0	0.17164075	0.17164075	25.0	14275	1.8386862	0.029260568	2.202889	1.7602191	-1.8512943	0.0057910164	10495.051876783371
572	0.27342293	0.0	0.27342293	0.27342293	25.0	14300	1.8471069	0.03190717	2.072209	1.7665547	-1.8550844	0.0052759396	10513.153305530548
573	1.02252	0.0	1.02252	1.02252	25.0	14325	1.848186	0.033961974	2.1254091	1.7422777	-1.8599968	0.006733683	10531.261227607727
574	0.23095578	0.0	0.23095578	0.23095578	25.0	14350	1.8411709	0.031437468	2.1579916	1.7797344	-1.8514332	0.004401531	10549.390199422836
575	1.5625757	0.0	1.5625757	1.5625757	25.0	14375	1.8475801	0.029694082	2.1137228	1.696614	-1.8600593	0.005527169	10567.589056253433
576	0.13189961	0.0	0.13189961	0.13189961	25.0	14400	1.8436438	0.033448488	2.1597908	1.7580129	-1.8537476	0.0043359757	10585.72466468811
577	0.47947624	0.0	0.47947624	0.47947624	25.0	14425	1.8468076	0.026768561	2.0520475	1.7735127	-1.8558686	0.0059297704	10603.852298021317
578	0.2945291	0.0	0.2945291	0.2945291	25.0	14450	1.8415265	0.026554089	2.0706167	1.753321	-1.8505608	0.0037466877	10622.01828622818
579	0.701326	0.0	0.701326	0.701326	25.0	14475	1.8494812	0.030459993	2.1223836	1.5929269	-1.8563178	0.0057731215	10640.261995792389
580	0.28793323	0.0	0.28793323	0.28793323	25.0	14500	1.8520787	0.037306193	2.1776252	1.7369926	-1.8629838	0.005734524	10659.392697811127
581	0.20822029	0.0	0.20822029	0.20822029	25.0	14525	1.8509424	0.033490367	2.0785332	1.7228795	-1.8590001	0.0054167258	10677.466395616531
582	0.0	0.0	0.0	0.0	25.0	14550	1.8486993	0.034424137	2.2119234	1.7701638	-1.8565052	0.0045986697	10695.54824924469
583	0.06460377	0.0	0.06460377	0.06460377	25.0	14575	1.852709	0.031130668	2.1367996	1.7501751	-1.8609223	0.0053569134	10713.694753408432
584	0.43285877	0.0	0.43285877	0.43285877	25.0	14600	1.8525869	0.027328946	2.125179	1.793601	-1.8659538	0.0056163054	10731.774360656738
585	0.588653	0.0	0.588653	0.588653	25.0	14625	1.8529843	0.03193607	2.1160052	1.7589657	-1.8621641	0.0051954454	10750.061275959015
586	0.7043656	0.0	0.7043656	0.7043656	25.0	14650	1.8531162	0.029766645	2.1590395	1.7877043	-1.8601712	0.0049367175	10768.490619182587
587	0.4375205	0.0	0.4375205	0.4375205	25.0	14675	1.8565505	0.03658263	2.1855996	1.7627602	-1.8618703	0.0062963394	10786.848290681839
588	0.8246906	0.0	0.8246906	0.8246906	25.0	14700	1.85298	0.03647442	2.1493592	1.7021207	-1.8609569	0.005095243	10805.157302379608
589	1.0387158	0.0	1.0387158	1.0387158	25.0	14725	1.8567624	0.030761065	2.1027753	1.7799976	-1.8686156	0.005690171	10823.51508975029
590	0.5079484	0.0	0.5079484	0.5079484	25.0	14750	1.8544492	0.030716117	2.1348674	1.7404323	-1.8614424	0.0049096844	10842.733500003815
591	0.06470119	0.0	0.06470119	0.06470119	25.0	14775	1.859522	0.03095431	2.1310568	1.7467455	-1.8691025	0.00591182	10860.853412389755
592	0.12630399	0.0	0.12630399	0.12630399	25.0	14800	1.8593677	0.030826315	2.1217315	1.7925258	-1.8677952	0.0056537515	10878.953258037567
593	0.8504406	0.0	0.8504406	0.8504406	25.0	14825	1.8546436	0.029386466	2.1116571	1.793102	-1.8658261	0.0063978387	10897.128836393356
594	0.0	0.0	0.0	0.0	25.0	14850	1.8675601	0.03869488	2.2036207	1.7197716	-1.8782458	0.007032056	10915.239250659943
595	1.1027402	0.0	1.1027402	1.1027402	25.0	14875	1.85763	0.029189764	2.0747547	1.7779241	-1.871942	0.005302391	10933.440865516663
596	0.6187018	0.0	0.6187018	0.6187018	25.0	14900	1.8606089	0.029828316	2.2125719	1.7987417	-1.8751222	0.0044449996	10951.626260995865
597	0.5426911	0.0	0.5426911	0.5426911	25.0	14925	1.8615353	0.033650327	2.2495723	1.6341221	-1.8735013	0.0047178552	10969.838835477829
598	0.0127398325	0.0	0.0127398325	0.0127398325	25.0	14950	1.8642753	0.030869866	2.123137	1.7919226	-1.8770245	0.005365913	10988.013525009155
599	0.5544937	0.0	0.5544937	0.5544937	25.0	14975	1.8668941	0.026897548	2.1278112	1.7626736	-1.8800145	0.0052833534	11006.184168577194
600	0.15692739	0.0	0.15692739	0.15692739	25.0	15000	1.8653554	0.029270096	2.1546612	1.8039362	-1.876441	0.004936982	11025.38176393509
601	0.42989126	0.0	0.42989126	0.42989126	25.0	15025	1.8666677	0.031679336	2.1588972	1.8028263	-1.8794236	0.0055637406	11043.516652584076
602	0.2884762	0.0	0.2884762	0.2884762	25.0	15050	1.8679667	0.028398005	2.0740337	1.8166255	-1.8773476	0.0051930966	11061.672329425812
603	0.0	0.0	0.0	0.0	25.0	15075	1.8710895	0.033602037	2.0954041	1.7725484	-1.8783641	0.005302781	11079.774037122726
604	0.43625674	0.0	0.43625674	0.43625674	25.0	15100	1.8710425	0.037286215	2.2094257	1.7817042	-1.883598	0.0072977394	11097.951761245728
605	0.34249854	0.0	0.34249854	0.34249854	25.0	15125	1.8716305	0.033365946	2.1400714	1.7906814	-1.8830115	0.0057634693	11116.274295091629
606	0.24462283	0.0	0.24462283	0.24462283	25.0	15150	1.8704181	0.033729427	2.2567325	1.7959037	-1.8817127	0.0051419307	11134.645405292511
607	0.8857431	0.0	0.8857431	0.8857431	25.0	15175	1.8773781	0.03823327	2.1115139	1.803665	-1.8879192	0.0068581933	11152.7386739254
608	0.2748324	0.0	0.2748324	0.2748324	25.0	15200	1.8766556	0.029941486	2.2197826	1.780106	-1.8912132	0.0059298193	11170.867963075638
609	0.43708926	0.0	0.43708926	0.43708926	25.0	15225	1.8775597	0.03130165	2.145588	1.7629153	-1.8870988	0.0059154923	11189.162735700607
610	0.37678462	0.0	0.37678462	0.37678462	25.0	15250	1.8731449	0.035256345	2.1118903	1.77741	-1.8846157	0.004306118	11208.454736471176
611	0.37737414	0.0	0.37737414	0.37737414	25.0	15275	1.8783244	0.030776199	2.1155114	1.7746701	-1.8896813	0.005538324	11226.57845902443
612	0.15452679	0.0	0.15452679	0.15452679	25.0	15300	1.8765155	0.032345247	2.0666695	1.8080161	-1.8825672	0.0045359936	11244.723954200745
613	0.14631487	0.0	0.14631487	0.14631487	25.0	15325	1.8807437	0.03444532	2.072767	1.7931601	-1.8953166	0.0070172604	11262.814713478088
614	0.21546468	0.0	0.21546468	0.21546468	25.0	15350	1.8773947	0.031172173	2.1529226	1.781511	-1.886745	0.0044326647	11280.881833553314
615	0.2508341	0.0	0.2508341	0.2508341	25.0	15375	1.8783197	0.033406198	2.1212282	1.7942908	-1.8878926	0.0049332376	11298.967055797577
616	0.9748796	0.0	0.9748796	0.9748796	25.0	15400	1.8786583	0.031382587	2.1123514	1.7936951	-1.8898673	0.005075767	11317.073923826218
617	0.67891574	0.0	0.67891574	0.67891574	25.0	15425	1.8791153	0.03198829	2.223613	1.7977657	-1.8889867	0.006514568	11335.200875043869
618	0.6652918	0.0	0.6652918	0.6652918	25.0	15450	1.8858913	0.032339953	2.181146	1.7917432	-1.8959975	0.005858626	11353.3164768219
619	0.2569259	0.0	0.2569259	0.2569259	25.0	15475	1.885448	0.029162252	2.0590339	1.7779744	-1.8996048	0.0053056963	11371.440522193909
620	0.7295735	0.0	0.7295735	0.7295735	25.0	15500	1.8831439	0.032297656	2.2867556	1.819339	-1.8952835	0.00494455	11390.781531572342
621	0.7821261	0.0	0.7821261	0.7821261	25.0	15525	1.888403	0.030127026	2.1064804	1.7585887	-1.8936638	0.0060740937	11408.88847231865
622	0.1979125	0.0	0.1979125	0.1979125	25.0	15550	1.8857952	0.033566196	2.1513438	1.807938	-1.8946341	0.0055094706	11426.985719680786
623	0.32393402	0.0	0.32393402	0.32393402	25.0	15575	1.8869971	0.030683925	2.2423449	1.7915397	-1.8976725	0.005123691	11445.119805812836
624	0.0	0.0	0.0	0.0	25.0	15600	1.8927401	0.0348842	2.1305425	1.7660544	-1.9051697	0.005939317	11463.245541334152
625	0.31866953	0.0	0.31866953	0.31866953	25.0	15625	1.8900876	0.033780664	2.1649754	1.7776477	-1.8968878	0.0059493994	11481.359057188034
626	1.2452666	0.0	1.2452666	1.2452666	25.0	15650	1.8885297	0.030917976	2.150838	1.7689258	-1.8981863	0.0046504745	11499.537297010422
627	0.4197235	0.0	0.4197235	0.4197235	25.0	15675	1.894285	0.03023851	2.144177	1.8088653	-1.9085103	0.00627295	11517.702435016632
628	0.2729028	0.0	0.2729028	0.2729028	25.0	15700	1.8943534	0.034242313	2.1222053	1.789951	-1.9053664	0.0057863174	11535.9111764431
629	0.15055816	0.0	0.15055816	0.15055816	25.0	15725	1.8989292	0.034059882	2.210279	1.7973969	-1.9085133	0.007004644	11554.193712472916
630	0.0	0.0	0.0	0.0	25.0	15750	1.8971297	0.031765867	2.1157238	1.7991569	-1.9061033	0.005695854	11573.4107234478
631	0.25329864	0.0	0.25329864	0.25329864	25.0	15775	1.8940717	0.025920948	2.0676548	1.7897918	-1.9049171	0.0052844845	11591.626841068268
632	0.6348572	0.0	0.6348572	0.6348572	25.0	15800	1.8969796	0.026372058	2.1371784	1.8176055	-1.9050275	0.005318039	11609.769487857819
633	0.5266205	0.0	0.5266205	0.5266205	25.0	15825	1.8944129	0.025949048	2.125031	1.8142878	-1.9045895	0.0049809916	11627.936773061752
634	0.20332573	0.0	0.20332573	0.20332573	25.0	15850	1.8942813	0.030189658	2.128387	1.812881	-1.9014142	0.004706625	11646.04097366333
635	0.20841168	0.0	0.20841168	0.20841168	25.0	15875	1.9010284	0.03261942	2.2222748	1.8206538	-1.9112521	0.00626124	11664.197943925858
636	0.32177356	0.0	0.32177356	0.32177356	25.0	15900	1.8983984	0.031634606	2.1405559	1.8130994	-1.9073973	0.0052507143	11682.271987438202
637	0.0	0.0	0.0	0.0	25.0	15925	1.9004679	0.031346142	2.230743	1.767518	-1.9107194	0.006020944	11700.322922229767
638	0.27314308	0.0	0.27314308	0.27314308	25.0	15950	1.9012289	0.029488655	2.2296364	1.8133767	-1.9128151	0.0053582964	11718.451958656311
639	1.1144533	0.0	1.1144533	1.1144533	25.0	15975	1.9030184	0.03609615	2.3194184	1.7976801	-1.9123421	0.0048386017	11736.613087415695
640	0.25418082	0.0	0.25418082	0.25418082	25.0	16000	1.9023159	0.030124996	2.1160803	1.8447709	-1.9110678	0.0057788137	11755.956638813019
641	0.48380107	0.0	0.48380107	0.48380107	25.0	16025	1.9011862	0.030388054	2.1427813	1.7874448	-1.9104275	0.0047202464	11774.097128629684
642	0.066215806	0.0	0.066215806	0.066215806	25.0	16050	1.907116	0.03281298	2.285229	1.8387699	-1.9157224	0.0061170156	11792.21849822998
643	0.743178	0.0	0.743178	0.743178	25.0	16075	1.9073256	0.03220613	2.2055871	1.8208892	-1.9154054	0.0062572714	11810.479233503342
644	0.47412458	0.0	0.47412458	0.47412458	25.0	16100	1.9080237	0.031228023	2.0930765	1.8032328	-1.91821	0.0060589546	11828.684725999832
645	0.70327544	0.0	0.70327544	0.70327544	25.0	16125	1.9059424	0.03244306	2.1468372	1.8303514	-1.9156876	0.0057267463	11847.145772695541
646	0.22421566	0.0	0.22421566	0.22421566	25.0	16150	1.9105213	0.039881412	2.1642566	1.8023331	-1.9177463	0.005503179	11865.520433187485
647	0.061142832	0.0	0.061142832	0.061142832	25.0	16175	1.909589	0.0342338	2.294553	1.8160228	-1.9180696	0.007043973	11883.8481092453
648	0.30804613	0.0	0.30804613	0.30804613	25.0	16200	1.9108441	0.035905555	2.1865644	1.8361559	-1.9168538	0.0054149074	11902.183578968048
649	0.0031416041	0.0	0.0031416041	0.0031416041	25.0	16225	1.9078746	0.031941593	2.238946	1.7393343	-1.9165409	0.004814607	11920.483562231064
650	0.6623255	0.0	0.6623255	0.6623255	25.0	16250	1.9093208	0.035348725	2.276873	1.8213419	-1.9118363	0.0068568313	11939.98246049881
651	0.42941502	0.0	0.42941502	0.42941502	25.0	16275	1.913363	0.034923457	2.1899319	1.7805045	-1.9239045	0.0054727285	11958.702188014984
652	0.725389	0.0	0.725389	0.725389	25.0	16300	1.9146194	0.036282074	2.2504861	1.8362976	-1.9223607	0.0068948176	11977.212621450424
653	0.3116576	0.0	0.3116576	0.3116576	25.0	16325	1.9175912	0.03496133	2.192892	1.8042146	-1.9282385	0.0052711195	11995.956979990005
654	0.06461387	0.0	0.06461387	0.06461387	25.0	16350	1.9175079	0.030629812	2.2235107	1.8454628	-1.9265237	0.0062490045	12014.468466997147
655	0.52806765	0.0	0.52806765	0.52806765	25.0	16375	1.91864	0.028064955	2.1319873	1.7728392	-1.9327104	0.0050666356	12032.827558994293
656	0.30781403	0.0	0.30781403	0.30781403	25.0	16400	1.9224067	0.03035451	2.252857	1.7572329	-1.9325272	0.0063107773	12051.199122905731
657	0.2187339	0.0	0.2187339	0.2187339	25.0	16425	1.9196094	0.029909335	2.2436059	1.8309011	-1.9317136	0.0057983575	12069.689479589462
658	0.27918926	0.0	0.27918926	0.27918926	25.0	16450	1.9219133	0.032045927	2.2688634	1.7953339	-1.9322315	0.0051392554	12088.00844836235
659	0.30689874	0.0	0.30689874	0.30689874	25.0	16475	1.9243007	0.032426927	2.3067656	1.7704742	-1.9343057	0.0057206405	12106.647139787674
660	0.20356074	0.0	0.20356074	0.20356074	25.0	16500	1.9232842	0.032070003	2.1825902	1.7889948	-1.9332718	0.0061181714	12126.514098882675
661	0.09045442	0.0	0.09045442	0.09045442	25.0	16525	1.9252368	0.031614423	2.2856293	1.8197367	-1.9346596	0.004834812	12145.370270490646
662	1.0181224	0.0	1.0181224	1.0181224	25.0	16550	1.9261315	0.030835329	2.2437625	1.8568105	-1.9365976	0.005995765	12164.0495159626
663	0.45192206	0.0	0.45192206	0.45192206	25.0	16575	1.92739	0.029539393	2.1000547	1.8264989	-1.937858	0.0067382683	12182.427489757538
664	0.04104348	0.0	0.04104348	0.04104348	25.0	16600	1.9310641	0.02944501	2.1810775	1.8636347	-1.9404372	0.0061183674	12200.799425840378
665	0.2549675	0.0	0.2549675	0.2549675	25.0	16625	1.9237267	0.03277063	2.1972597	1.8113096	-1.9342154	0.0050793327	12219.39270067215
666	0.21670902	0.0	0.21670902	0.21670902	25.0	16650	1.9280609	0.033232242	2.213528	1.8444656	-1.9384388	0.00469044	12237.721093416214
667	0.3764408	0.0	0.3764408	0.3764408	25.0	16675	1.9275231	0.030903835	2.1254084	1.8213749	-1.9369826	0.0053460635	12256.215105772018
668	0.0	0.0	0.0	0.0	25.0	16700	1.9315193	0.032065555	2.1161284	1.82818	-1.9392563	0.0060040285	12274.754646539688
669	0.62196195	0.0	0.62196195	0.62196195	25.0	16725	1.9245558	0.036147404	2.1339889	1.8505158	-1.9364777	0.0050438032	12293.334906339645
670	0.22092694	0.0	0.22092694	0.22092694	25.0	16750	1.9329246	0.03157615	2.1764395	1.8059572	-1.9407676	0.0056374385	12313.366593837738
671	0.1088855	0.0	0.1088855	0.1088855	25.0	16775	1.928309	0.026619665	2.1068668	1.8461401	-1.9378691	0.0050615408	12331.903848409653
672	0.033928245	0.0	0.033928245	0.033928245	25.0	16800	1.9320154	0.02890437	2.190837	1.8494375	-1.9408929	0.004950178	12350.33816409111
673	0.13314372	0.0	0.13314372	0.13314372	25.0	16825	1.9372497	0.03395722	2.2890503	1.6733729	-1.9492898	0.006504829	12368.788308382034
674	0.038222954	0.0	0.038222954	0.038222954	25.0	16850	1.9338492	0.030787222	2.1681497	1.8547211	-1.9418744	0.004965761	12387.278987646103
675	0.0	0.0	0.0	0.0	25.0	16875	1.9363943	0.034342498	2.2739098	1.798817	-1.9479523	0.0053652283	12405.75988650322
676	0.6967746	0.0	0.6967746	0.6967746	25.0	16900	1.9365851	0.03267058	2.1997209	1.8370975	-1.9425865	0.005165984	12424.407641887665
677	0.74731374	0.0	0.74731374	0.74731374	25.0	16925	1.9350269	0.03448398	2.1496553	1.8487872	-1.9462849	0.0054126955	12443.29485487938
678	0.8275852	0.0	0.8275852	0.8275852	25.0	16950	1.9390335	0.03537191	2.2708797	1.8204876	-1.9456096	0.007128843	12462.161990642548
679	0.34498334	0.0	0.34498334	0.34498334	25.0	16975	1.937695	0.033028916	2.18101	1.8109529	-1.9478374	0.0058578597	12480.672781467438
680	0.0	0.0	0.0	0.0	25.0	17000	1.9336914	0.036665853	2.1809547	1.3661648	-1.9397889	0.0051456974	12500.419417381287
681	0.0	0.0	0.0	0.0	25.0	17025	1.938683	0.028973933	2.2099113	1.8655231	-1.9480813	0.005819244	12518.975471258163
682	0.007865767	0.0	0.007865767	0.007865767	25.0	17050	1.9386045	0.03165966	2.135025	1.8289058	-1.946232	0.0060956087	12537.304230928421
683	0.862804	0.0	0.862804	0.862804	25.0	17075	1.9413022	0.033692736	2.1325362	1.8496449	-1.9478548	0.0054342723	12555.799685716629
684	0.4858125	0.0	0.4858125	0.4858125	25.0	17100	1.9340478	0.03128737	2.291007	1.8663926	-1.9391414	0.005196654	12574.148889303207
685	0.19594817	0.0	0.19594817	0.19594817	25.0	17125	1.9430603	0.032883592	2.1585567	1.8587053	-1.9545437	0.0068547935	12592.624604463577
686	0.53317374	0.0	0.53317374	0.53317374	25.0	17150	1.9409927	0.030797107	2.1776679	1.8586559	-1.9503427	0.0058437632	12611.127570152283
687	0.0	0.0	0.0	0.0	25.0	17175	1.9410037	0.026685672	2.164227	1.869755	-1.950626	0.0046793707	12629.565521001816
688	0.7601257	0.0	0.7601257	0.7601257	25.0	17200	1.9441208	0.02926422	2.1993685	1.885261	-1.9557114	0.0061909556	12647.967028141022
689	0.85593706	0.0	0.85593706	0.85593706	25.0	17225	1.9424106	0.028726814	2.1749463	1.8437395	-1.9474908	0.0042567863	12666.361466407776
690	0.0	0.0	0.0	0.0	25.0	17250	1.9408613	0.032212034	2.2222238	1.8544765	-1.9473628	0.0047495826	12685.982070922852
691	0.0	0.0	0.0	0.0	25.0	17275	1.9453441	0.033745594	2.3479295	1.8141618	-1.9511142	0.0058744377	12704.44542002678
692	0.6426868	0.0	0.6426868	0.6426868	25.0	17300	1.9422134	0.026097279	2.12144	1.8420576	-1.9486557	0.004684355	12722.989055633545
693	0.03828063	0.0	0.03828063	0.03828063	25.0	17325	1.94672	0.028317451	2.2115097	1.8369026	-1.9570521	0.005707949	12742.008815526962
694	0.0	0.0	0.0	0.0	25.0	17350	1.9452045	0.029315058	2.184389	1.8907578	-1.9496137	0.0049867583	12760.714485645294
695	0.29478633	0.0	0.29478633	0.29478633	25.0	17375	1.9413065	0.028938321	2.2864017	1.8345758	-1.9493623	0.0047616875	12779.45476937294
696	0.38488045	0.0	0.38488045	0.38488045	25.0	17400	1.944841	0.028969068	2.2691295	1.875968	-1.9539665	0.0048557934	12798.048687458038
697	0.50598145	0.0	0.50598145	0.50598145	25.0	17425	1.947105	0.030483345	2.1528652	1.8539871	-1.9549878	0.004910307	12816.551859617233
698	0.13752998	0.0	0.13752998	0.13752998	25.0	17450	1.9461205	0.028761173	2.2401557	1.8777452	-1.9576063	0.0050040716	12835.480060338974
699	0.14632986	0.0	0.14632986	0.14632986	25.0	17475	1.9430574	0.029162126	2.1822171	1.8698486	-1.9539807	0.0044714278	12854.552397489548
700	0.18353857	0.0	0.18353857	0.18353857	25.0	17500	1.945044	0.028695483	2.1771579	1.8711133	-1.9529862	0.0044536586	12874.827346801758
701	0.30154464	0.0	0.30154464	0.30154464	25.0	17525	1.9468405	0.03408291	2.2208424	1.8460364	-1.9567611	0.004768487	12893.66302037239
