Epoch	AverageEpRet	StdEpRet	MaxEpRet	MinEpRet	EpLen	TotalEnvInteracts	AverageQVals	StdQVals	MaxQVals	MinQVals	LossPi	LossQ	Time
1	4.1285133	0.0	4.1285133	4.1285133	25.0	25	0.12764059	0.28928155	0.7311613	-1.4806672	-0.26351035	0.070220016	21.75844979286194
2	4.7696586	0.0	4.7696586	4.7696586	25.0	50	0.19314145	0.19389538	1.1062963	-0.41831025	-2.0237052	0.01566624	41.84093356132507
3	5.6045914	0.0	5.6045914	5.6045914	25.0	75	0.3263949	0.26567945	1.7009774	-0.4510511	-5.6912594	0.013970929	61.89451003074646
4	4.6391	0.0	4.6391	4.6391	25.0	100	0.5544238	0.29968736	2.4331381	-0.17969301	-7.394301	0.011943808	82.0477180480957
5	1.748266	0.0	1.748266	1.748266	25.0	125	0.97671145	1.0727401	7.8893185	-0.6536159	-1.5836921	1.2218959	102.31310868263245
6	0.09823195	0.0	0.09823195	0.09823195	25.0	150	1.1829997	0.36200312	3.677771	0.53462774	-1.214905	0.03826291	122.56053328514099
7	0.77360016	0.0	0.77360016	0.77360016	25.0	175	1.3260758	0.3259138	3.6521232	0.9433171	-1.371426	0.0072583347	142.79716634750366
8	0.478537	0.0	0.478537	0.478537	25.0	200	1.3584796	0.30971986	3.6074874	1.0965364	-1.369533	0.006098115	163.04651522636414
9	2.5765617	0.0	2.5765617	2.5765617	25.0	225	1.3116555	0.24346149	3.156581	1.0951326	-1.4263966	0.013776252	183.2809112071991
10	0.43315	0.0	0.43315	0.43315	25.0	250	1.3324519	0.22539136	2.8844345	1.0896516	-1.4735634	0.017776782	204.02148032188416
11	0.821695	0.0	0.821695	0.821695	25.0	275	1.3270794	0.19355519	2.755045	1.1243699	-1.6077634	0.0142056905	224.40429878234863
12	1.1618379	0.0	1.1618379	1.1618379	25.0	300	1.3372632	0.17023435	2.6206012	1.1298461	-1.5478328	0.01398811	244.66569352149963
13	0.3740345	0.0	0.3740345	0.3740345	25.0	325	1.344979	0.15418161	2.5906403	1.1751192	-1.4341841	0.012127408	264.86431670188904
14	0.34070194	0.0	0.34070194	0.34070194	25.0	350	1.3520688	0.14468622	2.5521243	1.1745943	-1.4138603	0.008004318	285.1901514530182
15	0.055970453	0.0	0.055970453	0.055970453	25.0	375	1.3807132	0.1506456	2.479153	1.19232	-1.4532312	0.008220882	305.46670842170715
16	1.2952218	0.0	1.2952218	1.2952218	25.0	400	1.3956958	0.13934672	2.4849396	1.2090474	-1.5179236	0.0066256793	325.7578909397125
17	0.0319742	0.0	0.0319742	0.0319742	25.0	425	1.4143665	0.1247858	2.4920392	1.223868	-1.6617796	0.0064616837	345.9477427005768
18	0.17066425	0.0	0.17066425	0.17066425	25.0	450	1.4466107	0.12377901	2.500747	1.2689456	-1.6191483	0.008421031	366.15279817581177
19	0.1794242	0.0	0.1794242	0.1794242	25.0	475	1.4775335	0.13012847	2.5814247	1.3351654	-1.5411717	0.0055842977	386.5204339027405
20	0.88604164	0.0	0.88604164	0.88604164	25.0	500	1.4877918	0.12503406	2.5944436	1.3288109	-1.5822649	0.0058131916	407.2494316101074
21	0.0	0.0	0.0	0.0	25.0	525	1.4915408	0.11365019	2.596961	1.3339634	-1.6485368	0.006101016	427.73445320129395
22	0.23349507	0.0	0.23349507	0.23349507	25.0	550	1.5144403	0.115073785	2.619471	1.3820144	-1.7081217	0.0056241225	448.07719135284424
23	0.21278395	0.0	0.21278395	0.21278395	25.0	575	1.546232	0.11577706	2.640647	1.409248	-1.8435806	0.005973765	468.41451597213745
24	0.14472468	0.0	0.14472468	0.14472468	25.0	600	1.562836	0.118452534	2.6294892	1.3886107	-2.080687	0.005628285	488.75867199897766
25	0.45022947	0.0	0.45022947	0.45022947	25.0	625	1.6065637	0.12198681	2.686731	1.3346322	-2.192199	0.009011199	509.1982796192169
26	2.3630533	0.0	2.3630533	2.3630533	25.0	650	1.6906742	0.13543256	2.702957	1.4396775	-2.3426669	0.011411756	529.5880012512207
27	0.3233882	0.0	0.3233882	0.3233882	25.0	675	1.8057413	0.12604539	3.122237	1.5138068	-2.0929856	0.013693242	550.0166375637054
28	1.9742968	0.0	1.9742968	1.9742968	25.0	700	1.9554557	0.105265215	2.8378606	1.7502059	-2.2214773	0.009519905	570.4748861789703
29	0.21214561	0.0	0.21214561	0.21214561	25.0	725	2.0682921	0.1033381	3.062254	1.8713553	-2.375619	0.006054478	590.8226134777069
30	0.0	0.0	0.0	0.0	25.0	750	2.2417562	0.12061271	3.1819386	1.9253684	-2.3917665	0.009937281	611.8304402828217
31	0.30272985	0.0	0.30272985	0.30272985	25.0	775	2.4354312	0.11951969	3.4942968	2.222226	-2.5903938	0.00778177	632.4262552261353
32	0.013875298	0.0	0.013875298	0.013875298	25.0	800	2.609639	0.096125364	3.6273751	2.3885632	-2.8427923	0.0048755435	652.7879588603973
33	0.1944581	0.0	0.1944581	0.1944581	25.0	825	2.758736	0.102165826	3.929161	2.4893267	-2.9790952	0.007818999	673.2427294254303
34	0.39256856	0.0	0.39256856	0.39256856	25.0	850	2.8771558	0.09227936	3.6969953	2.6950376	-3.0775695	0.0075981086	693.6112661361694
35	1.1079588	0.0	1.1079588	1.1079588	25.0	875	2.9547782	0.10280819	4.0616455	2.7657278	-3.1599042	0.007965896	714.0106198787689
36	0.25972277	0.0	0.25972277	0.25972277	25.0	900	3.0191562	0.10893482	4.1282563	2.8318675	-3.3161955	0.008175325	734.4273631572723
37	0.35678613	0.0	0.35678613	0.35678613	25.0	925	3.0595822	0.1150904	4.154545	2.8313692	-3.3064141	0.008378293	754.7827150821686
38	0.37238884	0.0	0.37238884	0.37238884	25.0	950	3.1118658	0.11643441	4.3049183	2.8778114	-3.225582	0.007438285	775.2520859241486
39	0.28947958	0.0	0.28947958	0.28947958	25.0	975	3.1338797	0.09342751	4.2147307	2.6688018	-3.2760067	0.0048524034	795.6388339996338
40	0.20766464	0.0	0.20766464	0.20766464	25.0	1000	3.174322	0.09559378	4.3307605	3.0235717	-3.3654418	0.0060992776	816.6861841678619
41	0.25544918	0.0	0.25544918	0.25544918	25.0	1025	3.2374933	0.11360371	4.4098516	1.8357496	-3.4838831	0.008106058	837.3340220451355
42	1.2317857	0.0	1.2317857	1.2317857	25.0	1050	3.2884727	0.09968202	4.523817	2.9314153	-3.512155	0.005341949	857.7437374591827
43	0.17149013	0.0	0.17149013	0.17149013	25.0	1075	3.3363786	0.09232228	4.3221064	2.8590865	-3.5554032	0.006178973	878.1515309810638
44	0.17012414	0.0	0.17012414	0.17012414	25.0	1100	3.3824694	0.09488282	4.450533	3.163334	-3.5932848	0.0071688895	898.6090724468231
45	0.22855422	0.0	0.22855422	0.22855422	25.0	1125	3.4311118	0.10336443	4.6217866	3.2727928	-3.629583	0.0070147044	918.9960901737213
46	0.93174356	0.0	0.93174356	0.93174356	25.0	1150	3.4661858	0.09088864	4.5395904	3.29339	-3.6838365	0.0075918604	939.3930511474609
47	0.5650163	0.0	0.5650163	0.5650163	25.0	1175	3.50364	0.09634635	4.6628675	3.3542767	-3.7085066	0.0053905114	959.7775413990021
48	0.3401203	0.0	0.3401203	0.3401203	25.0	1200	3.5403948	0.09153924	4.511026	3.3888972	-3.701986	0.005983923	980.1343178749084
49	0.0	0.0	0.0	0.0	25.0	1225	3.5727897	0.10332827	4.7047086	3.379514	-3.742427	0.007095354	1000.5677857398987
50	0.7221388	0.0	0.7221388	0.7221388	25.0	1250	3.6022048	0.09193509	4.5001607	3.3855197	-3.7664483	0.0053763324	1021.6667404174805
51	0.22566226	0.0	0.22566226	0.22566226	25.0	1275	3.640625	0.09549142	4.7183313	3.473277	-3.824916	0.0066699535	1042.408079624176
52	0.51627713	0.0	0.51627713	0.51627713	25.0	1300	3.6677325	0.10228745	4.828134	3.5135007	-3.903154	0.005650309	1062.8623096942902
53	0.606224	0.0	0.606224	0.606224	25.0	1325	3.6980398	0.08976098	4.748732	3.554827	-3.9037082	0.005459096	1083.4877393245697
54	0.46516213	0.0	0.46516213	0.46516213	25.0	1350	3.7232482	0.08500662	4.7000785	3.5559163	-3.8950405	0.0053151874	1103.907294511795
55	0.15426333	0.0	0.15426333	0.15426333	25.0	1375	3.7588995	0.08171528	4.5770802	3.5527644	-3.9440546	0.007457183	1124.366186618805
56	0.6761024	0.0	0.6761024	0.6761024	25.0	1400	3.7966633	0.09822169	4.9725614	3.6139448	-3.975389	0.008512218	1144.7730281352997
57	0.77537566	0.0	0.77537566	0.77537566	25.0	1425	3.8215106	0.0965051	4.8167305	3.373654	-4.013567	0.006523353	1165.2143681049347
58	0.04263731	0.0	0.04263731	0.04263731	25.0	1450	3.8487632	0.08347671	4.9585137	3.5378942	-4.0655227	0.00637665	1185.606086730957
59	0.92699885	0.0	0.92699885	0.92699885	25.0	1475	3.8744853	0.09110142	4.9449625	3.6739423	-4.1308856	0.0074724	1205.9882731437683
60	0.0	0.0	0.0	0.0	25.0	1500	3.8982666	0.085140765	4.9575243	3.5961006	-4.1465287	0.007126962	1227.1299200057983
61	0.29800358	0.0	0.29800358	0.29800358	25.0	1525	3.9309287	0.111158356	5.2139044	3.3807387	-4.1646986	0.0075943386	1247.7097251415253
62	0.52572966	0.0	0.52572966	0.52572966	25.0	1550	3.9566772	0.099647485	4.962782	3.6233275	-4.2467785	0.0078064785	1268.0147445201874
63	0.91046226	0.0	0.91046226	0.91046226	25.0	1575	3.9825382	0.10418054	5.5047383	3.4417696	-4.198027	0.010545172	1288.4569079875946
64	0.04268476	0.0	0.04268476	0.04268476	25.0	1600	4.0256634	0.10316156	5.1887927	3.683472	-4.2163916	0.0097009	1308.7700488567352
65	0.23093416	0.0	0.23093416	0.23093416	25.0	1625	4.0617905	0.08894452	5.257157	3.668624	-4.2702904	0.0070923315	1329.1372292041779
66	0.58583033	0.0	0.58583033	0.58583033	25.0	1650	4.1039305	0.099044845	5.1779647	3.6882563	-4.373547	0.009471838	1349.5558845996857
67	0.28051642	0.0	0.28051642	0.28051642	25.0	1675	4.1354475	0.10014615	5.3027234	3.8487384	-4.387281	0.008592438	1369.9673194885254
68	0.49811074	0.0	0.49811074	0.49811074	25.0	1700	4.1688952	0.10956841	5.5302253	3.8486373	-4.3889036	0.009321904	1390.4918458461761
69	0.4161957	0.0	0.4161957	0.4161957	25.0	1725	4.202498	0.1012346	5.3190675	3.7174537	-4.4693303	0.0077728434	1410.99990773201
70	0.23524977	0.0	0.23524977	0.23524977	25.0	1750	4.246157	0.099264786	5.5144467	3.8048317	-4.46848	0.009239954	1432.443589925766
71	0.01589196	0.0	0.01589196	0.01589196	25.0	1775	4.288155	0.10052249	5.3366494	3.8090777	-4.500581	0.009662299	1453.363222360611
72	0.12663145	0.0	0.12663145	0.12663145	25.0	1800	4.337091	0.11765446	5.723344	3.9526007	-4.589729	0.008460684	1473.818475484848
73	0.06701487	0.0	0.06701487	0.06701487	25.0	1825	4.382241	0.11248715	5.732143	3.9724405	-4.621962	0.008922929	1494.402265548706
74	0.29994792	0.0	0.29994792	0.29994792	25.0	1850	4.4264235	0.1020107	5.6403894	3.9496474	-4.642929	0.009328761	1514.9753193855286
75	0.43598023	0.0	0.43598023	0.43598023	25.0	1875	4.4653254	0.108481124	5.6741095	4.0171514	-4.7069645	0.007817563	1535.4647779464722
76	1.6638682	0.0	1.6638682	1.6638682	25.0	1900	4.496634	0.08801893	5.583465	4.084924	-4.7449884	0.0068189115	1555.8833332061768
77	0.42763686	0.0	0.42763686	0.42763686	25.0	1925	4.5271254	0.09646129	5.4854956	4.1096716	-4.754321	0.0076548373	1576.2333948612213
78	0.6297827	0.0	0.6297827	0.6297827	25.0	1950	4.5565248	0.091793865	5.319594	3.726263	-4.7943974	0.008510625	1596.7323200702667
79	0.19954102	0.0	0.19954102	0.19954102	25.0	1975	4.587069	0.09958578	5.6781383	3.9110956	-4.8117256	0.008063385	1617.1777651309967
80	0.2593608	0.0	0.2593608	0.2593608	25.0	2000	4.6192274	0.08520674	5.517663	4.3615937	-4.845354	0.008799168	1638.3466234207153
81	1.0659049	0.0	1.0659049	1.0659049	25.0	2025	4.644971	0.09246113	5.838412	4.1374154	-4.854267	0.0077239997	1659.2574574947357
82	0.08986922	0.0	0.08986922	0.08986922	25.0	2050	4.667457	0.087383874	5.887743	3.7098083	-4.8636713	0.0065530944	1679.8055446147919
83	4.0803676	0.0	4.0803676	4.0803676	25.0	2075	4.7001343	0.09292888	5.99344	4.109007	-4.944877	0.008961074	1700.5293600559235
84	0.73350716	0.0	0.73350716	0.73350716	25.0	2100	4.723717	0.092946246	5.917105	4.324	-4.9604416	0.008037188	1721.0336239337921
85	0.0	0.0	0.0	0.0	25.0	2125	4.7520885	0.086621515	5.872127	4.435243	-4.979958	0.007522961	1741.4755437374115
86	0.3151124	0.0	0.3151124	0.3151124	25.0	2150	4.776999	0.0927964	5.945592	4.391841	-5.047459	0.009962326	1761.9186992645264
87	0.29312214	0.0	0.29312214	0.29312214	25.0	2175	4.8027163	0.104543425	5.861301	4.1059713	-5.059027	0.010237425	1782.4221460819244
88	0.0	0.0	0.0	0.0	25.0	2200	4.832353	0.09863247	5.714664	3.7940485	-5.076531	0.010478475	1802.9793651103973
89	0.19118851	0.0	0.19118851	0.19118851	25.0	2225	4.868894	0.111427076	6.144239	4.539678	-5.120799	0.010879903	1823.6453704833984
90	0.16258767	0.0	0.16258767	0.16258767	25.0	2250	4.8945174	0.10576371	6.1258507	4.408979	-5.121488	0.011152075	1845.0882544517517
91	0.6061784	0.0	0.6061784	0.6061784	25.0	2275	4.929209	0.09793716	5.8637776	4.4318266	-5.198496	0.010769558	1866.049483537674
92	0.436714	0.0	0.436714	0.436714	25.0	2300	4.964548	0.09803148	6.21959	4.2426276	-5.2480664	0.0106976805	1886.5760369300842
93	0.20702113	0.0	0.20702113	0.20702113	25.0	2325	4.995203	0.09175222	6.042545	4.588863	-5.2446704	0.009272174	1907.2078111171722
94	0.062352486	0.0	0.062352486	0.062352486	25.0	2350	5.0287232	0.091537	6.0628643	4.288094	-5.3040066	0.0105238445	1927.6940240859985
95	0.74653196	0.0	0.74653196	0.74653196	25.0	2375	5.058648	0.10598762	6.245649	4.636354	-5.304849	0.0130236745	1948.2236497402191
96	1.6502602	0.0	1.6502602	1.6502602	25.0	2400	5.097937	0.08623468	5.8619356	4.498652	-5.3649178	0.008871024	1968.6743702888489
97	0.398716	0.0	0.398716	0.398716	25.0	2425	5.14643	0.10035964	6.401179	4.512082	-5.4085884	0.010841643	1989.3779389858246
98	0.0	0.0	0.0	0.0	25.0	2450	5.1883364	0.115607485	6.519572	4.789638	-5.4332623	0.0134252105	2009.927434682846
99	0.18796493	0.0	0.18796493	0.18796493	25.0	2475	5.226976	0.10863078	6.3160176	4.6052513	-5.465461	0.012185953	2030.5291452407837
100	0.0	0.0	0.0	0.0	25.0	2500	5.266946	0.12267028	6.708402	3.8984969	-5.498832	0.014587307	2051.8318371772766
101	0.51473314	0.0	0.51473314	0.51473314	25.0	2525	5.3042183	0.10920656	6.8411665	4.8935275	-5.537242	0.0130323805	2072.901114463806
102	0.29062754	0.0	0.29062754	0.29062754	25.0	2550	5.333863	0.09544732	6.5858197	4.4045734	-5.58766	0.011154754	2093.354779481888
103	0.49220532	0.0	0.49220532	0.49220532	25.0	2575	5.3708105	0.109105535	6.567934	4.998019	-5.593933	0.009512152	2114.091325521469
104	0.28334418	0.0	0.28334418	0.28334418	25.0	2600	5.391836	0.0957844	6.541833	4.699043	-5.6230645	0.010026181	2135.0454013347626
105	0.45974097	0.0	0.45974097	0.45974097	25.0	2625	5.4219823	0.101080686	6.4395986	4.965429	-5.654196	0.011848536	2155.67889380455
106	0.3796317	0.0	0.3796317	0.3796317	25.0	2650	5.445454	0.10616498	6.6689024	5.0504427	-5.657541	0.011197124	2176.215033054352
107	0.2567892	0.0	0.2567892	0.2567892	25.0	2675	5.4754615	0.13077453	7.0754523	4.627295	-5.689787	0.0126154255	2196.699923992157
108	0.63325346	0.0	0.63325346	0.63325346	25.0	2700	5.499123	0.101684265	6.375926	3.8976395	-5.7509284	0.013648799	2217.273581504822
109	0.4643505	0.0	0.4643505	0.4643505	25.0	2725	5.5308714	0.12279684	6.9264793	4.898481	-5.753697	0.0151017485	2237.7650747299194
110	0.16235556	0.0	0.16235556	0.16235556	25.0	2750	5.56179	0.1451181	7.0005493	5.0933037	-5.7957463	0.02146429	2259.126376390457
111	0.38211542	0.0	0.38211542	0.38211542	25.0	2775	5.589176	0.118296035	6.8726645	5.182218	-5.8139567	0.0141920475	2280.0121233463287
112	0.28407502	0.0	0.28407502	0.28407502	25.0	2800	5.61947	0.10454066	7.2333117	4.3069005	-5.825319	0.011048177	2300.550182580948
113	0.22369158	0.0	0.22369158	0.22369158	25.0	2825	5.651238	0.10929087	7.1756177	4.948395	-5.8588195	0.012492496	2321.14222073555
114	0.25176844	0.0	0.25176844	0.25176844	25.0	2850	5.6800404	0.12001146	7.027379	4.2475452	-5.890073	0.015100529	2341.695095539093
115	0.36956903	0.0	0.36956903	0.36956903	25.0	2875	5.7060814	0.11164082	7.942869	5.199694	-6.0027137	0.013526359	2362.095511674881
116	0.53796095	0.0	0.53796095	0.53796095	25.0	2900	5.7277527	0.100767404	6.7956934	4.9633584	-6.0519495	0.011686397	2382.660640478134
117	0.5527062	0.0	0.5527062	0.5527062	25.0	2925	5.7597437	0.13023345	7.053826	4.9248047	-6.064651	0.015557306	2403.2730033397675
118	0.63395613	0.0	0.63395613	0.63395613	25.0	2950	5.771229	0.11451543	7.719834	5.388515	-6.043969	0.011596479	2423.776641845703
119	0.46100274	0.0	0.46100274	0.46100274	25.0	2975	5.807177	0.09725325	6.677566	5.365942	-6.100224	0.010874317	2444.3071982860565
120	0.43264565	0.0	0.43264565	0.43264565	25.0	3000	5.8481083	0.1146395	7.1237297	5.3156943	-6.1574025	0.015793206	2465.589586019516
121	0.4828936	0.0	0.4828936	0.4828936	25.0	3025	5.8852053	0.09883021	7.190542	5.4415927	-6.1454124	0.008236939	2486.385328769684
122	0.48851565	0.0	0.48851565	0.48851565	25.0	3050	5.9346104	0.09558616	7.244198	5.712232	-6.180527	0.010265219	2507.0336771011353
123	0.036126237	0.0	0.036126237	0.036126237	25.0	3075	5.979647	0.09563736	7.0484114	5.4753485	-6.234522	0.008918984	2527.5218217372894
124	0.8370165	0.0	0.8370165	0.8370165	25.0	3100	6.0176377	0.08821973	6.95344	5.734345	-6.2786064	0.009824241	2548.1429777145386
125	0.54712695	0.0	0.54712695	0.54712695	25.0	3125	6.052019	0.09125903	7.047169	5.418811	-6.3036866	0.009122866	2568.621457338333
126	0.5809769	0.0	0.5809769	0.5809769	25.0	3150	6.082376	0.101265706	7.292117	5.858371	-6.3241396	0.010431507	2589.4218995571136
127	0.120355606	0.0	0.120355606	0.120355606	25.0	3175	6.1116543	0.102668	7.27152	5.8212643	-6.343177	0.009540486	2610.209753036499
128	0.0	0.0	0.0	0.0	25.0	3200	6.1331105	0.114393495	7.4633646	5.943778	-6.38652	0.0112749385	2630.7628779411316
129	0.4869808	0.0	0.4869808	0.4869808	25.0	3225	6.168773	0.1117174	7.577536	5.776671	-6.46189	0.013933718	2651.3219900131226
130	0.35217637	0.0	0.35217637	0.35217637	25.0	3250	6.193988	0.10570629	7.301739	5.836631	-6.486893	0.013454787	2672.746700525284
131	0.3193828	0.0	0.3193828	0.3193828	25.0	3275	6.2157435	0.096637584	7.349767	5.709486	-6.502997	0.012438726	2693.767482280731
132	1.1470987	0.0	1.1470987	1.1470987	25.0	3300	6.2526646	0.096393734	7.527035	5.9806056	-6.5518403	0.010962113	2714.3284270763397
133	0.44075805	0.0	0.44075805	0.44075805	25.0	3325	6.284509	0.0968756	7.3452706	6.09369	-6.549537	0.00900293	2734.904934644699
134	1.3862846	0.0	1.3862846	1.3862846	25.0	3350	6.327181	0.114931464	7.9894056	5.9956374	-6.592773	0.011757688	2755.5338985919952
135	0.0	0.0	0.0	0.0	25.0	3375	6.3648486	0.10273851	7.8319263	5.946815	-6.645438	0.00967904	2776.1257224082947
136	0.4294143	0.0	0.4294143	0.4294143	25.0	3400	6.399007	0.090793476	7.2113433	6.05634	-6.691516	0.010579454	2796.6403493881226
137	0.50826603	0.0	0.50826603	0.50826603	25.0	3425	6.434496	0.099148124	7.47933	5.968981	-6.712135	0.012010428	2817.1883511543274
138	0.26870644	0.0	0.26870644	0.26870644	25.0	3450	6.4620337	0.10915226	7.9984407	5.9306746	-6.721436	0.009695103	2837.8073194026947
139	0.1454626	0.0	0.1454626	0.1454626	25.0	3475	6.4896693	0.103883214	7.823022	6.0707016	-6.755197	0.011937187	2858.3119988441467
140	0.55567217	0.0	0.55567217	0.55567217	25.0	3500	6.522892	0.10573345	7.6753483	5.9770517	-6.8017135	0.012478318	2879.869710445404
141	0.0	0.0	0.0	0.0	25.0	3525	6.5491123	0.09531227	7.253583	6.115758	-6.803346	0.011647325	2900.9201505184174
142	0.49192616	0.0	0.49192616	0.49192616	25.0	3550	6.585111	0.1263703	7.928819	5.7573414	-6.8420773	0.0149791315	2921.5273928642273
143	0.49839485	0.0	0.49839485	0.49839485	25.0	3575	6.6083393	0.11904286	7.706615	5.8055515	-6.89778	0.016840158	2942.1706137657166
144	0.20833918	0.0	0.20833918	0.20833918	25.0	3600	6.633538	0.13975865	7.8938465	5.504578	-6.9466033	0.020459292	2962.709186077118
145	0.23136906	0.0	0.23136906	0.23136906	25.0	3625	6.6662984	0.11061522	8.147003	5.687397	-7.0353823	0.016360069	2983.2817833423615
146	0.6549139	0.0	0.6549139	0.6549139	25.0	3650	6.700912	0.13425635	8.244025	5.963868	-7.0305715	0.016089937	3003.847388982773
147	0.08854594	0.0	0.08854594	0.08854594	25.0	3675	6.7296987	0.118843265	9.1540785	6.0868354	-7.058128	0.013807428	3024.464012145996
148	0.013699694	0.0	0.013699694	0.013699694	25.0	3700	6.766052	0.12614097	8.305394	5.70741	-7.042091	0.015398571	3045.0611474514008
149	1.2341934	0.0	1.2341934	1.2341934	25.0	3725	6.8012013	0.11439684	7.9054666	5.554391	-7.0922422	0.017762627	3065.663318634033
150	0.64013016	0.0	0.64013016	0.64013016	25.0	3750	6.851819	0.11907825	8.063382	5.820224	-7.174676	0.015260328	3087.2162878513336
151	0.43769413	0.0	0.43769413	0.43769413	25.0	3775	6.8923845	0.1353885	8.771169	5.976804	-7.200038	0.017378073	3108.330701112747
152	0.33112392	0.0	0.33112392	0.33112392	25.0	3800	6.9335637	0.12095633	8.444008	6.285736	-7.2191606	0.018725555	3128.9052107334137
153	0.29269084	0.0	0.29269084	0.29269084	25.0	3825	6.971527	0.12929632	8.198612	5.810382	-7.2597985	0.016593471	3149.536035299301
154	0.19788927	0.0	0.19788927	0.19788927	25.0	3850	6.9993553	0.123864494	8.244378	5.659375	-7.268814	0.018154226	3170.1391270160675
155	0.75035053	0.0	0.75035053	0.75035053	25.0	3875	7.034697	0.10475365	8.137814	5.8693852	-7.3300166	0.01364102	3190.7163841724396
156	0.3635977	0.0	0.3635977	0.3635977	25.0	3900	7.066324	0.12399005	8.205477	5.0774555	-7.3503313	0.018945288	3211.4117574691772
157	0.2696038	0.0	0.2696038	0.2696038	25.0	3925	7.0986023	0.11924454	8.574263	5.860414	-7.384186	0.013609447	3235.210939645767
158	0.49485996	0.0	0.49485996	0.49485996	25.0	3950	7.124047	0.117572404	8.191467	5.7021437	-7.440836	0.0152402995	3255.6682024002075
159	0.18664114	0.0	0.18664114	0.18664114	25.0	3975	7.152021	0.11003852	8.426954	6.5045204	-7.453846	0.012917647	3276.200145959854
160	0.007875151	0.0	0.007875151	0.007875151	25.0	4000	7.1827507	0.094716005	8.473452	6.626971	-7.491892	0.012149822	3297.721198320389
161	0.0	0.0	0.0	0.0	25.0	4025	7.2185903	0.10763902	8.109912	5.9604363	-7.5618596	0.012503853	3318.7800784111023
162	0.27988005	0.0	0.27988005	0.27988005	25.0	4050	7.249635	0.11552234	8.686827	6.5759597	-7.6371017	0.01115007	3339.3579292297363
163	0.15958537	0.0	0.15958537	0.15958537	25.0	4075	7.2851925	0.10936176	8.702795	6.651123	-7.6856966	0.015228395	3359.9634511470795
164	0.16614908	0.0	0.16614908	0.16614908	25.0	4100	7.320491	0.09879516	8.206872	6.8146305	-7.7171483	0.014119685	3380.5861551761627
165	0.0	0.0	0.0	0.0	25.0	4125	7.3681874	0.12150185	9.179968	7.0480943	-7.7350335	0.016450303	3401.2951424121857
166	0.046579547	0.0	0.046579547	0.046579547	25.0	4150	7.417869	0.12638526	9.2557335	6.9707894	-7.7502856	0.01321229	3421.8755855560303
167	0.30824226	0.0	0.30824226	0.30824226	25.0	4175	7.466882	0.09979067	8.73159	6.3695498	-7.7863026	0.010461909	3442.4590039253235
168	0.08399097	0.0	0.08399097	0.08399097	25.0	4200	7.5205345	0.101276755	8.868554	6.7725797	-7.804987	0.012505324	3463.0115146636963
169	0.37789875	0.0	0.37789875	0.37789875	25.0	4225	7.556675	0.11016966	8.803943	7.0167093	-7.865025	0.013787645	3483.9716589450836
170	0.0	0.0	0.0	0.0	25.0	4250	7.6001697	0.11756139	8.777512	7.3098774	-7.8919816	0.01308989	3505.631626844406
171	0.70045435	0.0	0.70045435	0.70045435	25.0	4275	7.642827	0.1339405	9.138782	7.063277	-7.922838	0.015911812	3526.6695206165314
172	0.42374068	0.0	0.42374068	0.42374068	25.0	4300	7.6745386	0.13429752	8.738887	7.2800155	-7.9889007	0.018822646	3547.3471806049347
173	0.8873944	0.0	0.8873944	0.8873944	25.0	4325	7.7006702	0.11532125	9.237772	7.412005	-8.059325	0.014138754	3567.845106601715
174	0.22275187	0.0	0.22275187	0.22275187	25.0	4350	7.729723	0.08939944	8.8437395	7.4834275	-8.074983	0.008991194	3588.400794029236
175	2.705106	0.0	2.705106	2.705106	25.0	4375	7.7706623	0.112122156	9.0947275	7.5364122	-8.160106	0.00907359	3608.964159488678
176	0.41905138	0.0	0.41905138	0.41905138	25.0	4400	7.8041563	0.09252367	8.879783	7.549159	-8.214262	0.0098668225	3629.6240923404694
177	0.1385284	0.0	0.1385284	0.1385284	25.0	4425	7.8449464	0.1134591	9.267101	6.9650016	-8.3714075	0.012210328	3650.209525823593
178	0.071285576	0.0	0.071285576	0.071285576	25.0	4450	7.8695903	0.08779571	9.045687	7.146645	-8.31463	0.0096971085	3670.7021086215973
179	0.7861012	0.0	0.7861012	0.7861012	25.0	4475	7.9157286	0.10291316	9.118356	7.656124	-8.25496	0.013395369	3691.2132613658905
180	0.32636166	0.0	0.32636166	0.32636166	25.0	4500	7.9518666	0.11349578	9.060386	7.3551674	-8.314403	0.012998054	3712.848993062973
181	0.56544244	0.0	0.56544244	0.56544244	25.0	4525	7.9990306	0.10730846	9.19449	7.6447573	-8.394622	0.016136406	3733.9399354457855
182	0.069967344	0.0	0.069967344	0.069967344	25.0	4550	8.046892	0.110689536	9.415888	6.1466002	-8.429062	0.013727985	3754.4160494804382
183	0.23299564	0.0	0.23299564	0.23299564	25.0	4575	8.093174	0.1046964	9.3847065	7.4390297	-8.427155	0.010755798	3774.930155992508
184	0.0742013	0.0	0.0742013	0.0742013	25.0	4600	8.145408	0.13700998	10.24101	7.3776193	-8.496991	0.021070788	3795.457184791565
185	0.35905716	0.0	0.35905716	0.35905716	25.0	4625	8.178849	0.12022963	9.747292	7.4820433	-8.552563	0.015876018	3815.9549865722656
186	0.26199853	0.0	0.26199853	0.26199853	25.0	4650	8.228288	0.11426135	9.672127	7.4064965	-8.615039	0.014835688	3836.508233308792
187	0.8499196	0.0	0.8499196	0.8499196	25.0	4675	8.277255	0.12130473	9.575793	7.290511	-8.654205	0.01794172	3856.990243434906
188	0.0	0.0	0.0	0.0	25.0	4700	8.312715	0.1578248	10.129506	6.928777	-8.710142	0.023864264	3877.6252336502075
189	0.5804836	0.0	0.5804836	0.5804836	25.0	4725	8.353154	0.1266989	10.203852	6.7448764	-8.711028	0.018984227	3898.342390060425
190	0.5551226	0.0	0.5551226	0.5551226	25.0	4750	8.394258	0.12968168	9.703547	6.693679	-8.758107	0.018520303	3920.030210018158
191	0.22685353	0.0	0.22685353	0.22685353	25.0	4775	8.439744	0.13327353	10.092975	6.571388	-8.815422	0.01758097	3941.1289613246918
192	0.3244562	0.0	0.3244562	0.3244562	25.0	4800	8.485755	0.11202394	10.4544325	7.037168	-8.842186	0.01608616	3961.7002120018005
193	1.1621989	0.0	1.1621989	1.1621989	25.0	4825	8.531918	0.14549494	10.20377	6.8995743	-8.865186	0.025534818	3982.111339330673
194	0.3293544	0.0	0.3293544	0.3293544	25.0	4850	8.570251	0.100883834	9.995263	8.036973	-8.904084	0.0154805	4002.7055921554565
195	0.260024	0.0	0.260024	0.260024	25.0	4875	8.613998	0.14956778	10.344274	7.3604517	-8.958227	0.022550143	4023.2032511234283
196	1.2524855	0.0	1.2524855	1.2524855	25.0	4900	8.640184	0.14387852	10.425339	6.9186735	-8.979247	0.021554258	4043.8485069274902
197	0.05734075	0.0	0.05734075	0.05734075	25.0	4925	8.675889	0.10500094	10.1006975	7.6502676	-9.010582	0.015387392	4064.3676290512085
198	0.0	0.0	0.0	0.0	25.0	4950	8.710764	0.13015273	10.092928	7.3788686	-9.030916	0.019950766	4084.9558112621307
199	1.0942187	0.0	1.0942187	1.0942187	25.0	4975	8.743908	0.14856127	11.209745	7.3890343	-9.078913	0.024130138	4105.518182992935
200	0.13338238	0.0	0.13338238	0.13338238	25.0	5000	8.782166	0.13999265	10.394104	8.046303	-9.109818	0.018099517	4127.31667637825
201	0.21480852	0.0	0.21480852	0.21480852	25.0	5025	8.8057375	0.12544438	10.110168	7.7169785	-9.130474	0.017259657	4148.383740186691
202	0.0	0.0	0.0	0.0	25.0	5050	8.841555	0.14041105	11.0167265	7.71521	-9.182565	0.018439945	4169.0152633190155
203	0.3791494	0.0	0.3791494	0.3791494	25.0	5075	8.875627	0.10291287	9.951721	8.176578	-9.209357	0.016202273	4189.576305627823
204	0.25570625	0.0	0.25570625	0.25570625	25.0	5100	8.903119	0.12892684	10.847897	7.329963	-9.240115	0.016982239	4210.047661066055
205	0.12361242	0.0	0.12361242	0.12361242	25.0	5125	8.939644	0.11611092	9.9684105	8.481676	-9.272425	0.019108769	4230.580798625946
206	0.00889356	0.0	0.00889356	0.00889356	25.0	5150	8.970837	0.11567138	10.302308	7.851944	-9.306392	0.017181454	4251.00031375885
207	0.0	0.0	0.0	0.0	25.0	5175	9.002109	0.1303148	10.3542595	7.92164	-9.32054	0.018036757	4271.528612136841
208	0.33440915	0.0	0.33440915	0.33440915	25.0	5200	9.0274515	0.12938625	10.21545	8.153074	-9.361688	0.019830981	4291.986535549164
209	0.46283156	0.0	0.46283156	0.46283156	25.0	5225	9.064447	0.10841664	10.028209	8.5175085	-9.391173	0.013646633	4312.557646274567
210	0.6494687	0.0	0.6494687	0.6494687	25.0	5250	9.098215	0.12144543	10.496808	8.442495	-9.435861	0.016071374	4334.465597629547
211	0.5450684	0.0	0.5450684	0.5450684	25.0	5275	9.132837	0.12316438	10.658998	8.469274	-9.459877	0.014309534	4355.483687877655
212	0.1618464	0.0	0.1618464	0.1618464	25.0	5300	9.158027	0.111355096	10.743187	8.371011	-9.496961	0.013665826	4376.049937963486
213	0.4716816	0.0	0.4716816	0.4716816	25.0	5325	9.195081	0.12468292	10.7354555	8.367815	-9.530702	0.017817196	4396.599193096161
214	0.5678232	0.0	0.5678232	0.5678232	25.0	5350	9.227111	0.12525725	10.629772	7.7250724	-9.550074	0.016474888	4417.174321889877
215	1.5449554	0.0	1.5449554	1.5449554	25.0	5375	9.25667	0.111765064	10.458148	8.314744	-9.615846	0.015069412	4437.825753927231
216	0.35283652	0.0	0.35283652	0.35283652	25.0	5400	9.286581	0.107702464	10.300397	8.412749	-9.633869	0.014247489	4458.537969112396
217	0.36205798	0.0	0.36205798	0.36205798	25.0	5425	9.324184	0.121815175	10.729756	7.980806	-9.665855	0.017175712	4479.082992076874
218	0.0	0.0	0.0	0.0	25.0	5450	9.349724	0.10778634	10.592998	8.812442	-9.700348	0.012574627	4499.755205869675
219	0.66634953	0.0	0.66634953	0.66634953	25.0	5475	9.386118	0.11287783	10.633135	8.512535	-9.741064	0.0150041925	4520.348030567169
220	0.06474393	0.0	0.06474393	0.06474393	25.0	5500	9.426622	0.11774372	10.529664	8.730561	-9.792074	0.014910965	4541.995768785477
221	0.16419734	0.0	0.16419734	0.16419734	25.0	5525	9.4535885	0.1037132	10.852302	8.805634	-9.833056	0.012183301	4563.028092384338
222	0.40199587	0.0	0.40199587	0.40199587	25.0	5550	9.489466	0.0950183	10.649778	9.054152	-9.875975	0.012164053	4583.546476840973
223	0.63527614	0.0	0.63527614	0.63527614	25.0	5575	9.536443	0.121614546	11.032863	8.60868	-9.898683	0.01827441	4604.172255992889
224	0.3657734	0.0	0.3657734	0.3657734	25.0	5600	9.574152	0.14151326	11.026805	8.671386	-9.954453	0.019576205	4624.955101490021
225	0.0	0.0	0.0	0.0	25.0	5625	9.607082	0.11317054	10.480491	8.858231	-9.989532	0.016127221	4645.534843683243
226	0.31506714	0.0	0.31506714	0.31506714	25.0	5650	9.645635	0.12280996	11.167252	9.120718	-10.037361	0.01601746	4666.022758722305
227	0.7003462	0.0	0.7003462	0.7003462	25.0	5675	9.684465	0.12605554	11.112667	8.307116	-10.080439	0.016382696	4686.566125392914
228	0.18602082	0.0	0.18602082	0.18602082	25.0	5700	9.721994	0.11940778	11.135134	8.700301	-10.11018	0.017912887	4707.120555877686
229	0.62623924	0.0	0.62623924	0.62623924	25.0	5725	9.755624	0.1314881	11.065455	8.65731	-10.168144	0.021452226	4727.6130385398865
230	0.35317874	0.0	0.35317874	0.35317874	25.0	5750	9.804563	0.14283673	11.7642	8.6580515	-10.198196	0.018516716	4749.290947675705
231	0.0	0.0	0.0	0.0	25.0	5775	9.840207	0.12291275	11.21775	9.024429	-10.23465	0.015568042	4770.486656427383
232	0.1265889	0.0	0.1265889	0.1265889	25.0	5800	9.891471	0.12949628	11.020563	8.248816	-10.277833	0.021886654	4791.119480371475
233	0.47271022	0.0	0.47271022	0.47271022	25.0	5825	9.927501	0.11438754	11.165606	9.41994	-10.31965	0.013857489	4811.984285354614
234	0.82971674	0.0	0.82971674	0.82971674	25.0	5850	9.966349	0.093829975	11.358361	9.12558	-10.354168	0.012770503	4832.593390703201
235	0.43912333	0.0	0.43912333	0.43912333	25.0	5875	10.002972	0.10452138	11.743323	9.156903	-10.382345	0.013714281	4853.227777957916
236	0.48095292	0.0	0.48095292	0.48095292	25.0	5900	10.047878	0.12674126	11.1228075	8.924784	-10.4331045	0.018219562	4873.7333772182465
237	0.4790712	0.0	0.4790712	0.4790712	25.0	5925	10.082249	0.10840026	11.553383	9.112761	-10.460597	0.013926371	4894.220994710922
238	0.18415757	0.0	0.18415757	0.18415757	25.0	5950	10.11599	0.13294132	12.120064	8.634026	-10.50099	0.015758013	4914.660964727402
239	0.35397127	0.0	0.35397127	0.35397127	25.0	5975	10.162894	0.1190615	11.463922	9.139712	-10.558833	0.020224666	4935.145535707474
240	1.3215532	0.0	1.3215532	1.3215532	25.0	6000	10.18771	0.11468597	11.527877	9.360256	-10.562436	0.015451234	4956.932702541351
241	0.40071854	0.0	0.40071854	0.40071854	25.0	6025	10.229121	0.13153778	11.331072	8.293204	-10.601319	0.019330734	4978.0062210559845
242	1.4147661	0.0	1.4147661	1.4147661	25.0	6050	10.272124	0.15471466	12.215174	9.248281	-10.6480465	0.022085385	4998.515296697617
243	0.31533647	0.0	0.31533647	0.31533647	25.0	6075	10.293467	0.12765338	12.570663	8.9169655	-10.673671	0.017064951	5019.079670906067
244	0.2668534	0.0	0.2668534	0.2668534	25.0	6100	10.342842	0.1343419	12.043298	8.47597	-10.734308	0.01957222	5039.566883325577
245	0.5869852	0.0	0.5869852	0.5869852	25.0	6125	10.376587	0.13221279	12.248834	9.31249	-10.753135	0.018586582	5060.170639514923
246	0.30402637	0.0	0.30402637	0.30402637	25.0	6150	10.414271	0.1336951	12.091494	9.037871	-10.804453	0.021560121	5080.78658413887
247	0.7230739	0.0	0.7230739	0.7230739	25.0	6175	10.451877	0.11026878	11.860677	9.00178	-10.839087	0.01582538	5101.150588989258
248	0.452783	0.0	0.452783	0.452783	25.0	6200	10.489575	0.117185414	11.345334	9.734362	-10.8845215	0.0174483	5121.637728214264
249	0.017260458	0.0	0.017260458	0.017260458	25.0	6225	10.524458	0.13218161	12.075646	9.205888	-10.928733	0.017807446	5142.151299953461
250	0.6291615	0.0	0.6291615	0.6291615	25.0	6250	10.566869	0.1783238	13.63539	8.771423	-10.9661875	0.027966922	5163.983446121216
251	0.43372735	0.0	0.43372735	0.43372735	25.0	6275	10.604761	0.1176023	11.942913	9.055627	-11.004783	0.018042555	5185.020848035812
252	0.63337123	0.0	0.63337123	0.63337123	25.0	6300	10.641278	0.122010425	12.094559	9.391612	-11.054687	0.020136714	5205.346740722656
253	0.7882006	0.0	0.7882006	0.7882006	25.0	6325	10.687439	0.11626754	12.14928	9.659607	-11.091503	0.016695999	5225.924463272095
254	0.5218587	0.0	0.5218587	0.5218587	25.0	6350	10.721787	0.13775226	12.57915	9.99524	-11.130759	0.020923404	5246.613087415695
255	0.7167902	0.0	0.7167902	0.7167902	25.0	6375	10.758706	0.12443515	12.603981	9.881607	-11.151639	0.017343009	5267.1461572647095
256	0.065387875	0.0	0.065387875	0.065387875	25.0	6400	10.796486	0.11882436	12.56062	9.625508	-11.214585	0.016229244	5287.726760864258
257	0.14349562	0.0	0.14349562	0.14349562	25.0	6425	10.833589	0.12752485	11.983783	9.560282	-11.3148	0.020920329	5308.2337474823
258	0.6811624	0.0	0.6811624	0.6811624	25.0	6450	10.87564	0.12072052	12.335761	10.2614975	-11.319667	0.019484105	5328.806890249252
259	0.80708575	0.0	0.80708575	0.80708575	25.0	6475	10.9123535	0.12704669	12.42083	10.138047	-11.363713	0.018471168	5349.375159025192
260	0.0	0.0	0.0	0.0	25.0	6500	10.959765	0.12795463	12.438101	9.383192	-11.406791	0.017982211	5371.285710334778
261	0.07578713	0.0	0.07578713	0.07578713	25.0	6525	11.008845	0.13509387	12.7737255	9.649271	-11.442243	0.020979399	5392.38925743103
262	0.10445658	0.0	0.10445658	0.10445658	25.0	6550	11.060237	0.13067259	12.462954	9.975605	-11.492289	0.021963663	5412.938979625702
263	0.4096267	0.0	0.4096267	0.4096267	25.0	6575	11.097124	0.115657575	12.642406	10.157536	-11.537078	0.018089902	5433.499665975571
264	0.08971759	0.0	0.08971759	0.08971759	25.0	6600	11.14264	0.12182082	12.710809	10.202011	-11.581334	0.015049395	5454.109218597412
265	0.19344728	0.0	0.19344728	0.19344728	25.0	6625	11.1840515	0.118883066	13.286555	10.85126	-11.623339	0.015426514	5474.723734140396
266	0.32617933	0.0	0.32617933	0.32617933	25.0	6650	11.225974	0.11338912	12.906308	10.86748	-11.659778	0.015852088	5495.256558895111
267	0.36346164	0.0	0.36346164	0.36346164	25.0	6675	11.263118	0.12757085	12.674982	9.852304	-11.730394	0.02081517	5515.808868408203
268	0.8995804	0.0	0.8995804	0.8995804	25.0	6700	11.308594	0.123209216	12.797607	10.191991	-11.760132	0.016209584	5536.338642120361
269	0.0	0.0	0.0	0.0	25.0	6725	11.350064	0.11942333	13.256383	10.59667	-11.816315	0.017768776	5556.844878196716
270	0.0	0.0	0.0	0.0	25.0	6750	11.3950405	0.11088319	12.634623	10.390232	-11.852752	0.0149376895	5578.897335529327
271	0.23492038	0.0	0.23492038	0.23492038	25.0	6775	11.432117	0.10401626	12.501065	10.393297	-11.885794	0.016489223	5600.221517801285
272	0.29711223	0.0	0.29711223	0.29711223	25.0	6800	11.495991	0.14865448	14.008401	10.721392	-11.926528	0.021875875	5620.828226804733
273	0.0	0.0	0.0	0.0	25.0	6825	11.528706	0.15635942	13.285149	9.396482	-11.977287	0.029637584	5641.429416418076
274	0.0	0.0	0.0	0.0	25.0	6850	11.584254	0.13399729	13.111883	10.382864	-12.007832	0.02166903	5661.867730617523
275	0.5451914	0.0	0.5451914	0.5451914	25.0	6875	11.618875	0.12797122	14.311822	10.819298	-12.053627	0.01974364	5682.442576646805
276	0.0	0.0	0.0	0.0	25.0	6900	11.66023	0.14557469	13.548637	9.928427	-12.128777	0.021813078	5702.9223482608795
277	0.91541857	0.0	0.91541857	0.91541857	25.0	6925	11.703335	0.121403836	13.333137	10.876009	-12.180447	0.017595455	5723.44514465332
278	0.0	0.0	0.0	0.0	25.0	6950	11.744389	0.13089207	13.262828	10.176623	-12.242629	0.023293978	5744.017280340195
279	0.47610536	0.0	0.47610536	0.47610536	25.0	6975	11.784577	0.13614303	14.145929	11.002945	-12.245261	0.021367991	5764.548607349396
280	0.48388845	0.0	0.48388845	0.48388845	25.0	7000	11.829645	0.13296112	13.364924	10.484911	-12.293989	0.020684015	5786.616739273071
281	0.357376	0.0	0.357376	0.357376	25.0	7025	11.876963	0.11970489	13.356664	10.849979	-12.33296	0.015696993	5807.775390625
282	0.29897305	0.0	0.29897305	0.29897305	25.0	7050	11.940852	0.1254185	14.222519	11.259489	-12.38654	0.015178255	5828.304663896561
283	0.2685106	0.0	0.2685106	0.2685106	25.0	7075	11.9804945	0.15384129	13.540163	10.472367	-12.456887	0.026999675	5848.832225084305
284	0.30331796	0.0	0.30331796	0.30331796	25.0	7100	12.031881	0.13371481	13.969811	10.92549	-12.470878	0.021467429	5869.432273864746
285	0.17564496	0.0	0.17564496	0.17564496	25.0	7125	12.074176	0.13404164	14.229226	11.1491	-12.536371	0.017028542	5889.99883723259
286	0.28473184	0.0	0.28473184	0.28473184	25.0	7150	12.118555	0.12737912	13.565003	11.242857	-12.563587	0.01901436	5910.5249853134155
287	1.216361	0.0	1.216361	1.216361	25.0	7175	12.15748	0.13319926	13.970907	9.266515	-12.625058	0.02240307	5931.096169471741
288	0.5207234	0.0	0.5207234	0.5207234	25.0	7200	12.207254	0.1639527	14.819098	10.503855	-12.713357	0.029584263	5951.721157550812
289	0.0	0.0	0.0	0.0	25.0	7225	12.237737	0.15275413	13.233665	10.157616	-12.710972	0.028874762	5972.34951710701
290	0.29908386	0.0	0.29908386	0.29908386	25.0	7250	12.268503	0.15086555	14.54575	9.796616	-12.695579	0.026641643	5994.270490646362
291	0.1609628	0.0	0.1609628	0.1609628	25.0	7275	12.318062	0.17520379	14.342445	11.425597	-12.7504225	0.025712617	6015.510377407074
292	0.385914	0.0	0.385914	0.385914	25.0	7300	12.353641	0.1261276	13.308422	11.176617	-12.849697	0.023274813	6036.0183935165405
293	0.76913637	0.0	0.76913637	0.76913637	25.0	7325	12.40802	0.13756265	14.046491	11.053077	-12.8964405	0.021482848	6056.583976268768
294	0.0	0.0	0.0	0.0	25.0	7350	12.454021	0.14617278	15.110684	10.531181	-12.938621	0.024051843	6077.131565093994
295	0.2880871	0.0	0.2880871	0.2880871	25.0	7375	12.504458	0.18463674	14.655752	10.184189	-12.955832	0.033092517	6097.6328802108765
296	0.7599089	0.0	0.7599089	0.7599089	25.0	7400	12.547149	0.14712515	14.632245	10.401895	-13.094919	0.026461113	6118.297908306122
297	0.24553686	0.0	0.24553686	0.24553686	25.0	7425	12.603293	0.13038717	14.261796	11.643505	-13.181441	0.02019194	6138.911466360092
298	0.90701646	0.0	0.90701646	0.90701646	25.0	7450	12.641245	0.12946154	13.847793	10.802639	-13.181921	0.020319782	6159.406153678894
299	0.5480902	0.0	0.5480902	0.5480902	25.0	7475	12.707285	0.15183282	14.553976	11.2035885	-13.215226	0.025292905	6180.046904087067
300	1.3653506	0.0	1.3653506	1.3653506	25.0	7500	12.743239	0.14994612	14.760285	11.709318	-13.296802	0.026272453	6202.139830350876
301	0.23771325	0.0	0.23771325	0.23771325	25.0	7525	12.814427	0.1460626	15.055945	10.711455	-13.329087	0.019237068	6223.3556871414185
302	0.7346483	0.0	0.7346483	0.7346483	25.0	7550	12.880912	0.13507381	14.69678	11.3508415	-13.341004	0.024002273	6243.858752250671
303	0.0	0.0	0.0	0.0	25.0	7575	12.92583	0.11930446	14.494657	11.380736	-13.401123	0.017117018	6264.369863033295
304	0.06795234	0.0	0.06795234	0.06795234	25.0	7600	12.979788	0.14160052	15.048419	11.111994	-13.472226	0.020006238	6284.957063913345
305	0.87162304	0.0	0.87162304	0.87162304	25.0	7625	13.020655	0.11595406	14.5027275	12.195699	-13.517801	0.015086403	6305.5342609882355
306	0.5658926	0.0	0.5658926	0.5658926	25.0	7650	13.071755	0.123096235	14.008016	11.222133	-13.586161	0.019469174	6326.131069898605
307	0.38136137	0.0	0.38136137	0.38136137	25.0	7675	13.112591	0.11288902	14.076726	11.624984	-13.59231	0.013197468	6346.321042537689
308	1.0318846	0.0	1.0318846	1.0318846	25.0	7700	13.158771	0.11644175	14.237661	12.646141	-13.65315	0.015173201	6365.996089696884
309	0.028089013	0.0	0.028089013	0.028089013	25.0	7725	13.209271	0.12654419	14.869263	12.611971	-13.702548	0.019366356	6385.500437259674
310	0.11627253	0.0	0.11627253	0.11627253	25.0	7750	13.257765	0.13523218	14.598383	12.375771	-13.758198	0.021233642	6406.360689878464
311	0.0	0.0	0.0	0.0	25.0	7775	13.295872	0.16749166	15.17675	12.468598	-13.782504	0.02861139	6426.487470149994
312	0.0	0.0	0.0	0.0	25.0	7800	13.336255	0.12564968	15.052834	12.296571	-13.821839	0.017770259	6445.950626373291
313	0.35674632	0.0	0.35674632	0.35674632	25.0	7825	13.378633	0.108363	14.229743	12.343029	-13.871642	0.016021477	6465.421526432037
314	0.10692936	0.0	0.10692936	0.10692936	25.0	7850	13.4215555	0.11257988	15.012843	12.666835	-13.916985	0.015223286	6485.703911781311
315	0.30975172	0.0	0.30975172	0.30975172	25.0	7875	13.472556	0.115391344	15.021527	12.822817	-13.966985	0.018768309	6505.141418218613
316	0.5379738	0.0	0.5379738	0.5379738	25.0	7900	13.508096	0.137064	14.654144	12.628505	-14.002593	0.022301702	6524.501386880875
317	0.22926158	0.0	0.22926158	0.22926158	25.0	7925	13.556702	0.13213056	15.409244	12.05572	-14.04067	0.019538037	6544.204831600189
318	0.22753498	0.0	0.22753498	0.22753498	25.0	7950	13.602387	0.13852185	15.201294	12.770849	-14.11238	0.022369964	6563.579509019852
319	0.1911077	0.0	0.1911077	0.1911077	25.0	7975	13.648308	0.13974914	15.4274	12.795666	-14.150081	0.02051127	6583.077574014664
320	0.37624982	0.0	0.37624982	0.37624982	25.0	8000	13.690829	0.11589775	15.466006	11.801841	-14.211261	0.015657155	6605.177933216095
321	0.0	0.0	0.0	0.0	25.0	8025	13.739267	0.13661848	15.592917	13.434522	-14.272139	0.018495819	6625.304988622665
322	0.10654085	0.0	0.10654085	0.10654085	25.0	8050	13.782986	0.15963008	14.661959	12.346303	-14.290347	0.03055717	6644.635467767715
323	0.4319049	0.0	0.4319049	0.4319049	25.0	8075	13.836279	0.14319918	15.486119	12.810022	-14.345887	0.023068218	6664.44598698616
324	0.23568922	0.0	0.23568922	0.23568922	25.0	8100	13.878728	0.12581143	16.047588	12.618542	-14.388315	0.01693691	6683.833842754364
325	0.037686635	0.0	0.037686635	0.037686635	25.0	8125	13.928745	0.11455664	15.629206	13.046422	-14.440132	0.018160459	6703.3614456653595
326	0.17138873	0.0	0.17138873	0.17138873	25.0	8150	13.9729	0.13022491	15.903576	13.208596	-14.539814	0.017955072	6722.82696723938
327	0.5263314	0.0	0.5263314	0.5263314	25.0	8175	14.018135	0.1242702	15.335664	12.733814	-14.597116	0.02001027	6742.495538949966
328	1.03224	0.0	1.03224	1.03224	25.0	8200	14.070498	0.13661715	15.602865	12.452449	-14.614325	0.02434351	6761.870331287384
329	0.3878019	0.0	0.3878019	0.3878019	25.0	8225	14.126773	0.15511589	16.020308	12.292651	-14.685358	0.021578372	6781.43251490593
330	0.43113595	0.0	0.43113595	0.43113595	25.0	8250	14.176716	0.14070094	16.391102	13.26981	-14.724443	0.020415593	6802.479660511017
331	0.064470164	0.0	0.064470164	0.064470164	25.0	8275	14.232388	0.14396031	16.671268	13.257809	-14.786886	0.022291007	6822.574939250946
332	0.0	0.0	0.0	0.0	25.0	8300	14.301245	0.12944521	15.458693	12.591087	-14.874015	0.021039166	6842.216737031937
333	0.62914294	0.0	0.62914294	0.62914294	25.0	8325	14.355032	0.1548557	16.654984	12.127348	-14.961626	0.026669227	6861.642302513123
334	0.20416464	0.0	0.20416464	0.20416464	25.0	8350	14.399658	0.13947608	16.692266	13.179477	-14.99224	0.019806026	6881.025825500488
335	0.16614623	0.0	0.16614623	0.16614623	25.0	8375	14.445288	0.14378023	17.61581	13.314534	-15.038809	0.024170041	6900.788457155228
336	0.5152604	0.0	0.5152604	0.5152604	25.0	8400	14.5075655	0.13311343	15.511922	12.921418	-15.105968	0.020882783	6920.120135784149
337	0.12959498	0.0	0.12959498	0.12959498	25.0	8425	14.57551	0.14336075	16.69432	13.344275	-15.139452	0.022416105	6939.478858232498
338	0.7636487	0.0	0.7636487	0.7636487	25.0	8450	14.635789	0.15121195	16.18351	13.42353	-15.2279	0.028557725	6959.846200942993
339	0.8866522	0.0	0.8866522	0.8866522	25.0	8475	14.695892	0.16097827	16.815544	13.777243	-15.270291	0.029089894	6979.16334271431
340	0.0	0.0	0.0	0.0	25.0	8500	14.766965	0.15585965	16.690527	13.039423	-15.333186	0.02666641	7000.050097227097
341	0.61980045	0.0	0.61980045	0.61980045	25.0	8525	14.812863	0.13437206	16.130722	12.908824	-15.364708	0.023910074	7021.10805606842
342	0.37822482	0.0	0.37822482	0.37822482	25.0	8550	14.871766	0.15762651	16.86103	13.242078	-15.4310465	0.024577914	7040.472501039505
343	0.23428138	0.0	0.23428138	0.23428138	25.0	8575	14.924999	0.16428542	17.661018	13.154672	-15.477692	0.028229209	7059.819069385529
344	0.6770985	0.0	0.6770985	0.6770985	25.0	8600	14.96675	0.12519936	15.930609	13.627927	-15.51977	0.01930165	7080.362776994705
345	0.24795794	0.0	0.24795794	0.24795794	25.0	8625	15.020766	0.15869315	17.370678	13.692481	-15.572537	0.027934246	7099.818197011948
346	0.47649986	0.0	0.47649986	0.47649986	25.0	8650	15.067844	0.1497714	17.402218	13.412111	-15.645522	0.027379518	7119.136109113693
347	1.0508918	0.0	1.0508918	1.0508918	25.0	8675	15.136496	0.14994964	17.291033	12.969859	-15.718894	0.026025176	7138.517163515091
348	0.2204326	0.0	0.2204326	0.2204326	25.0	8700	15.186056	0.17690483	18.395597	13.559658	-15.771759	0.03476919	7157.827295541763
349	0.22855772	0.0	0.22855772	0.22855772	25.0	8725	15.241572	0.13035604	16.328915	13.16088	-15.815242	0.024511414	7177.250208854675
350	1.0337218	0.0	1.0337218	1.0337218	25.0	8750	15.312497	0.21545716	18.621363	12.390812	-15.903744	0.04595262	7198.075038433075
351	0.8324951	0.0	0.8324951	0.8324951	25.0	8775	15.343659	0.18399702	17.155962	12.18503	-15.970345	0.03981474	7219.229188919067
352	0.33543432	0.0	0.33543432	0.33543432	25.0	8800	15.417185	0.14694668	17.480135	13.284212	-16.04378	0.024199741	7238.60524392128
353	0.23414673	0.0	0.23414673	0.23414673	25.0	8825	15.466455	0.18014765	18.115332	13.844441	-16.127928	0.035514385	7258.019373178482
354	0.2791307	0.0	0.2791307	0.2791307	25.0	8850	15.523103	0.16338722	18.521568	13.781969	-16.23667	0.03263811	7277.577489376068
355	0.68527585	0.0	0.68527585	0.68527585	25.0	8875	15.579712	0.15633051	17.736916	13.184243	-16.381964	0.02459409	7297.153978347778
356	0.16817778	0.0	0.16817778	0.16817778	25.0	8900	15.640447	0.13499139	17.782152	14.350634	-16.360868	0.025592541	7316.561957836151
357	0.0	0.0	0.0	0.0	25.0	8925	15.710285	0.15414344	17.475407	13.565227	-16.364506	0.025870476	7336.418365478516
358	0.010531866	0.0	0.010531866	0.010531866	25.0	8950	15.80026	0.13633192	17.857885	14.306918	-16.428043	0.021041382	7355.855976104736
359	0.26066408	0.0	0.26066408	0.26066408	25.0	8975	15.881125	0.14604656	17.563742	13.887891	-16.463755	0.021070108	7375.207643032074
360	0.4677958	0.0	0.4677958	0.4677958	25.0	9000	15.994887	0.14434785	17.237808	14.695185	-16.604084	0.023486175	7396.3179569244385
361	0.81230277	0.0	0.81230277	0.81230277	25.0	9025	16.07178	0.17084335	18.337076	15.229983	-16.703575	0.030044017	7416.527878046036
362	0.16483746	0.0	0.16483746	0.16483746	25.0	9050	16.131475	0.16013534	18.289515	14.272924	-16.826326	0.02909565	7436.035851240158
363	0.9707485	0.0	0.9707485	0.9707485	25.0	9075	16.176165	0.14127037	18.123388	14.840805	-16.881426	0.02278446	7455.51150894165
364	0.6394242	0.0	0.6394242	0.6394242	25.0	9100	16.217224	0.14332724	18.011442	14.956291	-16.971298	0.023534207	7474.923773288727
365	0.0	0.0	0.0	0.0	25.0	9125	16.290562	0.13226952	18.240345	15.15412	-17.022629	0.02048477	7494.417507886887
366	0.27714354	0.0	0.27714354	0.27714354	25.0	9150	16.381168	0.15344752	18.291824	13.655372	-17.069273	0.024664477	7513.820262670517
367	0.15245914	0.0	0.15245914	0.15245914	25.0	9175	16.45515	0.17005047	19.118673	13.87063	-17.17479	0.027923085	7533.1419932842255
368	0.5435155	0.0	0.5435155	0.5435155	25.0	9200	16.533274	0.15909845	19.06737	14.335447	-17.376137	0.028274665	7552.518619298935
369	0.1979237	0.0	0.1979237	0.1979237	25.0	9225	16.614103	0.1591669	18.89763	14.8077345	-18.027279	0.026213136	7571.935068845749
370	0.50098425	0.0	0.50098425	0.50098425	25.0	9250	16.69187	0.14443932	17.992754	15.158806	-18.254114	0.027179308	7592.928514480591
371	0.61843616	0.0	0.61843616	0.61843616	25.0	9275	16.76115	0.18400545	19.312628	15.96154	-18.700788	0.036874328	7613.087124347687
372	0.0	0.0	0.0	0.0	25.0	9300	16.967808	0.17539243	18.139957	15.264168	-18.853487	0.034586754	7632.534225702286
373	0.22869588	0.0	0.22869588	0.22869588	25.0	9325	17.330538	0.2047462	19.461481	16.344433	-18.529545	0.030153913	7651.936220884323
374	0.82150614	0.0	0.82150614	0.82150614	25.0	9350	17.754114	0.20409647	20.322252	15.854884	-18.552841	0.025407385	7671.41828584671
375	0.39809546	0.0	0.39809546	0.39809546	25.0	9375	18.460754	0.25866377	20.855953	16.825888	-19.27318	0.035970625	7690.8423573970795
376	0.33738297	0.0	0.33738297	0.33738297	25.0	9400	18.830313	0.19187613	20.975775	16.988062	-19.821686	0.03907566	7710.198521137238
377	0.6059949	0.0	0.6059949	0.6059949	25.0	9425	18.938057	0.18075818	21.064505	18.007578	-19.931486	0.032178797	7729.578065872192
378	0.3533866	0.0	0.3533866	0.3533866	25.0	9450	19.41073	0.24933703	21.672403	17.207497	-20.26589	0.050274897	7748.982038021088
379	0.0	0.0	0.0	0.0	25.0	9475	19.677279	0.20740618	21.810059	17.200119	-20.499277	0.049598474	7768.438681364059
380	0.32548493	0.0	0.32548493	0.32548493	25.0	9500	19.724329	0.1587778	22.160067	18.788595	-20.432152	0.027682187	7789.3786680698395
381	0.3231197	0.0	0.3231197	0.3231197	25.0	9525	19.878263	0.20186087	23.327768	18.197523	-20.651314	0.04266387	7809.587121248245
382	0.89907545	0.0	0.89907545	0.89907545	25.0	9550	19.990168	0.22321756	23.974367	16.893717	-20.734154	0.057839327	7829.0398988723755
383	0.0	0.0	0.0	0.0	25.0	9575	20.056427	0.17576428	22.047678	19.005157	-20.801044	0.033312667	7848.51565694809
384	0.14926115	0.0	0.14926115	0.14926115	25.0	9600	20.126667	0.27817273	25.615765	15.381523	-20.862022	0.08182818	7867.942740440369
385	0.23216142	0.0	0.23216142	0.23216142	25.0	9625	20.166988	0.18835758	22.51576	17.490892	-20.90464	0.038902417	7887.396707057953
386	0.43041816	0.0	0.43041816	0.43041816	25.0	9650	20.216993	0.2446748	26.470951	15.890057	-20.940586	0.059102505	7906.784979104996
387	0.20590673	0.0	0.20590673	0.20590673	25.0	9675	20.266115	0.2049835	22.511808	17.6372	-20.99905	0.045894574	7926.204750299454
388	0.75727105	0.0	0.75727105	0.75727105	25.0	9700	20.311773	0.2366404	24.89234	15.797688	-21.083267	0.0656852	7945.64390540123
389	0.19753778	0.0	0.19753778	0.19753778	25.0	9725	20.35703	0.19120435	23.511034	18.116325	-21.104822	0.039758552	7965.276942014694
390	0.24723777	0.0	0.24723777	0.24723777	25.0	9750	20.4066	0.23195155	22.37368	15.96006	-21.164946	0.06264386	7986.401408433914
391	0.87455064	0.0	0.87455064	0.87455064	25.0	9775	20.49256	0.27856073	23.694456	15.376988	-21.216526	0.08061701	8006.60874414444
392	0.6664102	0.0	0.6664102	0.6664102	25.0	9800	20.541851	0.21432988	23.389061	17.189058	-21.306953	0.045038644	8025.9599368572235
393	0.47449335	0.0	0.47449335	0.47449335	25.0	9825	20.611645	0.25459015	25.114344	17.521162	-21.353613	0.067459084	8045.376799583435
394	0.2775939	0.0	0.2775939	0.2775939	25.0	9850	20.669357	0.21517083	23.242996	18.03478	-21.421562	0.0505301	8064.7580943107605
395	0.28572547	0.0	0.28572547	0.28572547	25.0	9875	20.748089	0.1861776	23.900438	19.082418	-21.529829	0.038770728	8084.2460725307465
396	0.19113147	0.0	0.19113147	0.19113147	25.0	9900	20.804018	0.21238421	24.015362	17.981947	-21.578619	0.05050419	8103.5770807266235
397	0.6333118	0.0	0.6333118	0.6333118	25.0	9925	20.891647	0.23487958	25.695469	18.733763	-21.694092	0.045833975	8123.000767230988
398	1.1110967	0.0	1.1110967	1.1110967	25.0	9950	20.954588	0.18874878	24.04689	18.910158	-21.719646	0.03847453	8142.39094042778
399	0.05047346	0.0	0.05047346	0.05047346	25.0	9975	21.023237	0.23702163	22.828503	15.788209	-21.820528	0.061655372	8161.765572786331
400	0.53764135	0.0	0.53764135	0.53764135	25.0	10000	21.096558	0.17464091	23.506367	20.001316	-21.859802	0.031186402	8182.778310775757
401	0.020636167	0.0	0.020636167	0.020636167	25.0	10025	21.167042	0.20885041	24.335155	19.744379	-21.921463	0.044262324	8202.959159612656
402	0.2735885	0.0	0.2735885	0.2735885	25.0	10050	21.238543	0.18162532	24.363747	19.48413	-22.014927	0.037948202	8222.49472117424
403	0.016805416	0.0	0.016805416	0.016805416	25.0	10075	21.307531	0.17541705	23.292595	19.69749	-22.116838	0.03663439	8241.872288227081
404	0.39452514	0.0	0.39452514	0.39452514	25.0	10100	21.38392	0.19230701	23.59083	20.194077	-22.182045	0.038422562	8261.272790908813
405	0.53538173	0.0	0.53538173	0.53538173	25.0	10125	21.440502	0.17151809	23.632988	20.544825	-22.478157	0.032355223	8280.713375329971
406	0.33716476	0.0	0.33716476	0.33716476	25.0	10150	21.508196	0.16121747	23.343565	19.543636	-22.519619	0.030931424	8300.148532629013
407	0.0	0.0	0.0	0.0	25.0	10175	21.589052	0.19066536	23.861599	19.989717	-22.587902	0.040261675	8319.486758708954
408	0.12705056	0.0	0.12705056	0.12705056	25.0	10200	21.663769	0.17030443	23.367105	20.447145	-22.904844	0.03563852	8338.824672460556
409	0.39001828	0.0	0.39001828	0.39001828	25.0	10225	21.811817	0.18382436	23.615307	20.475058	-22.978369	0.03350874	8358.252145528793
410	0.40856546	0.0	0.40856546	0.40856546	25.0	10250	21.989914	0.1628283	23.553307	21.334743	-23.052273	0.026485605	8379.261808872223
411	0.11150916	0.0	0.11150916	0.11150916	25.0	10275	22.114016	0.16498683	23.944727	20.979258	-23.08551	0.029576367	8399.493608951569
412	0.20119469	0.0	0.20119469	0.20119469	25.0	10300	22.333828	0.17408967	23.70358	21.746384	-23.264704	0.028136075	8418.97921204567
413	0.7206407	0.0	0.7206407	0.7206407	25.0	10325	22.542288	0.19116937	24.261147	20.642525	-23.476334	0.040752932	8438.509393930435
414	1.0290112	0.0	1.0290112	1.0290112	25.0	10350	22.65556	0.19834228	25.13756	21.294489	-23.550522	0.041293386	8457.957902669907
415	0.17476189	0.0	0.17476189	0.17476189	25.0	10375	22.730947	0.15863156	24.991156	21.32969	-23.643475	0.028855564	8477.329115152359
416	0.23525485	0.0	0.23525485	0.23525485	25.0	10400	22.821655	0.2243808	25.826502	21.605556	-23.649054	0.05064678	8496.735876560211
417	0.28501186	0.0	0.28501186	0.28501186	25.0	10425	22.88391	0.15588543	23.638954	21.263222	-23.718046	0.032848604	8516.144529104233
418	0.5346722	0.0	0.5346722	0.5346722	25.0	10450	22.973198	0.17288189	24.867565	22.250135	-23.830467	0.031702913	8535.559990167618
419	0.23070031	0.0	0.23070031	0.23070031	25.0	10475	23.049309	0.19548695	25.746695	20.477293	-23.888819	0.041781053	8554.910721540451
420	0.9146449	0.0	0.9146449	0.9146449	25.0	10500	23.127317	0.21379884	25.672401	19.433771	-23.977234	0.050418843	8576.168498516083
421	0.027629904	0.0	0.027629904	0.027629904	25.0	10525	23.194786	0.16834198	24.5894	22.150175	-24.06316	0.03288116	8596.463170289993
422	0.21572684	0.0	0.21572684	0.21572684	25.0	10550	23.283062	0.25156713	25.668377	19.278543	-24.146143	0.06644998	8615.854786396027
423	0.30070743	0.0	0.30070743	0.30070743	25.0	10575	23.345863	0.20211795	25.319391	20.818155	-24.230913	0.04525191	8635.23083281517
424	0.10019389	0.0	0.10019389	0.10019389	25.0	10600	23.438238	0.19409668	25.416391	21.948158	-24.275013	0.041319557	8654.69783616066
425	0.03972226	0.0	0.03972226	0.03972226	25.0	10625	23.512775	0.19385673	26.066082	21.705202	-24.378801	0.040947165	8674.177698850632
426	0.3718685	0.0	0.3718685	0.3718685	25.0	10650	23.582863	0.16091278	24.872042	22.404999	-24.423418	0.027589446	8693.629254102707
427	0.25260827	0.0	0.25260827	0.25260827	25.0	10675	23.66678	0.2002967	25.675692	21.108221	-24.581245	0.039909948	8712.967841863632
428	0.5163783	0.0	0.5163783	0.5163783	25.0	10700	23.752563	0.17983085	25.552666	21.217817	-24.638355	0.038404237	8732.291584730148
429	0.15942799	0.0	0.15942799	0.15942799	25.0	10725	23.830585	0.23113646	27.078602	22.075426	-24.67838	0.05281404	8751.661902427673
430	0.5455593	0.0	0.5455593	0.5455593	25.0	10750	23.904106	0.21922007	25.738943	20.360596	-24.810553	0.048844386	8773.151409864426
431	0.15651633	0.0	0.15651633	0.15651633	25.0	10775	23.9775	0.2120269	27.274317	21.512457	-24.891325	0.049258433	8793.364577531815
432	1.20871	0.0	1.20871	1.20871	25.0	10800	24.075844	0.23066927	27.904327	22.876883	-25.041416	0.05415897	8812.921756744385
433	0.6281104	0.0	0.6281104	0.6281104	25.0	10825	24.1496	0.23392369	26.857468	20.158457	-25.118877	0.06582374	8832.311937570572
434	0.76264054	0.0	0.76264054	0.76264054	25.0	10850	24.246344	0.21721132	26.332188	22.491577	-25.183317	0.053785156	8851.774353265762
435	0.31108513	0.0	0.31108513	0.31108513	25.0	10875	24.35817	0.21221632	26.689785	22.072493	-25.328083	0.04836122	8871.152725696564
436	0.29316396	0.0	0.29316396	0.29316396	25.0	10900	24.445986	0.21186511	27.622547	22.614891	-25.298975	0.04697977	8890.624272108078
437	0.31275663	0.0	0.31275663	0.31275663	25.0	10925	24.526176	0.19100654	25.900623	21.746864	-25.456886	0.042106472	8910.060127019882
438	0.5325488	0.0	0.5325488	0.5325488	25.0	10950	24.610464	0.20522198	27.176664	22.710571	-25.501175	0.04826214	8929.403642892838
439	0.733506	0.0	0.733506	0.733506	25.0	10975	24.70008	0.24146761	27.920729	21.195345	-25.578558	0.05925015	8948.792848110199
440	0.39381498	0.0	0.39381498	0.39381498	25.0	11000	24.761713	0.18385683	26.476025	22.92161	-25.666052	0.0358797	8970.000638961792
441	0.49322113	0.0	0.49322113	0.49322113	25.0	11025	24.85418	0.20005018	28.617474	23.359325	-25.749537	0.037229143	8990.23217535019
442	0.0	0.0	0.0	0.0	25.0	11050	24.940996	0.21381006	26.917456	21.986584	-25.875282	0.05152215	9009.586074829102
443	0.60521746	0.0	0.60521746	0.60521746	25.0	11075	25.018381	0.21019003	28.289553	23.746622	-25.988081	0.04557425	9029.012280225754
444	0.030972473	0.0	0.030972473	0.030972473	25.0	11100	25.098326	0.21843174	27.06305	21.719894	-26.052156	0.05144587	9048.331111431122
445	0.09139318	0.0	0.09139318	0.09139318	25.0	11125	25.20241	0.24523734	28.987385	24.2303	-26.11316	0.057356726	9067.700424671173
446	0.015582726	0.0	0.015582726	0.015582726	25.0	11150	25.27254	0.22664595	28.70955	22.068108	-26.165407	0.056089893	9087.199891328812
447	0.70593035	0.0	0.70593035	0.70593035	25.0	11175	25.358662	0.20795521	28.40561	23.763746	-26.275158	0.044598717	9106.525448799133
448	0.21093269	0.0	0.21093269	0.21093269	25.0	11200	25.44458	0.23104903	28.158094	22.913057	-26.408855	0.0498317	9125.85869717598
449	0.16821179	0.0	0.16821179	0.16821179	25.0	11225	25.519794	0.24084552	29.781996	22.72524	-26.46427	0.05894589	9145.252004861832
450	0.53261954	0.0	0.53261954	0.53261954	25.0	11250	25.62053	0.18745628	27.311861	24.273926	-26.526535	0.03900932	9166.363041877747
451	0.35086608	0.0	0.35086608	0.35086608	25.0	11275	25.692356	0.1920232	27.130829	22.633121	-26.633251	0.04280217	9186.641337394714
452	0.0	0.0	0.0	0.0	25.0	11300	25.781975	0.22964078	28.447956	23.551872	-26.722132	0.05609518	9206.09634900093
453	0.5436556	0.0	0.5436556	0.5436556	25.0	11325	25.871178	0.21252532	28.906597	22.847218	-26.873281	0.052315548	9225.461143493652
454	0.096564405	0.0	0.096564405	0.096564405	25.0	11350	25.95787	0.17265154	28.415989	24.477018	-26.900505	0.029684067	9244.855039358139
455	0.03032704	0.0	0.03032704	0.03032704	25.0	11375	26.046537	0.1869139	28.104153	25.204332	-26.980478	0.03516893	9264.23990726471
456	0.7023743	0.0	0.7023743	0.7023743	25.0	11400	26.130884	0.23255129	28.795263	22.696587	-27.104721	0.053362425	9283.661927223206
457	0.109080486	0.0	0.109080486	0.109080486	25.0	11425	26.214441	0.22214095	28.400204	24.418388	-27.18174	0.054831654	9303.04048871994
458	0.44266748	0.0	0.44266748	0.44266748	25.0	11450	26.314167	0.2420773	29.72175	24.035212	-27.28528	0.055882253	9322.419256925583
459	0.17807277	0.0	0.17807277	0.17807277	25.0	11475	26.387306	0.20925373	28.69856	23.848928	-27.343159	0.048617125	9341.874192476273
460	0.5092314	0.0	0.5092314	0.5092314	25.0	11500	26.488928	0.23144113	30.582829	25.053349	-27.472729	0.056987476	9363.122342348099
461	1.2521348	0.0	1.2521348	1.2521348	25.0	11525	26.57292	0.23990996	29.649155	23.943209	-27.5906	0.060711958	9383.406103610992
462	0.92416257	0.0	0.92416257	0.92416257	25.0	11550	26.661022	0.21509795	29.151415	23.542292	-27.669472	0.049551997	9402.966927289963
463	0.36195368	0.0	0.36195368	0.36195368	25.0	11575	26.759071	0.22711618	31.373583	25.563858	-27.752674	0.051329285	9422.346778154373
464	0.0	0.0	0.0	0.0	25.0	11600	26.848162	0.2227474	30.17373	24.14503	-27.814611	0.050032824	9441.765849590302
465	1.00358	0.0	1.00358	1.00358	25.0	11625	26.92718	0.22021039	30.42898	24.213089	-27.930286	0.05431786	9464.30123758316
466	0.34894374	0.0	0.34894374	0.34894374	25.0	11650	27.03048	0.22740789	29.968798	24.414804	-28.030388	0.052523136	9483.637196779251
467	0.1870816	0.0	0.1870816	0.1870816	25.0	11675	27.109068	0.192356	29.5072	25.076763	-28.10381	0.04146135	9502.94688129425
468	0.10289454	0.0	0.10289454	0.10289454	25.0	11700	27.19913	0.26811582	31.421955	23.265978	-28.196392	0.06944726	9522.355589389801
469	0.36763853	0.0	0.36763853	0.36763853	25.0	11725	27.289501	0.25390843	31.417341	24.538897	-28.28492	0.0721928	9541.68687582016
470	0.7941817	0.0	0.7941817	0.7941817	25.0	11750	27.382769	0.19891949	29.022585	26.773935	-28.383493	0.043937653	9562.908165216446
471	0.6014114	0.0	0.6014114	0.6014114	25.0	11775	27.473814	0.20388338	30.720774	25.941872	-28.497873	0.045058608	9583.362755537033
472	1.178285	0.0	1.178285	1.178285	25.0	11800	27.56229	0.21958038	30.154491	24.611696	-28.580276	0.052612513	9602.702790260315
473	0.0	0.0	0.0	0.0	25.0	11825	27.657656	0.24433915	30.763477	25.264423	-28.6913	0.06125155	9622.069705247879
474	0.77032894	0.0	0.77032894	0.77032894	25.0	11850	27.757502	0.20642741	29.912565	25.97415	-28.781578	0.04130951	9641.638075828552
475	0.63732594	0.0	0.63732594	0.63732594	25.0	11875	27.843906	0.18771635	29.0508	26.247847	-28.88124	0.043280263	9661.000917434692
476	0.11737091	0.0	0.11737091	0.11737091	25.0	11900	27.946533	0.19325629	30.201653	27.227924	-29.02477	0.03894032	9680.383377790451
477	0.48811242	0.0	0.48811242	0.48811242	25.0	11925	28.042229	0.2359515	31.304144	25.159801	-29.076633	0.06233052	9699.835474729538
478	0.59901905	0.0	0.59901905	0.59901905	25.0	11950	28.14359	0.26151237	32.15455	26.28386	-29.205854	0.06531493	9719.295272827148
479	0.1597422	0.0	0.1597422	0.1597422	25.0	11975	28.23101	0.2269124	30.163773	26.552364	-29.258268	0.061335456	9738.740636348724
480	0.21329033	0.0	0.21329033	0.21329033	25.0	12000	28.323647	0.21936794	31.117767	25.967527	-29.355972	0.052952696	9759.917068004608
481	0.61085	0.0	0.61085	0.61085	25.0	12025	28.419615	0.20552821	30.695635	26.619236	-29.436777	0.04325385	9780.12320137024
482	0.20171134	0.0	0.20171134	0.20171134	25.0	12050	28.498064	0.23714016	32.13951	25.381126	-29.550833	0.05627984	9799.45715045929
483	0.0	0.0	0.0	0.0	25.0	12075	28.580801	0.20934664	30.963245	26.928581	-29.646185	0.04705971	9818.791592121124
484	0.37858954	0.0	0.37858954	0.37858954	25.0	12100	28.658325	0.25569868	32.406647	24.110176	-29.689217	0.06630921	9838.24120593071
485	0.10737398	0.0	0.10737398	0.10737398	25.0	12125	28.736828	0.23457806	31.124058	25.08295	-29.803816	0.057305474	9857.689274787903
486	0.3408037	0.0	0.3408037	0.3408037	25.0	12150	28.824858	0.19380175	29.965233	27.162117	-29.857224	0.04283576	9877.153529167175
487	0.34142953	0.0	0.34142953	0.34142953	25.0	12175	28.912426	0.1985647	31.224073	27.420631	-29.95827	0.041458175	9896.493826389313
488	0.44469997	0.0	0.44469997	0.44469997	25.0	12200	28.99544	0.2070288	31.203588	26.874489	-30.044283	0.042608093	9915.964300632477
489	1.4495862	0.0	1.4495862	1.4495862	25.0	12225	29.090857	0.2098518	29.776194	26.999168	-30.169146	0.05393793	9935.40938615799
490	0.37882152	0.0	0.37882152	0.37882152	25.0	12250	29.185814	0.24707784	32.670715	26.965433	-30.261726	0.06354505	9956.792632579803
491	0.40670398	0.0	0.40670398	0.40670398	25.0	12275	29.292027	0.21569669	32.298843	28.272638	-30.367813	0.05146001	9977.148386478424
492	0.3957752	0.0	0.3957752	0.3957752	25.0	12300	29.387686	0.19064535	31.24579	28.804678	-30.466486	0.039370876	9997.089294195175
493	0.0	0.0	0.0	0.0	25.0	12325	29.484608	0.20995028	31.733181	28.84208	-30.55657	0.041373525	10016.598565340042
494	0.14008074	0.0	0.14008074	0.14008074	25.0	12350	29.580849	0.2441589	31.714674	26.246592	-30.673872	0.06316423	10035.9529671669
495	0.6055295	0.0	0.6055295	0.6055295	25.0	12375	29.687037	0.22569762	33.26569	28.725077	-30.762766	0.052554492	10055.469240903854
496	0.14763461	0.0	0.14763461	0.14763461	25.0	12400	29.781313	0.19454579	31.020302	28.67438	-30.861523	0.044148188	10074.88158941269
497	0.4104944	0.0	0.4104944	0.4104944	25.0	12425	29.882368	0.23434117	32.00592	26.803152	-30.987165	0.058629654	10094.367362737656
498	0.18264371	0.0	0.18264371	0.18264371	25.0	12450	29.973074	0.23300716	33.505356	27.355257	-31.076544	0.05943235	10114.59013414383
499	0.7284866	0.0	0.7284866	0.7284866	25.0	12475	30.082504	0.21516012	31.861362	27.776276	-31.172457	0.043882128	10133.9773375988
500	0.48712993	0.0	0.48712993	0.48712993	25.0	12500	30.16585	0.23488373	32.66406	29.27655	-31.276394	0.05572111	10155.34568619728
501	0.079316795	0.0	0.079316795	0.079316795	25.0	12525	30.274424	0.19643113	31.95734	29.523432	-31.416498	0.042592384	10175.583198070526
502	0.39323473	0.0	0.39323473	0.39323473	25.0	12550	30.377823	0.20512614	32.561684	28.736938	-31.514202	0.045956887	10194.959012269974
503	0.0	0.0	0.0	0.0	25.0	12575	30.493475	0.30257022	34.71371	27.627512	-31.608799	0.08965575	10214.29659485817
504	0.0	0.0	0.0	0.0	25.0	12600	30.578072	0.206264	32.107544	28.231482	-31.71465	0.04392968	10233.656122922897
505	1.1247593	0.0	1.1247593	1.1247593	25.0	12625	30.692749	0.19163929	31.765362	28.524284	-31.835093	0.043573156	10253.065450668335
506	0.13242061	0.0	0.13242061	0.13242061	25.0	12650	30.795547	0.20172025	33.492775	29.269844	-31.948582	0.04698198	10272.577111959457
507	0.35793608	0.0	0.35793608	0.35793608	25.0	12675	30.901333	0.24191539	33.630814	28.145964	-32.063225	0.064884804	10292.329050540924
508	0.5577938	0.0	0.5577938	0.5577938	25.0	12700	31.009756	0.23955628	34.38736	30.079506	-32.172382	0.05779232	10311.665348291397
509	0.6840072	0.0	0.6840072	0.6840072	25.0	12725	31.100601	0.26422688	34.0577	26.918594	-32.25773	0.077036984	10331.151255130768
510	0.45984605	0.0	0.45984605	0.45984605	25.0	12750	31.21728	0.21766877	34.247772	29.949097	-32.350048	0.049857907	10352.520470619202
511	0.6985142	0.0	0.6985142	0.6985142	25.0	12775	31.306301	0.23423232	33.706425	28.612919	-32.46788	0.054191057	10372.836877584457
512	0.3847083	0.0	0.3847083	0.3847083	25.0	12800	31.427446	0.21375737	33.844975	29.208527	-32.571564	0.044738136	10392.348711967468
513	0.040477056	0.0	0.040477056	0.040477056	25.0	12825	31.512518	0.31382677	35.6884	27.522034	-32.64307	0.091345504	10411.738168478012
514	1.0764098	0.0	1.0764098	1.0764098	25.0	12850	31.612665	0.24077335	33.284702	28.657461	-32.765182	0.06214128	10431.129182100296
515	1.6624792	0.0	1.6624792	1.6624792	25.0	12875	31.72292	0.27394634	37.71809	27.86933	-32.89989	0.07383524	10450.524775028229
516	0.6759878	0.0	0.6759878	0.6759878	25.0	12900	31.826378	0.23321679	33.631847	28.23539	-32.997597	0.06275097	10469.89207291603
517	0.9546983	0.0	0.9546983	0.9546983	25.0	12925	31.948092	0.22501013	34.67106	29.839441	-33.145084	0.049530197	10489.286087274551
518	0.2672212	0.0	0.2672212	0.2672212	25.0	12950	32.048134	0.2426068	35.33773	28.727089	-33.234104	0.059956413	10508.58267378807
519	0.1789484	0.0	0.1789484	0.1789484	25.0	12975	32.15283	0.2440039	35.635593	29.33075	-33.3536	0.06355946	10527.923993110657
520	0.031570304	0.0	0.031570304	0.031570304	25.0	13000	32.268784	0.23651357	34.50075	29.92641	-33.43991	0.05706458	10549.276290655136
521	0.25202188	0.0	0.25202188	0.25202188	25.0	13025	32.37904	0.23110169	34.699802	30.791695	-33.595802	0.05834534	10569.635204792023
522	0.58440804	0.0	0.58440804	0.58440804	25.0	13050	32.484093	0.23842119	36.134987	30.883799	-33.692944	0.05728114	10589.059215784073
523	0.46609172	0.0	0.46609172	0.46609172	25.0	13075	32.589268	0.253327	35.786915	29.072973	-33.79632	0.07056451	10608.363053321838
524	0.69611233	0.0	0.69611233	0.69611233	25.0	13100	32.70453	0.22731929	35.573933	30.945808	-33.927	0.055134777	10627.729609012604
525	0.0	0.0	0.0	0.0	25.0	13125	32.82476	0.36542353	39.20306	25.550797	-34.05041	0.13806027	10647.187435626984
526	0.83350176	0.0	0.83350176	0.83350176	25.0	13150	32.92284	0.20730054	34.515213	31.937172	-34.154957	0.0444514	10666.587303638458
527	0.09187594	0.0	0.09187594	0.09187594	25.0	13175	33.038403	0.22680096	35.756176	30.32513	-34.273815	0.05510633	10685.968516588211
528	0.3728609	0.0	0.3728609	0.3728609	25.0	13200	33.14701	0.25237724	36.167034	27.230864	-34.359203	0.06853728	10705.432317495346
529	0.3650184	0.0	0.3650184	0.3650184	25.0	13225	33.2673	0.21128646	36.21338	32.088398	-34.50741	0.04928119	10724.87824845314
530	0.40435728	0.0	0.40435728	0.40435728	25.0	13250	33.36651	0.25172356	36.76989	30.108385	-34.615234	0.064281456	10746.358934164047
531	0.5254709	0.0	0.5254709	0.5254709	25.0	13275	33.48853	0.24230051	36.753162	30.535364	-34.71202	0.05893391	10766.76581120491
532	0.32437435	0.0	0.32437435	0.32437435	25.0	13300	33.59812	0.29425222	39.775764	29.943396	-34.86083	0.0887145	10786.181802749634
533	0.36718148	0.0	0.36718148	0.36718148	25.0	13325	33.7073	0.28354773	35.78553	27.759657	-34.95463	0.08748507	10805.554068088531
534	0.96587217	0.0	0.96587217	0.96587217	25.0	13350	33.83439	0.3126794	38.379227	31.408226	-35.06214	0.099689275	10825.023097753525
535	0.15774892	0.0	0.15774892	0.15774892	25.0	13375	33.94493	0.28333724	38.349136	29.60951	-35.208984	0.08065628	10844.508180379868
536	0.009082725	0.0	0.009082725	0.009082725	25.0	13400	34.0578	0.25566566	37.60275	31.450415	-35.333046	0.066852614	10863.836923360825
537	0.031955253	0.0	0.031955253	0.031955253	25.0	13425	34.16208	0.31520388	39.27521	29.408785	-35.433895	0.101222426	10883.207857608795
538	0.40496275	0.0	0.40496275	0.40496275	25.0	13450	34.290585	0.25878763	35.637703	28.802643	-35.58017	0.07406931	10902.654801368713
539	1.0279961	0.0	1.0279961	1.0279961	25.0	13475	34.40581	0.2750906	38.293568	31.566124	-35.699944	0.075256646	10921.988515853882
540	0.32243615	0.0	0.32243615	0.32243615	25.0	13500	34.52498	0.30487782	38.679607	29.933405	-35.814205	0.09641318	10943.655064821243
541	0.12177325	0.0	0.12177325	0.12177325	25.0	13525	34.629456	0.24864104	36.73578	32.27774	-35.914894	0.06606084	10964.073229074478
542	0.049261138	0.0	0.049261138	0.049261138	25.0	13550	34.759598	0.27776834	38.247772	29.606197	-36.04669	0.079015434	10983.49873971939
543	0.7486371	0.0	0.7486371	0.7486371	25.0	13575	34.86772	0.33559024	38.04918	28.008175	-36.143833	0.11998299	11002.921936750412
544	0.38824642	0.0	0.38824642	0.38824642	25.0	13600	34.99829	0.3338874	44.82454	34.323753	-36.259464	0.11130445	11022.29617023468
545	0.54018277	0.0	0.54018277	0.54018277	25.0	13625	35.08312	0.2966081	35.971413	30.690733	-36.384705	0.10487737	11041.665637731552
546	0.0	0.0	0.0	0.0	25.0	13650	35.234573	0.3785976	44.804527	33.857086	-36.540924	0.13659577	11061.057322978973
547	0.3252857	0.0	0.3252857	0.3252857	25.0	13675	35.32591	0.4482749	39.647522	24.660957	-36.630333	0.21263489	11080.474244117737
548	0.60670584	0.0	0.60670584	0.60670584	25.0	13700	35.466583	0.34456718	43.712955	33.556385	-36.762306	0.11695242	11099.924752473831
549	0.47562543	0.0	0.47562543	0.47562543	25.0	13725	35.56131	0.2812899	36.712814	32.06577	-36.88269	0.091720216	11119.296490192413
550	0.3037584	0.0	0.3037584	0.3037584	25.0	13750	35.694614	0.29766124	40.292294	32.552788	-37.018402	0.08535366	11140.87557053566
551	0.6451305	0.0	0.6451305	0.6451305	25.0	13775	35.80839	0.2888095	39.871113	33.053436	-37.120575	0.08749695	11161.241119146347
552	0.57690656	0.0	0.57690656	0.57690656	25.0	13800	35.92592	0.28173977	40.732895	32.259205	-37.265114	0.08130588	11180.60735464096
553	0.55621654	0.0	0.55621654	0.55621654	25.0	13825	36.053814	0.29433233	38.69498	31.406288	-37.39366	0.09045271	11200.018518209457
554	0.47054052	0.0	0.47054052	0.47054052	25.0	13850	36.17807	0.24011543	38.906784	33.284546	-37.503372	0.061950173	11219.363231897354
555	0.115574114	0.0	0.115574114	0.115574114	25.0	13875	36.291763	0.3036284	39.80149	31.956776	-37.66483	0.10108628	11238.691768169403
556	0.5557676	0.0	0.5557676	0.5557676	25.0	13900	36.430367	0.29127604	40.467323	34.57864	-37.777096	0.08338543	11258.128862380981
557	0.42343473	0.0	0.42343473	0.42343473	25.0	13925	36.540546	0.30123448	40.12919	30.70884	-37.882374	0.09405021	11277.576082706451
558	0.4063194	0.0	0.4063194	0.4063194	25.0	13950	36.65301	0.31569365	41.511383	33.997913	-38.021812	0.103980675	11296.848307609558
559	0.608675	0.0	0.608675	0.608675	25.0	13975	36.794952	0.34242263	41.026634	34.562664	-38.140804	0.119611524	11316.23030757904
560	1.3266879	0.0	1.3266879	1.3266879	25.0	14000	36.908443	0.29767838	39.347862	32.79468	-38.26543	0.08418186	11337.761716127396
561	0.5225531	0.0	0.5225531	0.5225531	25.0	14025	37.030537	0.25075448	39.758965	33.844425	-38.377735	0.068316914	11358.173103570938
562	0.47339055	0.0	0.47339055	0.47339055	25.0	14050	37.148556	0.26065522	38.494144	34.302612	-38.51329	0.0725354	11377.605988502502
563	0.19930184	0.0	0.19930184	0.19930184	25.0	14075	37.2727	0.2766784	40.473137	35.893818	-38.65293	0.07844404	11397.021536827087
564	0.3482204	0.0	0.3482204	0.3482204	25.0	14100	37.393974	0.24948426	39.61976	36.593624	-38.777847	0.065144055	11416.424106359482
565	0.17760076	0.0	0.17760076	0.17760076	25.0	14125	37.517975	0.23276019	39.261677	35.057133	-38.897793	0.058672115	11435.829640865326
566	0.2529829	0.0	0.2529829	0.2529829	25.0	14150	37.641003	0.24548875	40.01836	35.465153	-39.00132	0.05886604	11455.229325294495
567	0.76949805	0.0	0.76949805	0.76949805	25.0	14175	37.774567	0.25460884	41.74441	35.637573	-39.19268	0.05906912	11474.716135263443
568	0.3165884	0.0	0.3165884	0.3165884	25.0	14200	37.891937	0.22468972	39.4453	35.818478	-39.30551	0.05763553	11494.175269126892
569	0.102921784	0.0	0.102921784	0.102921784	25.0	14225	38.0198	0.2333368	40.38582	36.909054	-39.43683	0.054639556	11513.596338033676
570	0.16862427	0.0	0.16862427	0.16862427	25.0	14250	38.14324	0.255811	41.459568	35.695023	-39.568733	0.06923829	11535.250431776047
571	0.2615568	0.0	0.2615568	0.2615568	25.0	14275	38.27483	0.2692822	41.028515	35.644157	-39.697906	0.07650691	11555.595865011215
572	0.010378417	0.0	0.010378417	0.010378417	25.0	14300	38.3974	0.28000036	40.50956	37.11548	-39.797733	0.081474304	11575.097453832626
573	0.0048062233	0.0	0.0048062233	0.0048062233	25.0	14325	38.513794	0.26214588	39.265854	35.686546	-39.92888	0.07305694	11594.495599031448
574	0.3701206	0.0	0.3701206	0.3701206	25.0	14350	38.645267	0.23345162	41.306705	37.84228	-40.068714	0.059106022	11613.87374830246
575	0.26563272	0.0	0.26563272	0.26563272	25.0	14375	38.766827	0.2575624	41.031994	34.517277	-40.20067	0.068165414	11633.262605428696
576	0.93995875	0.0	0.93995875	0.93995875	25.0	14400	38.905556	0.25210303	41.235188	36.399315	-40.322098	0.067038335	11652.784890651703
577	0.40698704	0.0	0.40698704	0.40698704	25.0	14425	39.02934	0.25663385	42.83532	35.92003	-40.46906	0.06471677	11672.138818979263
578	0.58985823	0.0	0.58985823	0.58985823	25.0	14450	39.16235	0.246988	41.71574	36.915653	-40.60816	0.0627464	11691.500924110413
579	0.90710455	0.0	0.90710455	0.90710455	25.0	14475	39.29067	0.2419732	41.859833	37.33499	-40.736107	0.060627893	11710.936819791794
580	1.2522961	0.0	1.2522961	1.2522961	25.0	14500	39.407238	0.23133987	40.40904	37.784637	-40.835926	0.05691304	11732.43067908287
581	0.017823657	0.0	0.017823657	0.017823657	25.0	14525	39.544228	0.23484793	41.531086	38.314068	-40.995224	0.059111387	11752.895695447922
582	0.7583145	0.0	0.7583145	0.7583145	25.0	14550	39.6735	0.23490994	40.805916	38.66096	-41.14434	0.0579884	11772.327939510345
583	0.42833245	0.0	0.42833245	0.42833245	25.0	14575	39.812973	0.2571801	42.6793	38.501415	-41.2663	0.07014202	11791.912608861923
584	0.4856398	0.0	0.4856398	0.4856398	25.0	14600	39.933525	0.25127676	41.453945	38.7549	-41.430832	0.066431426	11811.348850011826
585	0.5002014	0.0	0.5002014	0.5002014	25.0	14625	40.073288	0.24524672	42.500965	39.33557	-41.535988	0.06382294	11830.788884162903
586	0.4134745	0.0	0.4134745	0.4134745	25.0	14650	40.203373	0.26534626	42.60296	38.38646	-41.685238	0.07346094	11850.224048614502
587	0.11092233	0.0	0.11092233	0.11092233	25.0	14675	40.33715	0.23440681	42.056263	38.22518	-41.828705	0.060415875	11869.664031982422
588	0.7422131	0.0	0.7422131	0.7422131	25.0	14700	40.467625	0.2543816	43.331345	39.10482	-41.96908	0.06712731	11889.028741836548
589	1.068119	0.0	1.068119	1.068119	25.0	14725	40.61884	0.2955171	45.177795	38.693317	-42.11431	0.09118229	11908.426614046097
590	0.0	0.0	0.0	0.0	25.0	14750	40.73739	0.2390662	41.598053	39.57023	-42.22851	0.061286513	11930.03872513771
591	0.0	0.0	0.0	0.0	25.0	14775	40.877476	0.28914213	43.523777	38.40136	-42.411755	0.08071654	11950.492244005203
592	0.08922939	0.0	0.08922939	0.08922939	25.0	14800	41.01582	0.2853566	44.544888	38.46241	-42.549637	0.08251673	11969.821238040924
593	1.1716911	0.0	1.1716911	1.1716911	25.0	14825	41.16497	0.26747242	43.38081	39.401882	-42.68427	0.07300831	11989.210042238235
594	0.22017248	0.0	0.22017248	0.22017248	25.0	14850	41.287334	0.28881863	43.91341	38.03593	-42.81231	0.08443384	12008.599987506866
595	0.13155407	0.0	0.13155407	0.13155407	25.0	14875	41.429066	0.3506439	44.393387	36.397182	-42.986744	0.12851629	12028.08860373497
596	0.71788234	0.0	0.71788234	0.71788234	25.0	14900	41.566807	0.29239908	45.72102	40.391502	-43.13813	0.08420025	12047.490215063095
597	0.036082953	0.0	0.036082953	0.036082953	25.0	14925	41.7117	0.27190718	45.33856	40.941483	-43.25039	0.07339867	12066.883225917816
598	0.2128951	0.0	0.2128951	0.2128951	25.0	14950	41.83666	0.32337838	46.229183	38.30791	-43.409565	0.107368715	12086.264867544174
599	0.38148814	0.0	0.38148814	0.38148814	25.0	14975	41.97618	0.3192323	44.11078	36.003284	-43.58393	0.10696537	12105.66919016838
600	1.037365	0.0	1.037365	1.037365	25.0	15000	42.128258	0.34450543	47.742188	38.002483	-43.674892	0.112254076	12127.25046801567
601	0.7041316	0.0	0.7041316	0.7041316	25.0	15025	42.266354	0.32583296	46.96292	37.303276	-43.849403	0.11684069	12147.634092569351
602	0.07353503	0.0	0.07353503	0.07353503	25.0	15050	42.41008	0.26426014	45.579594	40.41686	-43.981495	0.07076304	12166.956100940704
603	0.4482783	0.0	0.4482783	0.4482783	25.0	15075	42.557205	0.33414438	48.776924	40.14125	-44.138905	0.1064092	12186.312503814697
604	0.5715772	0.0	0.5715772	0.5715772	25.0	15100	42.68249	0.27126724	44.90729	40.230186	-44.289764	0.07825527	12205.721333503723
605	1.0033897	0.0	1.0033897	1.0033897	25.0	15125	42.83141	0.31656203	46.40807	38.515167	-44.39592	0.1050244	12225.213235139847
606	0.35301176	0.0	0.35301176	0.35301176	25.0	15150	42.978485	0.2805926	44.867367	39.044662	-44.561348	0.0874377	12244.638050794601
607	0.0	0.0	0.0	0.0	25.0	15175	43.11477	0.3470201	51.160793	38.460968	-44.720016	0.124596804	12263.975338697433
608	0.6515	0.0	0.6515	0.6515	25.0	15200	43.26828	0.4188555	48.90047	32.26255	-44.869617	0.1817125	12283.309534072876
609	0.08097482	0.0	0.08097482	0.08097482	25.0	15225	43.408604	0.2964014	45.953213	37.606037	-44.998306	0.086939976	12302.733624219894
610	0.60376793	0.0	0.60376793	0.60376793	25.0	15250	43.555363	0.2766003	47.50816	40.95955	-45.169037	0.08190571	12324.461130142212
611	0.2665429	0.0	0.2665429	0.2665429	25.0	15275	43.712597	0.41692993	51.33514	37.35292	-45.322155	0.17565243	12344.886816740036
612	0.05559382	0.0	0.05559382	0.05559382	25.0	15300	43.83381	0.38773116	46.5446	37.00999	-45.437557	0.1579829	12364.249254465103
613	0.39235267	0.0	0.39235267	0.39235267	25.0	15325	43.987022	0.34653205	50.12798	40.109993	-45.622704	0.119284354	12383.615133047104
614	0.21954396	0.0	0.21954396	0.21954396	25.0	15350	44.130566	0.33669275	48.079094	39.366535	-45.760223	0.124465235	12403.024712562561
615	0.35012865	0.0	0.35012865	0.35012865	25.0	15375	44.296143	0.35269558	48.87176	39.744987	-45.940975	0.1255911	12422.441369771957
616	0.91223586	0.0	0.91223586	0.91223586	25.0	15400	44.425312	0.2964964	48.554676	41.42799	-46.083195	0.088842385	12441.866226196289
617	0.020185988	0.0	0.020185988	0.020185988	25.0	15425	44.58332	0.3721037	49.80068	38.351994	-46.25412	0.14044985	12461.300150871277
618	0.26637843	0.0	0.26637843	0.26637843	25.0	15450	44.736626	0.34543687	50.059456	42.20841	-46.410934	0.117646396	12480.768655061722
619	0.26237503	0.0	0.26237503	0.26237503	25.0	15475	44.892384	0.41581285	50.741257	40.8006	-46.56025	0.16636823	12500.177874088287
620	0.0	0.0	0.0	0.0	25.0	15500	45.027393	0.3401147	48.37658	42.28829	-46.709484	0.119699605	12521.958618164062
621	0.80177593	0.0	0.80177593	0.80177593	25.0	15525	45.17405	0.3706576	50.06431	41.09122	-46.836597	0.1439877	12542.404294013977
622	0.6036911	0.0	0.6036911	0.6036911	25.0	15550	45.316376	0.42070717	51.615494	37.97208	-47.00858	0.17895931	12561.838403701782
623	0.8188515	0.0	0.8188515	0.8188515	25.0	15575	45.46666	0.37689626	51.538307	38.655167	-47.186314	0.13641028	12581.340681791306
624	0.5548831	0.0	0.5548831	0.5548831	25.0	15600	45.627716	0.363625	51.735237	41.236313	-47.302017	0.12865746	12600.783393859863
625	0.23589435	0.0	0.23589435	0.23589435	25.0	15625	45.77161	0.3066299	50.52244	43.52397	-47.46084	0.09452243	12620.164909362793
626	0.28779677	0.0	0.28779677	0.28779677	25.0	15650	45.92271	0.43169633	50.697704	33.834064	-47.62183	0.18295774	12639.453681230545
627	0.20161054	0.0	0.20161054	0.20161054	25.0	15675	46.083622	0.36777303	51.495556	41.773033	-47.79573	0.13827424	12658.946711540222
628	0.49517566	0.0	0.49517566	0.49517566	25.0	15700	46.245956	0.33726746	49.92234	41.477993	-47.958305	0.12033285	12678.423012971878
629	0.16704527	0.0	0.16704527	0.16704527	25.0	15725	46.393185	0.35718307	51.30545	42.675514	-48.113155	0.13519758	12698.021089076996
630	0.31147417	0.0	0.31147417	0.31147417	25.0	15750	46.544838	0.33011192	51.094994	44.37803	-48.28367	0.10628032	12719.750521659851
631	0.21839362	0.0	0.21839362	0.21839362	25.0	15775	46.69386	0.3122212	48.291496	42.285286	-48.432236	0.10792337	12740.197149038315
632	0.0	0.0	0.0	0.0	25.0	15800	46.866955	0.26697758	49.478916	46.06495	-48.5675	0.07441585	12759.637383937836
633	0.21466501	0.0	0.21466501	0.21466501	25.0	15825	47.00921	0.29378992	49.97415	43.62884	-48.743484	0.08745324	12779.284754276276
634	0.159234	0.0	0.159234	0.159234	25.0	15850	47.175636	0.32704672	52.101345	43.506786	-48.876175	0.10950158	12798.753450393677
635	0.09088609	0.0	0.09088609	0.09088609	25.0	15875	47.31145	0.3396322	50.207623	44.4666	-49.055252	0.11390261	12818.135723114014
636	0.5030533	0.0	0.5030533	0.5030533	25.0	15900	47.471634	0.36691365	54.91713	42.131123	-49.23596	0.14126252	12837.534314393997
637	0.38970727	0.0	0.38970727	0.38970727	25.0	15925	47.65211	0.32823268	50.665005	45.581615	-49.38063	0.11021697	12856.889881849289
638	0.52750367	0.0	0.52750367	0.52750367	25.0	15950	47.77629	0.357803	50.68389	43.679153	-49.536182	0.13406175	12876.228358745575
