Epoch	AverageEpRet	StdEpRet	MaxEpRet	MinEpRet	EpLen	TotalEnvInteracts	AverageQVals	StdQVals	MaxQVals	MinQVals	LossPi	LossQ	Time
1	2.6796508	0.0	2.6796508	2.6796508	25.0	25	0.080178015	0.25123906	0.8072656	-0.98519	-0.28049433	0.054859657	20.601553916931152
2	10.979699	0.0	10.979699	10.979699	25.0	50	0.29077604	0.2673645	1.2667818	-0.32788318	-2.4466138	0.034751426	39.77248811721802
3	4.8781185	0.0	4.8781185	4.8781185	25.0	75	0.36626506	0.28891835	1.3208759	-0.25172797	-6.4446545	0.009896292	58.91240882873535
4	5.8902	0.0	5.8902	5.8902	25.0	100	0.62873465	0.32953	2.0404224	-0.11235227	-8.019015	0.011689093	77.98804068565369
5	3.2704575	0.0	3.2704575	3.2704575	25.0	125	1.0077438	1.1745721	8.4168005	-0.7648691	-1.5945766	1.4387312	97.08979630470276
6	1.261608	0.0	1.261608	1.261608	25.0	150	1.2616104	0.3685392	3.180333	0.41951838	-1.4333702	0.054610547	116.19575929641724
7	0.505905	0.0	0.505905	0.505905	25.0	175	1.3652493	0.36881283	3.2903109	0.8467254	-1.4152725	0.024576794	135.2778549194336
8	0.31234407	0.0	0.31234407	0.31234407	25.0	200	1.3413309	0.3519864	3.182478	0.85810894	-1.6235662	0.014143637	154.36744594573975
9	0.19301198	0.0	0.19301198	0.19301198	25.0	225	1.2824959	0.3150938	2.79634	0.82674766	-1.4450579	0.017423315	173.49561405181885
10	1.5319871	0.0	1.5319871	1.5319871	25.0	250	1.2511971	0.26620492	2.6221068	0.88554066	-1.6087773	0.010882245	192.95595240592957
11	0.51407945	0.0	0.51407945	0.51407945	25.0	275	1.2910874	0.22347702	2.601041	0.93491834	-1.6002997	0.01531382	212.03201746940613
12	13.785055	0.0	13.785055	13.785055	25.0	300	1.4195317	0.25058421	2.7070706	1.105753	-1.9858643	0.022794858	230.98928141593933
13	2.808986	0.0	2.808986	2.808986	25.0	325	1.5374932	0.24709535	2.6724405	1.2042743	-1.8600378	0.032091662	250.0550355911255
14	1.172927	0.0	1.172927	1.172927	25.0	350	1.6436512	0.22152992	2.7983427	1.3015708	-2.0554829	0.024754005	269.2740340232849
15	9.370227	0.0	9.370227	9.370227	25.0	375	1.8299643	0.24478275	2.9807057	1.3960207	-2.5256739	0.031327333	288.2798104286194
16	1.8244593	0.0	1.8244593	1.8244593	25.0	400	2.0058692	0.24014917	3.1165242	1.556219	-2.5095825	0.04205704	307.407274723053
17	1.3446314	0.0	1.3446314	1.3446314	25.0	425	2.18297	0.24637645	3.4165423	1.8416969	-3.0645645	0.031163746	326.4884774684906
18	0.8417716	0.0	0.8417716	0.8417716	25.0	450	2.3853753	0.2852294	4.018602	1.9299437	-3.1791995	0.053547435	345.6364462375641
19	2.464976	0.0	2.464976	2.464976	25.0	475	2.542563	0.2534508	3.740954	2.0059009	-3.2760398	0.033637486	364.8683168888092
20	12.125388	0.0	12.125388	12.125388	25.0	500	2.7548645	0.28740075	4.2706666	2.1988637	-3.887803	0.03854429	384.2174401283264
21	2.1976237	0.0	2.1976237	2.1976237	25.0	525	2.997197	0.29226267	4.7231555	2.3998961	-3.4609275	0.05556899	403.3500838279724
22	1.3548049	0.0	1.3548049	1.3548049	25.0	550	3.224826	0.2678051	4.4171734	2.5103772	-3.4598117	0.027194073	422.386981010437
23	0.12334407	0.0	0.12334407	0.12334407	25.0	575	3.4799316	0.30693582	4.8812304	3.0218713	-3.8332887	0.024256466	441.51335310935974
24	1.2037803	0.0	1.2037803	1.2037803	25.0	600	3.6775403	0.32820475	5.1021237	3.225735	-4.2987	0.031445708	460.5690665245056
25	9.243087	0.0	9.243087	9.243087	25.0	625	3.8578942	0.3370832	5.290758	3.3541174	-4.8218584	0.035060525	479.67814469337463
26	0.40256143	0.0	0.40256143	0.40256143	25.0	650	3.9798641	0.34523126	5.59945	3.3323758	-4.244264	0.05709331	498.8244137763977
27	5.79708	0.0	5.79708	5.79708	25.0	675	4.023526	0.3126709	5.536091	3.496063	-4.3329363	0.042904302	517.8381588459015
28	2.004162	0.0	2.004162	2.004162	25.0	700	4.136969	0.3398696	5.751935	3.7039745	-4.5884557	0.03979779	536.8145227432251
29	3.9951367	0.0	3.9951367	3.9951367	25.0	725	4.3225055	0.34957343	5.967358	3.8490837	-4.711875	0.040942397	555.8459305763245
30	1.9466836	0.0	1.9466836	1.9466836	25.0	750	4.4806976	0.33870867	6.1120567	3.9618545	-4.769985	0.041014086	575.2709832191467
31	1.3585136	0.0	1.3585136	1.3585136	25.0	775	4.615516	0.33506078	6.337492	4.2038445	-4.851161	0.036735628	594.3715407848358
32	0.0978423	0.0	0.0978423	0.0978423	25.0	800	4.726872	0.33354872	6.5035434	4.2891135	-5.004188	0.03726237	613.4068245887756
33	15.901279	0.0	15.901279	15.901279	25.0	825	4.854699	0.3508234	6.5908923	4.3743896	-5.411226	0.047648504	632.3575162887573
34	3.7112856	0.0	3.7112856	3.7112856	25.0	850	4.9315796	0.32153684	6.567694	4.5302496	-5.4008965	0.040587477	651.6143925189972
35	1.0746741	0.0	1.0746741	1.0746741	25.0	875	5.0451827	0.39140505	6.6936955	3.7047458	-5.602703	0.03560725	670.7139768600464
36	3.1315222	0.0	3.1315222	3.1315222	25.0	900	5.082594	0.3729646	6.80345	3.4086933	-5.4157195	0.037895504	689.8259637355804
37	3.738662	0.0	3.738662	3.738662	25.0	925	5.134002	0.37398648	6.884138	4.45354	-5.636019	0.043532554	709.0243694782257
38	21.264685	0.0	21.264685	21.264685	25.0	950	5.210104	0.4106539	6.935589	4.3419957	-6.2669215	0.031322207	727.9671604633331
39	9.094734	0.0	9.094734	9.094734	25.0	975	5.271787	0.37362662	6.955945	4.7822876	-6.002289	0.043563236	747.1070744991302
40	22.37586	0.0	22.37586	22.37586	25.0	1000	5.3996325	0.40656295	7.1836185	4.933431	-6.408702	0.03144998	766.447491645813
41	9.249752	0.0	9.249752	9.249752	25.0	1025	5.577939	0.42006066	7.3216114	5.04623	-6.3027477	0.046883646	785.5922021865845
42	1.322524	0.0	1.322524	1.322524	25.0	1050	5.7022285	0.42663416	7.4236813	5.1169353	-6.0650263	0.037940677	804.8204350471497
43	0.61910754	0.0	0.61910754	0.61910754	25.0	1075	5.8438153	0.45211822	7.626814	5.2768607	-6.248394	0.039862603	824.0879354476929
44	1.7804132	0.0	1.7804132	1.7804132	25.0	1100	5.9411426	0.44648817	7.767299	5.2936153	-6.608318	0.041924134	843.3359293937683
45	0.17772022	0.0	0.17772022	0.17772022	25.0	1125	6.0538745	0.43337974	7.787304	5.2897005	-6.5700197	0.04096352	862.4556024074554
46	0.8397283	0.0	0.8397283	0.8397283	25.0	1150	6.199251	0.4510781	7.8220754	5.645777	-6.764816	0.038696587	881.6315522193909
47	0.28314084	0.0	0.28314084	0.28314084	25.0	1175	6.380992	0.44950396	8.041232	5.7537985	-6.9761295	0.03530461	900.7722072601318
48	1.9897044	0.0	1.9897044	1.9897044	25.0	1200	6.5736694	0.48582003	8.34881	5.90044	-7.2227015	0.04288925	920.2684490680695
49	0.0	0.0	0.0	0.0	25.0	1225	6.7202206	0.48919111	8.512124	6.069131	-7.1991625	0.043145217	939.453403711319
50	1.1873268	0.0	1.1873268	1.1873268	25.0	1250	6.8949623	0.5348827	8.77925	5.6327586	-7.4583693	0.04674664	959.0242807865143
51	0.89205223	0.0	0.89205223	0.89205223	25.0	1275	7.023479	0.5478831	9.026272	5.790821	-7.3763256	0.0447713	978.4896302223206
52	1.7452105	0.0	1.7452105	1.7452105	25.0	1300	7.1328707	0.5448315	8.9754305	6.184188	-7.419505	0.04860049	997.5728495121002
53	0.70231384	0.0	0.70231384	0.70231384	25.0	1325	7.203513	0.5060679	9.119884	6.520913	-7.9309497	0.04139093	1016.7943708896637
54	1.0256952	0.0	1.0256952	1.0256952	25.0	1350	7.357044	0.57098305	9.401655	6.4008336	-8.015347	0.04847405	1035.9304702281952
55	0.80121183	0.0	0.80121183	0.80121183	25.0	1375	7.4418993	0.547176	9.400074	6.5847545	-7.7753515	0.05210047	1055.0349249839783
56	0.56132364	0.0	0.56132364	0.56132364	25.0	1400	7.5336194	0.5966987	9.867587	5.516467	-7.9156556	0.049763743	1074.2345416545868
57	1.2001667	0.0	1.2001667	1.2001667	25.0	1425	7.6243076	0.5694812	9.826789	5.984926	-8.085163	0.0494405	1093.5202941894531
58	0.984696	0.0	0.984696	0.984696	25.0	1450	7.7165284	0.55860025	9.831359	5.770431	-8.051292	0.06047152	1112.7015719413757
59	0.66973823	0.0	0.66973823	0.66973823	25.0	1475	7.915032	0.58229566	10.179981	5.437954	-8.321947	0.060701545	1131.9450867176056
60	0.31229517	0.0	0.31229517	0.31229517	25.0	1500	8.020887	0.516995	10.1883745	6.773769	-8.614808	0.044872288	1151.4850430488586
61	0.35431278	0.0	0.35431278	0.35431278	25.0	1525	8.1119	0.562671	10.429952	6.655222	-8.534433	0.047943253	1170.7986407279968
62	1.0926394	0.0	1.0926394	1.0926394	25.0	1550	8.127493	0.5057968	10.374073	5.9983544	-8.491091	0.04552127	1190.0823168754578
63	2.0861547	0.0	2.0861547	2.0861547	25.0	1575	8.165362	0.5460897	10.315144	6.85135	-8.63452	0.052088104	1209.252189397812
64	2.010435	0.0	2.010435	2.010435	25.0	1600	8.223335	0.5533808	10.443197	6.822827	-8.59853	0.050333638	1228.5177564620972
65	1.6839052	0.0	1.6839052	1.6839052	25.0	1625	8.3987465	0.5398322	10.7242	6.6313066	-8.710012	0.04615237	1247.6433968544006
66	2.328773	0.0	2.328773	2.328773	25.0	1650	8.519148	0.54116684	10.721103	7.200705	-8.834818	0.039061073	1266.859478712082
67	0.20150168	0.0	0.20150168	0.20150168	25.0	1675	8.598978	0.56964606	10.726159	8.036262	-9.153743	0.0379025	1286.1064167022705
68	1.2670989	0.0	1.2670989	1.2670989	25.0	1700	8.680676	0.5563398	10.76341	7.9661837	-9.435826	0.043160997	1305.3630366325378
69	0.5407029	0.0	0.5407029	0.5407029	25.0	1725	8.728318	0.5339459	10.845405	8.078785	-9.467013	0.046578337	1324.5799193382263
70	0.22582492	0.0	0.22582492	0.22582492	25.0	1750	8.747445	0.49398753	10.791772	7.996233	-9.247119	0.038635112	1344.387538909912
71	0.50202656	0.0	0.50202656	0.50202656	25.0	1775	8.85303	0.4791	10.9504385	8.298609	-9.383764	0.039088804	1363.5913853645325
72	0.751334	0.0	0.751334	0.751334	25.0	1800	8.981967	0.50040036	11.009855	7.8513875	-9.567343	0.04375305	1382.8372521400452
73	0.22381154	0.0	0.22381154	0.22381154	25.0	1825	9.082222	0.47997662	11.17404	8.110588	-9.535746	0.040785193	1402.6018133163452
74	0.42346197	0.0	0.42346197	0.42346197	25.0	1850	9.186223	0.5116687	11.416336	7.3493366	-9.695557	0.04261528	1421.8010556697845
75	1.1434846	0.0	1.1434846	1.1434846	25.0	1875	9.278441	0.5354516	12.255601	7.815777	-9.6488085	0.048974	1441.0020525455475
76	0.8916019	0.0	0.8916019	0.8916019	25.0	1900	9.373006	0.4947789	11.496565	6.651427	-9.680774	0.04840107	1460.130136013031
77	0.2970788	0.0	0.2970788	0.2970788	25.0	1925	9.534582	0.50576645	11.610534	8.485662	-9.870064	0.038401574	1479.3330936431885
78	0.95796394	0.0	0.95796394	0.95796394	25.0	1950	9.630557	0.4694236	12.105914	8.473099	-10.030881	0.0390816	1498.5832152366638
79	0.10663962	0.0	0.10663962	0.10663962	25.0	1975	9.704458	0.47872004	11.835967	8.328852	-10.133963	0.038794518	1517.8225667476654
80	0.20207286	0.0	0.20207286	0.20207286	25.0	2000	9.788448	0.48627895	11.896469	7.659875	-10.247436	0.03946657	1537.5199809074402
81	0.8712793	0.0	0.8712793	0.8712793	25.0	2025	9.850576	0.48893774	12.282509	8.74844	-10.276476	0.051109333	1556.7237770557404
82	1.1945155	0.0	1.1945155	1.1945155	25.0	2050	9.881035	0.48363107	12.067509	7.6408434	-10.269789	0.053319942	1575.945209980011
83	0.43157881	0.0	0.43157881	0.43157881	25.0	2075	9.923877	0.5086912	16.775917	8.181162	-10.307068	0.09117928	1595.173859834671
84	0.5415639	0.0	0.5415639	0.5415639	25.0	2100	9.963901	0.48392254	12.118375	7.70218	-10.339312	0.05291387	1614.5516526699066
85	0.060822636	0.0	0.060822636	0.060822636	25.0	2125	10.028075	0.54099184	12.681101	1.7761618	-10.341596	0.089182384	1633.7858381271362
86	1.162851	0.0	1.162851	1.162851	25.0	2150	10.095604	0.49920675	12.212806	7.5669484	-10.5437	0.039936572	1652.9983842372894
87	0.5258174	0.0	0.5258174	0.5258174	25.0	2175	10.154878	0.4873674	12.209329	5.4293675	-10.599434	0.05060448	1672.2169997692108
88	1.2928225	0.0	1.2928225	1.2928225	25.0	2200	10.228203	0.47795147	12.322294	9.294251	-10.580789	0.040387277	1691.3880228996277
89	0.88235223	0.0	0.88235223	0.88235223	25.0	2225	10.250035	0.43995476	12.415749	8.421165	-10.584428	0.03569825	1710.59153342247
90	0.36400455	0.0	0.36400455	0.36400455	25.0	2250	10.342311	0.47124058	12.399829	9.627209	-10.756031	0.036547963	1730.1453619003296
91	0.45908228	0.0	0.45908228	0.45908228	25.0	2275	10.379531	0.43406323	12.437585	9.774353	-10.802712	0.0340917	1749.2180926799774
92	0.0	0.0	0.0	0.0	25.0	2300	10.464661	0.46459067	12.658606	9.941881	-10.809574	0.034355808	1768.355384349823
93	0.2779414	0.0	0.2779414	0.2779414	25.0	2325	10.47972	0.4348346	12.691774	9.772636	-10.887384	0.032366134	1787.5522224903107
94	1.2579118	0.0	1.2579118	1.2579118	25.0	2350	10.550292	0.46756926	12.813594	9.923457	-10.943673	0.030811958	1806.8591303825378
95	0.3076079	0.0	0.3076079	0.3076079	25.0	2375	10.55963	0.44363463	12.755721	9.996331	-10.928888	0.03477848	1826.138551235199
96	1.2610571	0.0	1.2610571	1.2610571	25.0	2400	10.626104	0.4630452	12.815018	10.120636	-10.99474	0.036070574	1845.4346435070038
97	0.42420202	0.0	0.42420202	0.42420202	25.0	2425	10.683601	0.44698486	12.937629	10.142385	-11.077404	0.032102194	1864.8229460716248
98	0.15106216	0.0	0.15106216	0.15106216	25.0	2450	10.72648	0.42616093	12.711121	10.308311	-11.114811	0.029349755	1884.087049484253
99	1.1694617	0.0	1.1694617	1.1694617	25.0	2475	10.780627	0.40990913	13.012205	10.347155	-11.276358	0.0278897	1903.3101727962494
100	0.5467943	0.0	0.5467943	0.5467943	25.0	2500	10.838587	0.42796275	12.941399	10.365306	-11.40631	0.027449267	1922.9559741020203
101	0.8446045	0.0	0.8446045	0.8446045	25.0	2525	10.874355	0.41441745	12.973277	10.348719	-11.391385	0.026722936	1942.1555964946747
102	0.94052416	0.0	0.94052416	0.94052416	25.0	2550	10.890471	0.3991044	13.134326	10.326466	-11.330323	0.030189585	1961.40722823143
103	0.26190403	0.0	0.26190403	0.26190403	25.0	2575	10.972808	0.44225746	13.310247	10.425166	-11.352717	0.048605677	1980.6295902729034
104	0.6729252	0.0	0.6729252	0.6729252	25.0	2600	11.015207	0.41666272	13.17175	10.44125	-11.429768	0.03458895	1999.860386133194
105	1.5026393	0.0	1.5026393	1.5026393	25.0	2625	11.142339	0.43627432	13.593899	9.816367	-11.589727	0.036065973	2019.0866384506226
106	0.7060345	0.0	0.7060345	0.7060345	25.0	2650	11.252402	0.4522066	13.525291	9.675799	-11.660392	0.039352916	2038.344475030899
107	1.077723	0.0	1.077723	1.077723	25.0	2675	11.317679	0.44811228	13.528225	10.644969	-11.756253	0.03369754	2057.5162415504456
108	0.6490781	0.0	0.6490781	0.6490781	25.0	2700	11.368211	0.4522637	13.790582	10.74824	-11.77233	0.031744596	2076.864221572876
109	1.1554309	0.0	1.1554309	1.1554309	25.0	2725	11.427801	0.4054972	13.75936	10.8142185	-11.840043	0.032042526	2096.0250158309937
110	0.3362435	0.0	0.3362435	0.3362435	25.0	2750	11.491044	0.39798427	13.788298	10.944017	-11.935938	0.028432772	2115.6441643238068
111	0.44505328	0.0	0.44505328	0.44505328	25.0	2775	11.555359	0.4290686	13.907525	9.946901	-11.960711	0.036733758	2134.736971616745
112	0.5875976	0.0	0.5875976	0.5875976	25.0	2800	11.596844	0.42899454	13.962026	10.271998	-11.98329	0.036324456	2153.8944895267487
113	0.67089427	0.0	0.67089427	0.67089427	25.0	2825	11.63168	0.4103203	13.893796	10.590606	-12.029047	0.03458554	2173.144106864929
114	0.1289902	0.0	0.1289902	0.1289902	25.0	2850	11.702686	0.4684467	14.070181	10.893875	-12.105683	0.035350163	2192.3802456855774
115	0.32663494	0.0	0.32663494	0.32663494	25.0	2875	11.6926	0.4179713	14.059815	9.592484	-12.081267	0.03832344	2211.651268720627
116	0.66398454	0.0	0.66398454	0.66398454	25.0	2900	11.755466	0.44456628	14.428269	8.929169	-12.126138	0.056105886	2230.8644218444824
117	0.32662073	0.0	0.32662073	0.32662073	25.0	2925	11.788487	0.41920304	14.290761	10.975469	-12.187115	0.04202156	2250.1254093647003
118	0.41046318	0.0	0.41046318	0.41046318	25.0	2950	11.815861	0.41657376	13.876991	10.840804	-12.217891	0.031126058	2269.371777534485
119	0.7420576	0.0	0.7420576	0.7420576	25.0	2975	11.885005	0.4584755	14.236965	9.621815	-12.265038	0.050923415	2288.6858174800873
120	1.9401352	0.0	1.9401352	1.9401352	25.0	3000	11.904297	0.39094877	14.262864	10.537948	-12.343122	0.041952796	2308.4495737552643
121	0.12947878	0.0	0.12947878	0.12947878	25.0	3025	11.959286	0.41902682	14.799899	9.730054	-12.414679	0.03495803	2327.6208469867706
122	0.562205	0.0	0.562205	0.562205	25.0	3050	11.97257	0.35063294	14.232079	10.820558	-12.4601555	0.03088303	2346.8515832424164
123	0.122355856	0.0	0.122355856	0.122355856	25.0	3075	12.022949	0.3789923	14.290574	9.23086	-12.467251	0.036143597	2365.978297472
124	0.48121074	0.0	0.48121074	0.48121074	25.0	3100	12.092112	0.4265674	15.15917	11.070013	-12.523487	0.04217853	2385.2231187820435
125	0.6227866	0.0	0.6227866	0.6227866	25.0	3125	12.136443	0.40577173	14.418011	10.59192	-12.586318	0.033368107	2404.4525096416473
126	0.7392898	0.0	0.7392898	0.7392898	25.0	3150	12.20989	0.43443418	14.748943	8.320436	-12.653317	0.04344444	2423.7038989067078
127	0.70956326	0.0	0.70956326	0.70956326	25.0	3175	12.24985	0.3812605	14.588841	11.208419	-12.700797	0.029358266	2443.0328826904297
128	0.19165096	0.0	0.19165096	0.19165096	25.0	3200	12.336948	0.4371813	14.567905	11.007421	-12.799572	0.036606792	2462.294867515564
129	0.4065506	0.0	0.4065506	0.4065506	25.0	3225	12.347477	0.35353354	14.567755	11.035451	-12.846095	0.031613063	2481.5442278385162
130	0.5175245	0.0	0.5175245	0.5175245	25.0	3250	12.426897	0.42697346	15.006575	9.507663	-12.891199	0.041777298	2501.237807750702
131	0.4632488	0.0	0.4632488	0.4632488	25.0	3275	12.480294	0.38553223	14.602126	11.475499	-12.933411	0.038543917	2523.4416971206665
132	1.515176	0.0	1.515176	1.515176	25.0	3300	12.515686	0.35623214	14.9900255	11.7994995	-13.036477	0.035497542	2542.558007478714
133	0.03564302	0.0	0.03564302	0.03564302	25.0	3325	12.580816	0.3843318	14.937389	11.425328	-13.0849085	0.034382183	2561.6790611743927
134	1.6153655	0.0	1.6153655	1.6153655	25.0	3350	12.638506	0.38303375	14.845907	11.315869	-13.103829	0.03346871	2580.8157806396484
135	2.263482	0.0	2.263482	2.263482	25.0	3375	12.679366	0.3874809	15.141042	11.88913	-13.19809	0.030990075	2600.104648590088
136	0.0	0.0	0.0	0.0	25.0	3400	12.733023	0.37104374	14.929546	12.083353	-13.213317	0.03165971	2619.314717531204
137	0.28701648	0.0	0.28701648	0.28701648	25.0	3425	12.811124	0.3847311	15.087388	11.897722	-13.275431	0.02909835	2638.567362546921
138	2.6116023	0.0	2.6116023	2.6116023	25.0	3450	12.855809	0.35932952	15.184614	12.239959	-13.334604	0.031009864	2657.772239923477
139	2.0538428	0.0	2.0538428	2.0538428	25.0	3475	12.905826	0.34917885	15.336394	11.96862	-13.3708	0.029998431	2676.9204313755035
140	0.0	0.0	0.0	0.0	25.0	3500	12.953657	0.3821124	15.410908	11.674823	-13.419404	0.03630908	2696.908602952957
141	0.2177972	0.0	0.2177972	0.2177972	25.0	3525	13.022828	0.38896343	15.361637	12.289445	-13.488628	0.033506177	2716.077699661255
142	0.18169385	0.0	0.18169385	0.18169385	25.0	3550	13.071951	0.38998145	15.353516	11.614436	-13.527278	0.03851284	2735.2174944877625
143	0.36484626	0.0	0.36484626	0.36484626	25.0	3575	13.108167	0.38154244	15.438316	12.310892	-13.592127	0.035308406	2754.6523008346558
144	1.5215089	0.0	1.5215089	1.5215089	25.0	3600	13.162427	0.3640138	15.690543	11.792787	-13.640429	0.034869805	2773.9506487846375
145	1.2547554	0.0	1.2547554	1.2547554	25.0	3625	13.196658	0.34145716	15.719642	12.334214	-13.68764	0.032567307	2793.2487246990204
146	0.81810904	0.0	0.81810904	0.81810904	25.0	3650	13.261196	0.36863992	15.835557	12.1986	-13.744036	0.03707499	2812.527919769287
147	0.5722725	0.0	0.5722725	0.5722725	25.0	3675	13.313125	0.35718364	15.623619	12.581231	-13.786627	0.035378046	2831.868311882019
148	0.39854556	0.0	0.39854556	0.39854556	25.0	3700	13.348562	0.34294873	15.596893	12.211226	-13.848916	0.03346394	2851.1024355888367
149	0.8190139	0.0	0.8190139	0.8190139	25.0	3725	13.423068	0.39706856	15.800017	10.534256	-13.914223	0.04758644	2870.3753745555878
150	1.0291497	0.0	1.0291497	1.0291497	25.0	3750	13.480111	0.3765322	16.516075	12.231314	-13.95207	0.04279308	2890.1231157779694
151	0.37414458	0.0	0.37414458	0.37414458	25.0	3775	13.536726	0.4200013	16.377785	11.503998	-14.024402	0.048044294	2909.4001915454865
152	0.65147233	0.0	0.65147233	0.65147233	25.0	3800	13.566825	0.36601225	16.055193	11.268557	-14.080135	0.047346305	2928.716645002365
153	0.08550374	0.0	0.08550374	0.08550374	25.0	3825	13.614144	0.33264983	15.76457	12.799169	-14.137202	0.035048187	2947.8608062267303
154	1.0985048	0.0	1.0985048	1.0985048	25.0	3850	13.675501	0.3583642	16.097641	11.289337	-14.183453	0.051837802	2967.000655412674
155	0.87714934	0.0	0.87714934	0.87714934	25.0	3875	13.751584	0.38669986	16.095463	11.328244	-14.243278	0.0380587	2986.2348687648773
156	0.2987885	0.0	0.2987885	0.2987885	25.0	3900	13.786466	0.35007057	16.108742	12.41809	-14.295524	0.03728708	3005.4527390003204
157	1.1509733	0.0	1.1509733	1.1509733	25.0	3925	13.834254	0.3529264	16.112768	10.263836	-14.340165	0.045114074	3024.5770196914673
158	0.77474433	0.0	0.77474433	0.77474433	25.0	3950	13.899284	0.36346567	16.318974	12.207167	-14.409423	0.036506116	3043.7356231212616
159	0.6664409	0.0	0.6664409	0.6664409	25.0	3975	13.95514	0.35097528	16.203192	12.73175	-14.470838	0.03357952	3062.94611287117
160	0.28844398	0.0	0.28844398	0.28844398	25.0	4000	14.019696	0.375611	16.20513	12.162309	-14.510794	0.03421298	3082.672613620758
161	0.7721819	0.0	0.7721819	0.7721819	25.0	4025	14.053287	0.34681788	16.345879	12.756034	-14.575133	0.034779496	3101.8600358963013
162	0.30955026	0.0	0.30955026	0.30955026	25.0	4050	14.104139	0.31766808	16.557283	12.826557	-14.612631	0.037038848	3121.1443486213684
163	0.26236117	0.0	0.26236117	0.26236117	25.0	4075	14.178647	0.37078646	16.661263	12.982328	-14.701565	0.031461574	3140.371904373169
164	0.6416312	0.0	0.6416312	0.6416312	25.0	4100	14.2316065	0.36833513	16.378355	12.221141	-14.737165	0.04223418	3159.670458316803
165	0.9728621	0.0	0.9728621	0.9728621	25.0	4125	14.268677	0.3292089	16.445684	13.171092	-14.798064	0.03543916	3178.960957765579
166	0.95637786	0.0	0.95637786	0.95637786	25.0	4150	14.333299	0.35025355	16.356537	12.834857	-14.841121	0.034440454	3198.2101380825043
167	0.17328995	0.0	0.17328995	0.17328995	25.0	4175	14.396432	0.35191447	16.700052	13.446479	-14.925603	0.03345319	3217.366069316864
168	0.79565185	0.0	0.79565185	0.79565185	25.0	4200	14.437976	0.35310906	16.72811	12.637053	-14.966967	0.034756444	3236.4438741207123
169	0.38601547	0.0	0.38601547	0.38601547	25.0	4225	14.501042	0.35890064	16.87146	13.988704	-15.015433	0.0257316	3255.5883762836456
170	0.98692816	0.0	0.98692816	0.98692816	25.0	4250	14.534065	0.30582634	17.731314	13.691418	-15.071759	0.03459156	3275.246507883072
171	0.40078434	0.0	0.40078434	0.40078434	25.0	4275	14.58493	0.3180827	16.910978	13.50212	-15.118314	0.031056436	3294.414664745331
172	0.9051509	0.0	0.9051509	0.9051509	25.0	4300	14.65423	0.3510157	16.988123	13.934355	-15.1805	0.033208948	3313.5396280288696
173	0.0	0.0	0.0	0.0	25.0	4325	14.7073965	0.33181077	17.090767	13.725407	-15.237247	0.03990184	3332.752121925354
174	0.7206248	0.0	0.7206248	0.7206248	25.0	4350	14.754651	0.30185932	16.737564	13.516958	-15.306629	0.03151804	3352.0031564235687
175	1.0681773	0.0	1.0681773	1.0681773	25.0	4375	14.831038	0.3354011	17.196476	13.482874	-15.357915	0.039946068	3371.169784784317
176	1.104226	0.0	1.104226	1.104226	25.0	4400	14.881793	0.35258847	17.584127	12.769584	-15.422476	0.03933893	3390.3969061374664
177	0.34245646	0.0	0.34245646	0.34245646	25.0	4425	14.93136	0.33029768	17.06001	13.584441	-15.483722	0.03621002	3409.5839807987213
178	0.78188556	0.0	0.78188556	0.78188556	25.0	4450	14.979129	0.2915941	17.159172	12.795815	-15.539102	0.03755044	3428.636283636093
179	1.8323903	0.0	1.8323903	1.8323903	25.0	4475	15.0483	0.3288782	17.294533	13.926852	-15.603685	0.03791349	3447.7204117774963
180	0.8089331	0.0	0.8089331	0.8089331	25.0	4500	15.108938	0.32690457	17.127703	12.460319	-15.666326	0.029105086	3467.3675355911255
181	0.43392962	0.0	0.43392962	0.43392962	25.0	4525	15.157453	0.31195042	17.357185	13.395326	-15.709667	0.03565034	3486.5614783763885
182	0.0	0.0	0.0	0.0	25.0	4550	15.233743	0.35345468	17.56341	14.252491	-15.794293	0.035990093	3505.6433801651
183	0.5519328	0.0	0.5519328	0.5519328	25.0	4575	15.278628	0.32674307	17.365725	13.956246	-15.840468	0.03561882	3524.7756204605103
184	0.23974246	0.0	0.23974246	0.23974246	25.0	4600	15.317338	0.2759647	17.32544	14.273075	-15.897558	0.034150198	3543.912672996521
185	0.6039176	0.0	0.6039176	0.6039176	25.0	4625	15.390983	0.32685226	17.488312	14.238838	-15.948926	0.029376637	3562.970995903015
186	0.2567482	0.0	0.2567482	0.2567482	25.0	4650	15.442482	0.306145	17.46516	14.207041	-16.019234	0.03268107	3582.0902729034424
187	0.41047928	0.0	0.41047928	0.41047928	25.0	4675	15.488342	0.2954916	17.779507	14.113597	-16.05202	0.0366979	3601.234077692032
188	0.06403004	0.0	0.06403004	0.06403004	25.0	4700	15.555166	0.32550937	17.797745	14.171103	-16.11079	0.029630134	3620.4281339645386
189	0.5803502	0.0	0.5803502	0.5803502	25.0	4725	15.611529	0.34451818	18.569284	14.033239	-16.171755	0.036632493	3639.627878189087
190	1.5505774	0.0	1.5505774	1.5505774	25.0	4750	15.659324	0.28260946	17.687353	14.502388	-16.23871	0.040878095	3659.344719171524
191	0.8338705	0.0	0.8338705	0.8338705	25.0	4775	15.731331	0.3278974	18.035742	14.389208	-16.301994	0.032672286	3678.5034296512604
192	0.7898254	0.0	0.7898254	0.7898254	25.0	4800	15.784552	0.30562449	17.870945	14.818537	-16.36753	0.03462584	3697.735978126526
193	0.9345692	0.0	0.9345692	0.9345692	25.0	4825	15.834765	0.3141846	17.950958	14.733291	-16.42364	0.03220489	3716.9730291366577
194	0.3380528	0.0	0.3380528	0.3380528	25.0	4850	15.913253	0.3360892	18.663801	14.306849	-16.50514	0.04004457	3736.363759994507
195	1.2016221	0.0	1.2016221	1.2016221	25.0	4875	15.971545	0.33012632	17.969067	14.458231	-16.570219	0.04763496	3755.41952753067
196	0.3766147	0.0	0.3766147	0.3766147	25.0	4900	16.029243	0.33939576	18.070574	14.224935	-16.621155	0.042416673	3774.7049338817596
197	0.5004377	0.0	0.5004377	0.5004377	25.0	4925	16.08878	0.31560177	18.14883	15.135096	-16.682209	0.033147406	3794.050838470459
198	0.9023502	0.0	0.9023502	0.9023502	25.0	4950	16.13311	0.29477558	18.244282	14.944815	-16.732729	0.03525737	3813.1919298171997
199	0.63872933	0.0	0.63872933	0.63872933	25.0	4975	16.212845	0.3518903	19.05126	14.003922	-16.794441	0.06037269	3832.348418235779
200	0.9501617	0.0	0.9501617	0.9501617	25.0	5000	16.261158	0.33831564	21.117367	15.018915	-16.863455	0.056732073	3852.2214419841766
201	0.0819533	0.0	0.0819533	0.0819533	25.0	5025	16.336845	0.33788243	18.618948	14.767135	-16.94449	0.04298397	3871.39187335968
202	0.3367643	0.0	0.3367643	0.3367643	25.0	5050	16.379168	0.32722917	18.576433	14.300366	-16.99892	0.04114987	3890.528292655945
203	1.7867424	0.0	1.7867424	1.7867424	25.0	5075	16.443651	0.32862824	19.612633	12.519383	-17.051874	0.058431204	3909.839776277542
204	0.41773272	0.0	0.41773272	0.41773272	25.0	5100	16.502552	0.35243753	18.918694	13.075453	-17.116423	0.06664349	3929.0032267570496
205	1.4702716	0.0	1.4702716	1.4702716	25.0	5125	16.564419	0.30250576	18.785727	14.1558895	-17.175407	0.03755144	3948.213166475296
206	0.21879883	0.0	0.21879883	0.21879883	25.0	5150	16.635048	0.3199542	21.066845	15.659159	-17.259815	0.050168514	3967.439698934555
207	0.26664594	0.0	0.26664594	0.26664594	25.0	5175	16.694181	0.29473403	18.894386	14.965542	-17.311665	0.037699655	3986.64373588562
208	0.14544244	0.0	0.14544244	0.14544244	25.0	5200	16.755278	0.31879473	19.164024	14.489712	-17.368456	0.047382034	4005.828791618347
209	0.40823346	0.0	0.40823346	0.40823346	25.0	5225	16.821346	0.30954444	18.848307	15.36178	-17.429707	0.03810818	4025.030817747116
210	0.4331815	0.0	0.4331815	0.4331815	25.0	5250	16.896893	0.33624688	18.926182	14.479132	-17.504026	0.04779943	4044.761461019516
211	0.42369145	0.0	0.42369145	0.42369145	25.0	5275	16.956148	0.35286736	19.107557	14.133784	-17.57867	0.04954727	4063.8941934108734
212	0.8623336	0.0	0.8623336	0.8623336	25.0	5300	17.012457	0.32170668	18.986774	15.899336	-17.640339	0.038318116	4083.073495388031
213	0.0	0.0	0.0	0.0	25.0	5325	17.071545	0.2877456	18.94448	15.947221	-17.699535	0.0321482	4102.222138404846
214	1.424797	0.0	1.424797	1.424797	25.0	5350	17.143166	0.32819492	19.41378	16.02247	-17.779427	0.03756063	4121.311124563217
215	1.2347553	0.0	1.2347553	1.2347553	25.0	5375	17.210234	0.32858303	20.475971	14.244994	-17.84088	0.045702208	4140.417221784592
216	0.67275697	0.0	0.67275697	0.67275697	25.0	5400	17.257135	0.32855102	19.983568	14.932757	-17.897753	0.053240493	4159.639248847961
217	0.97123677	0.0	0.97123677	0.97123677	25.0	5425	17.32555	0.29675964	19.236835	15.27868	-17.96596	0.03274377	4178.756443738937
218	0.5489404	0.0	0.5489404	0.5489404	25.0	5450	17.381609	0.28107002	20.381577	15.527949	-18.0304	0.040160637	4197.894102573395
219	0.9517689	0.0	0.9517689	0.9517689	25.0	5475	17.46073	0.3116919	19.407085	15.448003	-18.09939	0.03955935	4216.967556715012
220	0.36739993	0.0	0.36739993	0.36739993	25.0	5500	17.513361	0.29926535	19.582235	15.85378	-18.162687	0.03551083	4236.702011823654
221	0.32209447	0.0	0.32209447	0.32209447	25.0	5525	17.584538	0.3132857	19.861856	16.175833	-18.231749	0.036004175	4255.858294725418
222	0.30066484	0.0	0.30066484	0.30066484	25.0	5550	17.645369	0.30224636	19.697721	16.39049	-18.297365	0.036846142	4275.074637413025
223	0.2901034	0.0	0.2901034	0.2901034	25.0	5575	17.707228	0.29979908	19.714754	15.159957	-18.370176	0.0375998	4294.19700050354
224	0.06339936	0.0	0.06339936	0.06339936	25.0	5600	17.797235	0.33377445	19.719336	17.120213	-18.447056	0.030867869	4313.346121311188
225	0.6266961	0.0	0.6266961	0.6266961	25.0	5625	17.851755	0.3107565	19.783375	16.656155	-18.510992	0.031347096	4332.541059970856
226	0.7526394	0.0	0.7526394	0.7526394	25.0	5650	17.91775	0.307821	19.949903	16.922411	-18.57607	0.033660818	4351.65580701828
227	0.33134243	0.0	0.33134243	0.33134243	25.0	5675	17.973522	0.28084764	19.97459	16.532507	-18.653957	0.034643542	4370.755106925964
228	0.3999713	0.0	0.3999713	0.3999713	25.0	5700	18.048862	0.30773714	20.086472	16.215088	-18.712065	0.029396374	4389.857474327087
229	1.2615067	0.0	1.2615067	1.2615067	25.0	5725	18.11655	0.30122998	20.216625	16.992998	-18.793983	0.036832113	4409.017117261887
230	0.43695346	0.0	0.43695346	0.43695346	25.0	5750	18.166273	0.2952837	20.233902	15.832786	-18.843191	0.03369657	4428.707425117493
231	1.6697584	0.0	1.6697584	1.6697584	25.0	5775	18.245214	0.28591615	20.190975	17.427355	-18.928028	0.031395465	4447.755308628082
232	1.259789	0.0	1.259789	1.259789	25.0	5800	18.31431	0.29969752	20.25396	17.554941	-18.98534	0.030629866	4466.807666063309
233	0.43448916	0.0	0.43448916	0.43448916	25.0	5825	18.378653	0.29586673	21.814255	16.799446	-19.069586	0.04428179	4485.9583966732025
234	0.046506684	0.0	0.046506684	0.046506684	25.0	5850	18.444098	0.28228128	20.420881	16.43356	-19.125256	0.037345372	4505.216384887695
235	0.9020039	0.0	0.9020039	0.9020039	25.0	5875	18.50478	0.3064097	20.455559	14.615706	-19.200811	0.043245554	4524.437010765076
236	0.49936166	0.0	0.49936166	0.49936166	25.0	5900	18.580355	0.29090202	20.598734	17.333677	-19.268257	0.03187789	4543.638774633408
237	0.8434629	0.0	0.8434629	0.8434629	25.0	5925	18.642778	0.2898515	20.656864	16.551695	-19.342108	0.041663073	4562.75363278389
238	1.0624297	0.0	1.0624297	1.0624297	25.0	5950	18.711807	0.32610816	22.059155	15.837871	-19.406635	0.053365182	4581.852531671524
239	0.40347305	0.0	0.40347305	0.40347305	25.0	5975	18.783295	0.29967028	20.742197	16.139854	-19.481373	0.039506655	4601.056053876877
240	0.5088665	0.0	0.5088665	0.5088665	25.0	6000	18.853743	0.32226306	21.611486	17.434374	-19.551645	0.049427725	4620.867583274841
241	0.3211481	0.0	0.3211481	0.3211481	25.0	6025	18.924873	0.30848333	21.129948	17.29809	-19.627806	0.03620087	4639.969442367554
242	1.3916378	0.0	1.3916378	1.3916378	25.0	6050	18.980791	0.35005918	21.063894	9.753786	-19.697943	0.09015157	4659.070652723312
243	0.63307756	0.0	0.63307756	0.63307756	25.0	6075	19.04519	0.3315611	24.244856	17.874285	-19.762873	0.073280975	4678.291468858719
244	1.163518	0.0	1.163518	1.163518	25.0	6100	19.134747	0.3140277	23.223248	17.670961	-19.856977	0.054896377	4697.410542726517
245	0.90845627	0.0	0.90845627	0.90845627	25.0	6125	19.194546	0.2931354	21.077408	16.538864	-19.920965	0.039930835	4716.534291982651
246	0.4582659	0.0	0.4582659	0.4582659	25.0	6150	19.2716	0.29252806	21.465609	17.98671	-19.993563	0.035494555	4735.722078561783
247	0.90282875	0.0	0.90282875	0.90282875	25.0	6175	19.335358	0.29305288	22.127645	16.971775	-20.06946	0.05388837	4754.900769472122
248	0.58883744	0.0	0.58883744	0.58883744	25.0	6200	19.40657	0.33765572	23.368824	14.838402	-20.133772	0.061109647	4773.943919658661
249	0.62705934	0.0	0.62705934	0.62705934	25.0	6225	19.472603	0.27360556	21.535948	17.332222	-20.209612	0.040642153	4793.066269159317
250	0.19540952	0.0	0.19540952	0.19540952	25.0	6250	19.567177	0.33787224	23.81491	18.027794	-20.303455	0.055697538	4812.94139623642
251	0.5764251	0.0	0.5764251	0.5764251	25.0	6275	19.632683	0.2931623	22.997435	17.955402	-20.355844	0.04850895	4832.201338291168
252	0.8868717	0.0	0.8868717	0.8868717	25.0	6300	19.699814	0.30815876	21.728325	15.604814	-20.438532	0.043668948	4851.399201154709
253	1.697893	0.0	1.697893	1.697893	25.0	6325	19.773918	0.3225125	24.474043	16.670067	-20.519773	0.056530986	4870.62259221077
254	1.3683519	0.0	1.3683519	1.3683519	25.0	6350	19.854177	0.32260054	22.017744	18.443548	-20.598255	0.050789442	4889.827322244644
255	0.0	0.0	0.0	0.0	25.0	6375	19.91287	0.31090453	23.731493	18.514252	-20.655972	0.048762776	4908.985191106796
256	0.93028986	0.0	0.93028986	0.93028986	25.0	6400	19.989117	0.28722158	22.066164	17.698729	-20.735786	0.047147308	4928.1687071323395
257	0.5475107	0.0	0.5475107	0.5475107	25.0	6425	20.072693	0.30264077	23.274578	19.460276	-20.824326	0.037602767	4947.267455339432
258	1.2318271	0.0	1.2318271	1.2318271	25.0	6450	20.14412	0.30494252	22.641413	18.364454	-20.902464	0.038767885	4966.381168842316
259	0.28232914	0.0	0.28232914	0.28232914	25.0	6475	20.220928	0.30377048	22.823233	17.476463	-20.9687	0.04020413	4985.551856994629
260	0.2577111	0.0	0.2577111	0.2577111	25.0	6500	20.276339	0.25152862	22.127043	19.207394	-21.053522	0.030929899	5005.349901199341
261	0.15371902	0.0	0.15371902	0.15371902	25.0	6525	20.359812	0.27319077	22.43117	19.077633	-21.124104	0.038134016	5024.544712543488
262	1.8608465	0.0	1.8608465	1.8608465	25.0	6550	20.437944	0.28239748	23.837894	19.354176	-21.199017	0.046281938	5043.756066799164
263	0.0	0.0	0.0	0.0	25.0	6575	20.521212	0.29192576	22.625193	19.928406	-21.283272	0.03934565	5062.910868167877
264	0.81167144	0.0	0.81167144	0.81167144	25.0	6600	20.580547	0.26866028	23.3291	18.907476	-21.354187	0.04176995	5082.06941151619
265	0.1887029	0.0	0.1887029	0.1887029	25.0	6625	20.66251	0.310473	22.64292	17.494522	-21.42873	0.054019157	5101.259359121323
266	0.36692426	0.0	0.36692426	0.36692426	25.0	6650	20.747541	0.30382973	22.737984	19.744267	-21.522583	0.040653944	5120.440759181976
267	0.80164003	0.0	0.80164003	0.80164003	25.0	6675	20.813543	0.28065947	23.206306	19.656162	-21.5888	0.03603618	5139.583120584488
268	0.95228183	0.0	0.95228183	0.95228183	25.0	6700	20.90245	0.30022883	23.281681	19.6	-21.688957	0.044647045	5158.7366065979
269	0.4905726	0.0	0.4905726	0.4905726	25.0	6725	20.984182	0.31076762	23.270063	19.961208	-21.760445	0.038023185	5177.920662879944
270	0.629819	0.0	0.629819	0.629819	25.0	6750	21.049856	0.29264557	23.14681	18.664335	-21.835573	0.043544468	5197.772395372391
271	1.2055141	0.0	1.2055141	1.2055141	25.0	6775	21.113876	0.28066346	23.00036	20.22565	-21.913477	0.040570684	5216.904064178467
272	0.8053169	0.0	0.8053169	0.8053169	25.0	6800	21.204233	0.30097294	23.508987	19.823286	-22.003721	0.046220046	5236.090012788773
273	1.0380771	0.0	1.0380771	1.0380771	25.0	6825	21.271357	0.28346118	23.680183	19.543154	-22.062416	0.050076455	5255.2490112781525
274	0.69807583	0.0	0.69807583	0.69807583	25.0	6850	21.358458	0.2999951	23.582405	20.174994	-22.174019	0.04942625	5274.43063044548
275	0.14955232	0.0	0.14955232	0.14955232	25.0	6875	21.43145	0.3002918	23.80883	19.526987	-22.244097	0.04733082	5293.540948629379
276	0.1536636	0.0	0.1536636	0.1536636	25.0	6900	21.518764	0.29340366	23.466362	19.544918	-22.32127	0.041558243	5312.705684661865
277	1.6402786	0.0	1.6402786	1.6402786	25.0	6925	21.58667	0.2901494	23.565853	20.885632	-22.394838	0.033744253	5331.843482732773
278	0.29282674	0.0	0.29282674	0.29282674	25.0	6950	21.6771	0.2953619	23.879995	20.68946	-22.496355	0.042726606	5350.9869866371155
279	0.71480113	0.0	0.71480113	0.71480113	25.0	6975	21.750751	0.30195975	23.914272	20.654026	-22.56462	0.036368888	5370.189881563187
280	0.058345154	0.0	0.058345154	0.058345154	25.0	7000	21.832253	0.29560167	23.798185	19.585001	-22.645954	0.044327687	5390.06684756279
281	0.041391317	0.0	0.041391317	0.041391317	25.0	7025	21.917036	0.3112076	24.035769	20.664133	-22.74088	0.041149646	5409.272063970566
282	0.2834569	0.0	0.2834569	0.2834569	25.0	7050	22.00021	0.35473582	24.545593	20.450739	-22.816818	0.06307194	5428.426558494568
283	1.0930238	0.0	1.0930238	1.0930238	25.0	7075	22.072676	0.32642058	24.308432	19.910946	-22.904314	0.051091112	5447.557291507721
284	0.3788433	0.0	0.3788433	0.3788433	25.0	7100	22.148926	0.29593462	24.820799	21.05279	-22.990887	0.052671667	5466.773168563843
285	0.022955677	0.0	0.022955677	0.022955677	25.0	7125	22.230707	0.29447347	24.504333	21.123274	-23.071003	0.039156925	5485.861941814423
286	1.1555978	0.0	1.1555978	1.1555978	25.0	7150	22.306625	0.25525168	24.44546	20.042818	-23.155857	0.042546738	5504.9991545677185
287	0.0634878	0.0	0.0634878	0.0634878	25.0	7175	22.403294	0.29844138	24.44126	20.880703	-23.229553	0.036219936	5524.187487125397
288	0.87218815	0.0	0.87218815	0.87218815	25.0	7200	22.469978	0.30899462	25.123379	17.645739	-23.324926	0.05301433	5543.369332551956
289	0.084091626	0.0	0.084091626	0.084091626	25.0	7225	22.548988	0.27082774	24.519024	20.87248	-23.406425	0.041564427	5562.517457723618
290	0.5585943	0.0	0.5585943	0.5585943	25.0	7250	22.640087	0.29655662	25.353472	21.296997	-23.506641	0.047466997	5582.359399557114
291	0.83393914	0.0	0.83393914	0.83393914	25.0	7275	22.719595	0.28448167	25.276657	20.739178	-23.588684	0.051828876	5601.554992198944
292	1.8254347	0.0	1.8254347	1.8254347	25.0	7300	22.79569	0.2891352	27.095829	20.903791	-23.660744	0.060314525	5620.7128393650055
293	0.22669937	0.0	0.22669937	0.22669937	25.0	7325	22.902649	0.3263452	25.536217	20.709347	-23.74468	0.06010309	5640.007133960724
294	0.17097703	0.0	0.17097703	0.17097703	25.0	7350	22.9665	0.2884128	26.064833	21.795443	-23.844385	0.044971716	5659.262418270111
295	0.45029584	0.0	0.45029584	0.45029584	25.0	7375	23.060415	0.29172593	25.19017	20.307848	-23.932762	0.04180288	5678.433153152466
296	0.0	0.0	0.0	0.0	25.0	7400	23.141006	0.3452648	25.307718	20.485254	-24.026089	0.0685265	5697.650032997131
297	0.63721037	0.0	0.63721037	0.63721037	25.0	7425	23.23321	0.34118146	25.62604	20.653318	-24.15074	0.066201046	5716.905819177628
298	0.0	0.0	0.0	0.0	25.0	7450	23.321714	0.33904952	26.844254	21.859812	-24.243525	0.048706036	5736.068095445633
299	0.41845626	0.0	0.41845626	0.41845626	25.0	7475	23.396774	0.32357666	25.672249	19.868742	-24.334734	0.06384181	5755.244974851608
300	0.3286063	0.0	0.3286063	0.3286063	25.0	7500	23.495478	0.29333597	26.364407	22.542774	-24.44233	0.056307793	5776.1058847904205
301	0.80496657	0.0	0.80496657	0.80496657	25.0	7525	23.608976	0.35255173	26.095568	18.93921	-24.54957	0.069742896	5795.302897930145
302	1.0496296	0.0	1.0496296	1.0496296	25.0	7550	23.709867	0.30800366	26.096272	20.675003	-24.650112	0.044552073	5814.502310991287
303	1.5761901	0.0	1.5761901	1.5761901	25.0	7575	23.791424	0.2968559	26.209717	20.952742	-24.72554	0.052049685	5833.797876596451
304	1.4484764	0.0	1.4484764	1.4484764	25.0	7600	23.895105	0.3402103	27.265944	21.300367	-24.821114	0.07519278	5852.923497676849
305	0.7591563	0.0	0.7591563	0.7591563	25.0	7625	23.981739	0.32310608	26.395369	21.23174	-24.913027	0.052433953	5872.095113992691
306	0.51699525	0.0	0.51699525	0.51699525	25.0	7650	24.06886	0.3116041	26.399658	21.494614	-24.994331	0.044433832	5892.427040100098
307	0.1831334	0.0	0.1831334	0.1831334	25.0	7675	24.15667	0.27997786	26.414536	22.182508	-25.100971	0.04115685	5911.593122005463
308	0.2910986	0.0	0.2910986	0.2910986	25.0	7700	24.229622	0.33104107	29.641222	19.68348	-25.186367	0.08858072	5930.844670057297
309	0.9540613	0.0	0.9540613	0.9540613	25.0	7725	24.344355	0.34410757	28.115631	22.365686	-25.289953	0.067930624	5950.485514163971
310	0.19178453	0.0	0.19178453	0.19178453	25.0	7750	24.406284	0.28158504	26.817791	22.647707	-25.374966	0.042396046	5970.434584140778
311	0.5820842	0.0	0.5820842	0.5820842	25.0	7775	24.529263	0.28207657	26.791931	23.139889	-25.47419	0.040745903	5989.696751832962
312	0.8958005	0.0	0.8958005	0.8958005	25.0	7800	24.640066	0.32132652	27.023226	22.576307	-25.61302	0.054333996	6008.959062099457
313	0.61422503	0.0	0.61422503	0.61422503	25.0	7825	24.725414	0.35915506	29.243862	20.144339	-25.689043	0.08098078	6028.24004483223
314	0.20286903	0.0	0.20286903	0.20286903	25.0	7850	24.817127	0.3146634	27.459795	22.261675	-25.779953	0.07365172	6047.492357492447
315	0.39252046	0.0	0.39252046	0.39252046	25.0	7875	24.91488	0.33068222	29.906755	22.428144	-25.882715	0.06341985	6067.008573770523
316	0.27630317	0.0	0.27630317	0.27630317	25.0	7900	25.003746	0.32049987	27.492107	21.227129	-25.956802	0.058843747	6086.347665071487
317	0.2436704	0.0	0.2436704	0.2436704	25.0	7925	25.093018	0.31489867	27.41283	21.21211	-26.043179	0.06437292	6105.65443444252
318	0.79096425	0.0	0.79096425	0.79096425	25.0	7950	25.191936	0.30757776	27.771553	23.565096	-26.142492	0.057541605	6124.887954235077
319	1.0936148	0.0	1.0936148	1.0936148	25.0	7975	25.283161	0.37505564	28.90771	23.523811	-26.261753	0.08165735	6144.005834102631
320	0.768706	0.0	0.768706	0.768706	25.0	8000	25.361197	0.29974723	29.128088	21.902441	-26.312895	0.060844827	6164.01035284996
321	0.19579831	0.0	0.19579831	0.19579831	25.0	8025	25.45222	0.31324336	29.524443	22.903585	-26.375715	0.062053576	6183.479199409485
322	0.33069918	0.0	0.33069918	0.33069918	25.0	8050	25.537153	0.3140768	30.317665	23.33844	-26.51152	0.07949441	6202.669632434845
323	0.8584119	0.0	0.8584119	0.8584119	25.0	8075	25.649277	0.32676193	28.190165	23.903225	-26.610031	0.051074844	6221.888641834259
324	0.22192973	0.0	0.22192973	0.22192973	25.0	8100	25.741108	0.34652865	30.080862	21.451914	-26.715631	0.079074495	6242.204821109772
325	0.8777431	0.0	0.8777431	0.8777431	25.0	8125	25.818174	0.28860202	28.27319	24.028547	-26.818447	0.051573243	6261.35179233551
326	0.3725335	0.0	0.3725335	0.3725335	25.0	8150	25.925571	0.32614923	28.971191	23.293392	-26.90049	0.05416123	6280.577705144882
327	0.4101182	0.0	0.4101182	0.4101182	25.0	8175	26.017002	0.3559699	29.582716	21.118578	-26.983948	0.07037422	6300.684166193008
328	0.13025482	0.0	0.13025482	0.13025482	25.0	8200	26.114555	0.32641497	30.088161	24.045986	-27.088308	0.06299273	6319.803200960159
329	0.53026384	0.0	0.53026384	0.53026384	25.0	8225	26.200657	0.34612513	29.623333	23.256231	-27.215609	0.07192865	6338.9126765728
330	1.3722607	0.0	1.3722607	1.3722607	25.0	8250	26.279043	0.2792419	28.497656	23.657743	-27.267927	0.04380272	6359.942683696747
331	0.75044227	0.0	0.75044227	0.75044227	25.0	8275	26.385382	0.3136029	30.56561	24.373308	-27.366552	0.06515531	6379.114063739777
332	0.3503058	0.0	0.3503058	0.3503058	25.0	8300	26.470362	0.29839307	28.719273	24.193592	-27.444836	0.048394	6398.29216003418
333	0.2578767	0.0	0.2578767	0.2578767	25.0	8325	26.568787	0.3198135	30.052385	23.021652	-27.551369	0.059040535	6417.535216093063
334	0.10277866	0.0	0.10277866	0.10277866	25.0	8350	26.655447	0.28925213	29.952854	24.599363	-27.650457	0.048248686	6436.785976648331
335	0.4047595	0.0	0.4047595	0.4047595	25.0	8375	26.745588	0.29541796	28.915424	22.382566	-27.746067	0.055217158	6455.95028758049
336	0.658396	0.0	0.658396	0.658396	25.0	8400	26.852095	0.30832317	30.181246	26.201025	-27.85198	0.05309545	6475.147886276245
337	0.5801496	0.0	0.5801496	0.5801496	25.0	8425	26.91368	0.25004882	28.905798	23.95386	-27.957388	0.048919983	6495.345284461975
338	1.1854589	0.0	1.1854589	1.1854589	25.0	8450	27.034279	0.3271879	30.764978	23.407957	-28.041937	0.072972745	6514.612663984299
339	1.1807467	0.0	1.1807467	1.1807467	25.0	8475	27.127047	0.33159342	30.09987	23.866062	-28.10862	0.079393834	6533.818947315216
340	0.89289564	0.0	0.89289564	0.89289564	25.0	8500	27.214886	0.3045765	29.650925	24.808268	-28.259731	0.0655101	6553.988270521164
341	0.4083277	0.0	0.4083277	0.4083277	25.0	8525	27.321514	0.29698667	29.720116	25.254293	-28.376665	0.049770165	6573.262713432312
342	0.31049868	0.0	0.31049868	0.31049868	25.0	8550	27.419628	0.34629846	31.418692	24.197329	-28.437363	0.06858731	6592.46614074707
343	1.1189346	0.0	1.1189346	1.1189346	25.0	8575	27.516783	0.31657675	31.122446	26.201647	-28.543755	0.053198814	6612.209699630737
344	1.296932	0.0	1.296932	1.296932	25.0	8600	27.619936	0.31573048	29.863708	25.917583	-28.665516	0.04777147	6631.446804285049
345	0.34180087	0.0	0.34180087	0.34180087	25.0	8625	27.717344	0.30971724	30.048565	26.479998	-28.787056	0.04755572	6650.6954433918
346	0.50567293	0.0	0.50567293	0.50567293	25.0	8650	27.809658	0.291869	30.130154	26.677208	-28.846043	0.048257474	6669.932010889053
347	1.3943437	0.0	1.3943437	1.3943437	25.0	8675	27.900522	0.33467817	33.055435	24.146988	-28.960228	0.074890606	6689.202184677124
348	0.26655978	0.0	0.26655978	0.26655978	25.0	8700	27.998257	0.2636506	30.263195	26.371035	-29.066853	0.048693124	6708.51902961731
349	0.6462451	0.0	0.6462451	0.6462451	25.0	8725	28.127642	0.3065139	30.684914	26.011421	-29.161066	0.05801807	6727.816055774689
350	0.25609136	0.0	0.25609136	0.25609136	25.0	8750	28.207573	0.33852285	32.181995	23.17133	-29.269539	0.07963142	6747.8617033958435
351	0.8371592	0.0	0.8371592	0.8371592	25.0	8775	28.318466	0.32620326	31.927713	24.75547	-29.403032	0.06391947	6767.182906389236
352	0.15241289	0.0	0.15241289	0.15241289	25.0	8800	28.398891	0.3104287	30.627317	25.16852	-29.469517	0.061773233	6786.406623840332
353	0.16504852	0.0	0.16504852	0.16504852	25.0	8825	28.515606	0.29940307	32.027596	27.166496	-29.595495	0.06439211	6805.618944644928
354	0.40157947	0.0	0.40157947	0.40157947	25.0	8850	28.611595	0.32479712	31.416338	24.780985	-29.683523	0.073964894	6824.905559062958
355	1.2712241	0.0	1.2712241	1.2712241	25.0	8875	28.703264	0.2931203	30.936262	26.425966	-29.798426	0.05158563	6844.142202138901
356	0.51708466	0.0	0.51708466	0.51708466	25.0	8900	28.819067	0.3021032	33.302555	26.957954	-29.914165	0.062838495	6863.285259246826
357	1.0007461	0.0	1.0007461	1.0007461	25.0	8925	28.905552	0.2961312	31.220106	24.653093	-30.019852	0.06525524	6882.477507591248
358	0.28425565	0.0	0.28425565	0.28425565	25.0	8950	29.018223	0.32098734	31.683693	26.768345	-30.128424	0.07247165	6901.703084230423
359	0.24048169	0.0	0.24048169	0.24048169	25.0	8975	29.130644	0.36254767	34.14542	26.180079	-30.241627	0.0778095	6920.914670944214
360	0.42737263	0.0	0.42737263	0.42737263	25.0	9000	29.230213	0.31868753	32.52681	27.003832	-30.345982	0.059074074	6940.980016469955
361	0.55735624	0.0	0.55735624	0.55735624	25.0	9025	29.3142	0.29691246	33.438507	26.910719	-30.40768	0.054789897	6960.223769664764
362	0.19949941	0.0	0.19949941	0.19949941	25.0	9050	29.42875	0.29914966	31.656797	28.341017	-30.536892	0.050733987	6979.457435369492
363	0.39682916	0.0	0.39682916	0.39682916	25.0	9075	29.51328	0.29542008	31.871456	26.854473	-30.649668	0.06324345	6998.655257225037
364	1.9205258	0.0	1.9205258	1.9205258	25.0	9100	29.626232	0.32002223	32.59689	26.342752	-30.76792	0.068512656	7017.92359662056
365	0.29748753	0.0	0.29748753	0.29748753	25.0	9125	29.744848	0.3423109	32.382454	27.899117	-30.844236	0.06650764	7037.086437225342
366	0.9835112	0.0	0.9835112	0.9835112	25.0	9150	29.830982	0.34519038	33.163574	28.161362	-30.964268	0.07137823	7056.305509328842
367	1.2023847	0.0	1.2023847	1.2023847	25.0	9175	29.944912	0.34872964	35.83875	26.654305	-31.099794	0.097315036	7075.513006210327
368	0.33354172	0.0	0.33354172	0.33354172	25.0	9200	30.035225	0.33484438	33.075558	27.006565	-31.172768	0.07988685	7094.703281879425
369	0.33882	0.0	0.33882	0.33882	25.0	9225	30.15688	0.30332276	33.27089	26.662325	-31.283113	0.069861844	7114.004330635071
370	0.51025283	0.0	0.51025283	0.51025283	25.0	9250	30.259048	0.30460942	34.443577	29.0025	-31.43568	0.057512484	7134.060885190964
371	0.36499926	0.0	0.36499926	0.36499926	25.0	9275	30.354578	0.31941378	34.909794	26.99099	-31.532898	0.083114244	7153.28913974762
372	0.8147421	0.0	0.8147421	0.8147421	25.0	9300	30.478271	0.318543	33.484516	25.78734	-31.635798	0.06908692	7172.428149700165
373	0.6845199	0.0	0.6845199	0.6845199	25.0	9325	30.586695	0.3074581	33.173065	29.172514	-31.763098	0.065646335	7191.68826508522
374	0.12665246	0.0	0.12665246	0.12665246	25.0	9350	30.716612	0.3287563	33.66049	28.782347	-31.858276	0.06582893	7210.9956703186035
375	1.3598179	0.0	1.3598179	1.3598179	25.0	9375	30.792253	0.3722772	36.49264	26.07514	-31.987377	0.10674016	7230.240380525589
376	0.52862704	0.0	0.52862704	0.52862704	25.0	9400	30.915007	0.2982262	33.373775	28.12281	-32.075108	0.06504433	7249.720205545425
377	0.37360632	0.0	0.37360632	0.37360632	25.0	9425	31.02232	0.34577838	34.695763	28.038471	-32.189964	0.0742724	7268.846670866013
378	0.52091116	0.0	0.52091116	0.52091116	25.0	9450	31.133022	0.32079685	34.01222	29.203716	-32.323254	0.07582955	7288.091470956802
379	0.6940962	0.0	0.6940962	0.6940962	25.0	9475	31.23541	0.30512545	33.435905	26.91018	-32.482285	0.068465136	7307.341771364212
380	0.3038136	0.0	0.3038136	0.3038136	25.0	9500	31.37645	0.35021693	35.709545	28.719696	-32.614822	0.08453823	7327.4457013607025
381	0.26132917	0.0	0.26132917	0.26132917	25.0	9525	31.454346	0.3231081	36.281082	28.696848	-32.726315	0.08193503	7346.7145183086395
382	0.08708514	0.0	0.08708514	0.08708514	25.0	9550	31.600649	0.31829345	34.638916	30.148884	-32.81514	0.06556006	7365.937203168869
383	0.71341145	0.0	0.71341145	0.71341145	25.0	9575	31.718342	0.33876368	36.055428	26.788826	-32.977226	0.08863165	7385.094013214111
384	0.68112475	0.0	0.68112475	0.68112475	25.0	9600	31.855337	0.30143213	34.913723	29.939074	-33.135857	0.061982647	7404.260286569595
385	1.043534	0.0	1.043534	1.043534	25.0	9625	31.978691	0.34211707	34.399628	29.790977	-33.222427	0.07600002	7423.5280175209045
386	0.50876915	0.0	0.50876915	0.50876915	25.0	9650	32.108383	0.35542786	37.51942	29.91762	-33.324417	0.09066544	7442.730143070221
387	0.47378224	0.0	0.47378224	0.47378224	25.0	9675	32.215538	0.4017826	36.745026	25.037361	-33.486786	0.112727664	7461.953093767166
388	0.27248937	0.0	0.27248937	0.27248937	25.0	9700	32.340458	0.3226749	34.682148	29.980867	-33.571087	0.06333511	7481.120432376862
389	0.6594222	0.0	0.6594222	0.6594222	25.0	9725	32.439686	0.3388689	35.922714	26.175915	-33.670628	0.096217506	7500.6364142894745
390	1.2006284	0.0	1.2006284	1.2006284	25.0	9750	32.57682	0.34785062	36.57599	31.046072	-33.77694	0.061488673	7520.845428466797
391	0.17844419	0.0	0.17844419	0.17844419	25.0	9775	32.678288	0.32819584	35.74584	28.695267	-33.942066	0.08043872	7540.0446746349335
392	1.0895041	0.0	1.0895041	1.0895041	25.0	9800	32.797585	0.29789966	35.398865	31.136383	-34.06121	0.070685565	7559.254778623581
393	1.6660244	0.0	1.6660244	1.6660244	25.0	9825	32.919186	0.34833255	36.16384	28.936853	-34.204865	0.08003605	7578.567181110382
394	0.8493286	0.0	0.8493286	0.8493286	25.0	9850	33.028393	0.29735774	37.252476	31.017872	-34.328865	0.06713627	7597.915122270584
395	0.7331157	0.0	0.7331157	0.7331157	25.0	9875	33.16574	0.31293872	36.48885	31.103086	-34.444836	0.058371197	7617.125808238983
396	0.29909745	0.0	0.29909745	0.29909745	25.0	9900	33.293377	0.29456872	35.590576	32.006207	-34.580307	0.052903824	7636.411886692047
397	0.4374417	0.0	0.4374417	0.4374417	25.0	9925	33.402172	0.35784885	42.728146	32.39515	-34.67802	0.104965076	7655.568136692047
398	0.68855256	0.0	0.68855256	0.68855256	25.0	9950	33.53354	0.32649484	35.81387	31.119015	-34.8225	0.07432509	7674.761650800705
399	0.40820628	0.0	0.40820628	0.40820628	25.0	9975	33.637516	0.32636386	37.163586	30.076044	-34.942898	0.070584126	7694.0809416770935
400	0.6031896	0.0	0.6031896	0.6031896	25.0	10000	33.766857	0.42681295	38.925873	24.45176	-35.06727	0.16336398	7714.339665412903
401	0.81703603	0.0	0.81703603	0.81703603	25.0	10025	33.899677	0.4297254	40.36493	31.029583	-35.238895	0.13605666	7733.559046506882
402	1.2556751	0.0	1.2556751	1.2556751	25.0	10050	34.03025	0.35551667	37.902443	31.172783	-35.331963	0.08566135	7752.801600456238
403	0.4865067	0.0	0.4865067	0.4865067	25.0	10075	34.152184	0.3426272	38.33019	31.155748	-35.46034	0.072393626	7772.065804719925
404	0.46598747	0.0	0.46598747	0.46598747	25.0	10100	34.2549	0.27125826	36.39322	31.336065	-35.571484	0.06309253	7791.22437620163
405	1.3151994	0.0	1.3151994	1.3151994	25.0	10125	34.3753	0.3267735	37.026573	29.354216	-35.715748	0.08973947	7810.367868423462
406	0.8966023	0.0	0.8966023	0.8966023	25.0	10150	34.51723	0.31369704	36.96931	31.924088	-35.838013	0.065407425	7829.583216428757
407	0.43269148	0.0	0.43269148	0.43269148	25.0	10175	34.639294	0.3510068	38.91299	32.457687	-35.95516	0.07512708	7848.820737123489
408	0.5662832	0.0	0.5662832	0.5662832	25.0	10200	34.744198	0.29998425	37.11384	31.066172	-36.07691	0.07314538	7867.936314105988
409	0.6016714	0.0	0.6016714	0.6016714	25.0	10225	34.895523	0.34579265	38.512623	31.111143	-36.23312	0.07959891	7887.093367099762
410	1.969613	0.0	1.969613	1.969613	25.0	10250	35.003902	0.29822716	38.069733	34.27002	-36.35511	0.06402172	7907.34742641449
411	0.1934381	0.0	0.1934381	0.1934381	25.0	10275	35.133713	0.32117853	37.970848	31.924738	-36.486828	0.06597754	7926.661796569824
412	0.32771155	0.0	0.32771155	0.32771155	25.0	10300	35.252506	0.29068947	39.640335	33.498615	-36.635002	0.06283375	7945.816091775894
413	0.45338097	0.0	0.45338097	0.45338097	25.0	10325	35.382236	0.31570086	38.99413	32.891525	-36.734566	0.07329335	7965.012112379074
414	0.5353309	0.0	0.5353309	0.5353309	25.0	10350	35.5114	0.3051387	38.163605	32.278717	-36.89037	0.08036336	7984.193962335587
415	0.6312682	0.0	0.6312682	0.6312682	25.0	10375	35.63903	0.38077238	38.94251	28.646837	-36.999542	0.09338932	8003.329963207245
416	0.7362523	0.0	0.7362523	0.7362523	25.0	10400	35.760693	0.34699622	40.797085	33.158413	-37.13385	0.093328804	8022.5951635837555
417	0.25947243	0.0	0.25947243	0.25947243	25.0	10425	35.902283	0.32185343	38.48925	34.430676	-37.257225	0.070797056	8041.794669389725
418	0.09971586	0.0	0.09971586	0.09971586	25.0	10450	36.01597	0.33886525	39.883503	30.281818	-37.38487	0.087046035	8061.021187543869
419	1.7872449	0.0	1.7872449	1.7872449	25.0	10475	36.156723	0.31281042	38.44556	34.812477	-37.541615	0.07051144	8080.223266839981
420	0.5316805	0.0	0.5316805	0.5316805	25.0	10500	36.2755	0.3392822	40.303307	31.869215	-37.634865	0.08198996	8100.469187259674
421	1.3696775	0.0	1.3696775	1.3696775	25.0	10525	36.405155	0.32306898	39.572372	33.693737	-37.80559	0.074698545	8119.747039794922
422	1.2552038	0.0	1.2552038	1.2552038	25.0	10550	36.556515	0.3323372	41.86506	34.96294	-37.957325	0.07629737	8138.96976518631
423	0.89647686	0.0	0.89647686	0.89647686	25.0	10575	36.666492	0.30474672	38.841576	34.183548	-38.038048	0.06294075	8158.313304185867
424	0.38001978	0.0	0.38001978	0.38001978	25.0	10600	36.800854	0.33102053	41.987312	35.53111	-38.191677	0.08313312	8177.568126440048
425	0.9083613	0.0	0.9083613	0.9083613	25.0	10625	36.935966	0.37635714	40.340843	33.488644	-38.333267	0.1105942	8196.793217658997
426	0.12430615	0.0	0.12430615	0.12430615	25.0	10650	37.05542	0.32531372	40.206932	35.076626	-38.467228	0.068213984	8216.040634155273
427	0.0	0.0	0.0	0.0	25.0	10675	37.196625	0.34210777	40.25213	31.181818	-38.617702	0.08651926	8235.275781869888
428	0.4164967	0.0	0.4164967	0.4164967	25.0	10700	37.31172	0.3195554	40.703735	33.857967	-38.844437	0.07108311	8254.358668327332
429	0.2601166	0.0	0.2601166	0.2601166	25.0	10725	37.439243	0.30596972	40.72081	35.555107	-39.054268	0.059216294	8273.538431167603
430	1.3684288	0.0	1.3684288	1.3684288	25.0	10750	37.566483	0.38099062	43.37678	35.358757	-39.14947	0.11147166	8293.912236213684
431	1.8532126	0.0	1.8532126	1.8532126	25.0	10775	37.710682	0.313526	39.964073	36.28993	-39.315758	0.058808014	8313.094511032104
432	0.16861087	0.0	0.16861087	0.16861087	25.0	10800	37.88793	0.2911727	40.04231	34.97456	-39.491867	0.059232365	8332.252605199814
433	0.92216355	0.0	0.92216355	0.92216355	25.0	10825	38.119675	0.38081363	40.68439	31.274704	-39.7011	0.1135288	8351.408460378647
434	0.4961178	0.0	0.4961178	0.4961178	25.0	10850	38.29159	0.3603032	42.246586	35.23003	-39.850075	0.082892664	8370.526609182358
435	1.2702284	0.0	1.2702284	1.2702284	25.0	10875	38.443565	0.34702685	44.99059	35.267315	-39.998642	0.096379526	8389.608431339264
436	1.0307271	0.0	1.0307271	1.0307271	25.0	10900	38.584587	0.3597045	41.942814	35.08032	-40.139404	0.09993443	8408.68498826027
437	0.5176593	0.0	0.5176593	0.5176593	25.0	10925	38.729927	0.44332734	43.997993	35.865616	-40.30179	0.17838413	8427.867433071136
438	0.8206872	0.0	0.8206872	0.8206872	25.0	10950	38.880966	0.37921783	42.1071	36.134415	-40.459145	0.11152768	8447.054570198059
439	0.65097207	0.0	0.65097207	0.65097207	25.0	10975	39.030006	0.342267	42.834652	37.184082	-40.6215	0.08730321	8466.260122299194
440	1.2237581	0.0	1.2237581	1.2237581	25.0	11000	39.184288	0.3217911	41.424103	37.981503	-40.735	0.081940316	8486.378331899643
441	0.7489477	0.0	0.7489477	0.7489477	25.0	11025	39.322376	0.3623182	43.676178	36.46564	-40.91501	0.10413644	8505.485548734665
442	0.0	0.0	0.0	0.0	25.0	11050	39.464176	0.3860159	46.03654	35.032906	-41.005497	0.12922338	8524.66083741188
443	0.5166649	0.0	0.5166649	0.5166649	25.0	11075	39.610043	0.3240695	43.518864	34.51373	-41.183388	0.092982806	8543.908750772476
444	0.7657078	0.0	0.7657078	0.7657078	25.0	11100	39.75419	0.3493377	41.924217	33.836323	-41.329247	0.11150853	8563.132065534592
445	0.91683114	0.0	0.91683114	0.91683114	25.0	11125	39.913162	0.3492725	43.045242	36.70021	-41.478165	0.096303366	8582.291054010391
446	2.054975	0.0	2.054975	2.054975	25.0	11150	40.062984	0.3953034	44.809402	35.54741	-41.634624	0.1251355	8601.530910015106
447	1.0214027	0.0	1.0214027	1.0214027	25.0	11175	40.217247	0.3768971	44.02959	37.054523	-41.762375	0.09536536	8620.788821697235
448	0.48012736	0.0	0.48012736	0.48012736	25.0	11200	40.36112	0.35996446	43.839916	37.095367	-41.92029	0.09775055	8640.120834827423
449	0.6957411	0.0	0.6957411	0.6957411	25.0	11225	40.496437	0.333547	42.501057	38.168125	-42.01618	0.0948233	8659.369012355804
450	0.88248664	0.0	0.88248664	0.88248664	25.0	11250	40.64029	0.337921	43.196518	37.680798	-42.19322	0.08766494	8679.571213245392
451	0.14824697	0.0	0.14824697	0.14824697	25.0	11275	40.78306	0.37339976	47.45174	37.262047	-42.380875	0.1270445	8698.784981489182
452	0.545578	0.0	0.545578	0.545578	25.0	11300	40.93303	0.30644855	43.07026	39.038353	-42.558643	0.07351598	8717.992366075516
453	0.6150368	0.0	0.6150368	0.6150368	25.0	11325	41.087086	0.31330618	44.95865	40.038174	-42.691532	0.07393679	8740.109230995178
454	1.4583926	0.0	1.4583926	1.4583926	25.0	11350	41.241005	0.3423387	44.991634	37.453026	-42.833973	0.095525764	8759.338073730469
455	0.9352479	0.0	0.9352479	0.9352479	25.0	11375	41.36954	0.3555232	43.764194	35.23814	-42.997066	0.116563104	8778.528278589249
456	0.62438935	0.0	0.62438935	0.62438935	25.0	11400	41.532883	0.36663646	46.046474	37.967308	-43.146645	0.10242594	8797.758696317673
457	0.9845468	0.0	0.9845468	0.9845468	25.0	11425	41.690342	0.4028571	48.85421	38.633087	-43.268974	0.13760361	8816.99999833107
458	1.0682929	0.0	1.0682929	1.0682929	25.0	11450	41.821083	0.35670465	45.408886	39.27895	-43.42732	0.09712074	8836.259034872055
459	0.0	0.0	0.0	0.0	25.0	11475	41.980133	0.43947977	47.11501	33.991505	-43.606922	0.15052646	8855.640942335129
460	1.1509628	0.0	1.1509628	1.1509628	25.0	11500	42.129528	0.35359487	44.94856	39.038055	-43.741245	0.0942419	8875.768474817276
461	1.0233583	0.0	1.0233583	1.0233583	25.0	11525	42.277447	0.31672546	44.559647	40.54806	-43.90817	0.07591143	8894.905400037766
462	0.41367114	0.0	0.41367114	0.41367114	25.0	11550	42.43774	0.35498944	46.243465	39.587605	-44.05041	0.09354347	8914.106499671936
463	0.011921065	0.0	0.011921065	0.011921065	25.0	11575	42.579155	0.3737051	49.706074	40.136707	-44.22742	0.12412453	8933.266149520874
464	0.47956014	0.0	0.47956014	0.47956014	25.0	11600	42.742096	0.35684505	47.59595	39.132645	-44.397377	0.10258119	8952.502515554428
465	0.6102082	0.0	0.6102082	0.6102082	25.0	11625	42.889084	0.3350493	46.565567	39.52103	-44.595634	0.10393193	8971.769290685654
466	0.7627502	0.0	0.7627502	0.7627502	25.0	11650	43.051254	0.39056408	46.84407	36.87844	-44.733475	0.12608278	8990.959300279617
467	0.39537057	0.0	0.39537057	0.39537057	25.0	11675	43.202232	0.43372002	46.273243	34.10971	-44.897263	0.16209961	9010.208001613617
468	0.86994255	0.0	0.86994255	0.86994255	25.0	11700	43.370308	0.3328166	47.536034	40.960808	-45.01006	0.088084094	9029.400234222412
469	0.053063646	0.0	0.053063646	0.053063646	25.0	11725	43.51113	0.3578178	47.132927	38.925636	-45.19497	0.10826583	9048.663482189178
470	1.2263025	0.0	1.2263025	1.2263025	25.0	11750	43.688877	0.37908	47.68753	42.261192	-45.34239	0.10854891	9068.918989419937
471	1.0129173	0.0	1.0129173	1.0129173	25.0	11775	43.818256	0.39554802	49.986916	38.589523	-45.51669	0.14033072	9088.054162979126
472	1.7361847	0.0	1.7361847	1.7361847	25.0	11800	43.98279	0.38861182	46.702732	38.98939	-45.674564	0.13318633	9107.24694275856
473	0.9261361	0.0	0.9261361	0.9261361	25.0	11825	44.142773	0.35929927	48.6201	41.231995	-45.83596	0.10198695	9126.429173707962
474	1.5082996	0.0	1.5082996	1.5082996	25.0	11850	44.30212	0.35990128	49.60567	42.314934	-46.02046	0.10789452	9145.587298631668
475	0.44913316	0.0	0.44913316	0.44913316	25.0	11875	44.46075	0.34214824	46.505226	41.13414	-46.187393	0.09332851	9164.81079697609
476	0.8136338	0.0	0.8136338	0.8136338	25.0	11900	44.628563	0.4284984	50.836296	42.631832	-46.374058	0.16387159	9184.044020414352
477	0.619478	0.0	0.619478	0.619478	25.0	11925	44.77944	0.33206373	46.914593	39.550312	-46.504276	0.10090137	9203.206922769547
478	2.6763806	0.0	2.6763806	2.6763806	25.0	11950	44.95841	0.394904	48.34181	41.387993	-46.701866	0.11787924	9222.400493383408
479	1.34267	0.0	1.34267	1.34267	25.0	11975	45.111713	0.39906633	48.72238	40.52353	-46.8527	0.14162228	9241.611231088638
480	0.18857695	0.0	0.18857695	0.18857695	25.0	12000	45.253105	0.36700058	50.643475	41.006126	-46.999355	0.11742363	9262.373819112778
481	0.0	0.0	0.0	0.0	25.0	12025	45.42622	0.42250538	49.947952	36.88864	-47.14562	0.16969775	9281.52532172203
482	0.60727084	0.0	0.60727084	0.60727084	25.0	12050	45.58501	0.41088137	53.216	42.132904	-47.32225	0.1539184	9300.754986763
483	1.1784976	0.0	1.1784976	1.1784976	25.0	12075	45.747547	0.34823152	48.899067	40.44484	-47.50627	0.12531571	9320.041795253754
484	0.36307442	0.0	0.36307442	0.36307442	25.0	12100	45.91202	0.4289808	51.220463	40.580276	-47.69022	0.1582917	9339.219504356384
485	0.7708447	0.0	0.7708447	0.7708447	25.0	12125	46.08437	0.374726	49.566208	38.147926	-47.83214	0.126518	9358.421981811523
486	0.0	0.0	0.0	0.0	25.0	12150	46.24524	0.3820005	53.64918	43.62411	-47.993355	0.12700331	9377.61593580246
487	0.5678379	0.0	0.5678379	0.5678379	25.0	12175	46.42024	0.41435122	49.457672	42.644352	-48.1765	0.14672153	9397.851441144943
488	0.2507882	0.0	0.2507882	0.2507882	25.0	12200	46.54878	0.3716334	50.57884	42.596516	-48.340343	0.13096091	9417.020603179932
489	0.2368791	0.0	0.2368791	0.2368791	25.0	12225	46.723427	0.4807648	54.915665	37.845284	-48.518032	0.2096368	9436.170894145966
490	0.51719517	0.0	0.51719517	0.51719517	25.0	12250	46.903996	0.45128608	53.64842	42.55789	-48.73001	0.17693637	9456.327554702759
491	0.0034181771	0.0	0.0034181771	0.0034181771	25.0	12275	47.076534	0.3807836	53.67869	44.911743	-48.87822	0.122337654	9475.324989795685
492	0.4139363	0.0	0.4139363	0.4139363	25.0	12300	47.220577	0.45271105	49.499302	38.977116	-49.07919	0.20043974	9494.522790908813
493	1.4284883	0.0	1.4284883	1.4284883	25.0	12325	47.42956	0.4291933	52.43627	42.861176	-49.24552	0.1601483	9513.78558754921
494	0.0	0.0	0.0	0.0	25.0	12350	47.577118	0.42532852	53.725067	41.5692	-49.420536	0.16324723	9532.969748020172
495	1.1899191	0.0	1.1899191	1.1899191	25.0	12375	47.75117	0.3627075	50.615147	44.92338	-49.616776	0.10386575	9552.19116306305
496	0.0	0.0	0.0	0.0	25.0	12400	47.92085	0.33933088	49.870052	44.934807	-49.77719	0.10670795	9571.796215295792
497	0.08151627	0.0	0.08151627	0.08151627	25.0	12425	48.100166	0.41967118	56.845974	44.693813	-49.96954	0.16734713	9590.8774600029
498	0.98010784	0.0	0.98010784	0.98010784	25.0	12450	48.28114	0.33311778	51.61443	46.178703	-50.138134	0.09128462	9610.092101097107
499	1.0487602	0.0	1.0487602	1.0487602	25.0	12475	48.44121	0.35139117	50.436104	43.114445	-50.314297	0.10218068	9629.360251665115
500	1.5769643	0.0	1.5769643	1.5769643	25.0	12500	48.631866	0.39492005	53.50157	44.833485	-50.47291	0.13962446	9649.563395738602
501	0.5322329	0.0	0.5322329	0.5322329	25.0	12525	48.787914	0.3370999	51.8825	46.32964	-50.68539	0.097607635	9668.688284397125
502	1.0018475	0.0	1.0018475	1.0018475	25.0	12550	48.969627	0.32149354	51.36722	45.663803	-50.853172	0.092786856	9687.88500213623
503	0.418972	0.0	0.418972	0.418972	25.0	12575	49.14666	0.32391077	51.362488	47.182526	-51.02429	0.08098472	9707.010824918747
504	0.58826905	0.0	0.58826905	0.58826905	25.0	12600	49.320663	0.36737737	54.34239	44.37594	-51.22734	0.12031343	9726.17385482788
505	0.8830566	0.0	0.8830566	0.8830566	25.0	12625	49.49578	0.36327636	51.861904	44.38734	-51.446545	0.13200563	9745.267327547073
506	1.3494161	0.0	1.3494161	1.3494161	25.0	12650	49.682587	0.34733215	53.65708	47.91644	-51.5995	0.11183338	9764.471426010132
507	2.4160545	0.0	2.4160545	2.4160545	25.0	12675	49.858116	0.3243212	53.198284	47.921947	-51.794613	0.08647987	9783.566174030304
508	0.5301408	0.0	0.5301408	0.5301408	25.0	12700	50.03529	0.33177644	52.869072	47.92413	-51.93406	0.09076588	9802.755865097046
509	0.17975356	0.0	0.17975356	0.17975356	25.0	12725	50.198082	0.33418515	52.27791	48.88154	-52.163937	0.08960914	9821.987112522125
510	0.47074324	0.0	0.47074324	0.47074324	25.0	12750	50.38377	0.35943556	53.96813	46.902977	-52.34707	0.114047736	9842.37626028061
511	0.0	0.0	0.0	0.0	25.0	12775	50.582596	0.36603242	56.077255	49.202675	-52.55	0.11258351	9861.590707302094
512	0.292494	0.0	0.292494	0.292494	25.0	12800	50.76418	0.35302687	54.605976	46.748325	-52.742012	0.12078826	9880.660420894623
513	0.49024743	0.0	0.49024743	0.49024743	25.0	12825	50.933857	0.3906317	55.049477	46.057907	-52.914806	0.14388302	9899.80349612236
514	0.4521513	0.0	0.4521513	0.4521513	25.0	12850	51.12331	0.382633	56.445076	48.27494	-53.111282	0.1262885	9918.959334373474
515	0.9874894	0.0	0.9874894	0.9874894	25.0	12875	51.298935	0.32053176	53.928154	48.79407	-53.26506	0.08834453	9938.066575050354
516	0.1941212	0.0	0.1941212	0.1941212	25.0	12900	51.500168	0.37061507	54.36035	48.638794	-53.449966	0.116395056	9957.261305332184
517	0.71782786	0.0	0.71782786	0.71782786	25.0	12925	51.65658	0.3870384	53.639812	48.799286	-53.658848	0.13552919	9976.386857271194
518	0.27712727	0.0	0.27712727	0.27712727	25.0	12950	51.86377	0.38140237	55.435024	49.51118	-53.857788	0.11871734	9995.471095085144
519	0.0	0.0	0.0	0.0	25.0	12975	52.033634	0.39994878	56.049545	45.482006	-54.04034	0.13473599	10014.605191469193
520	0.18346322	0.0	0.18346322	0.18346322	25.0	13000	52.220737	0.36785042	54.303574	47.8994	-54.213566	0.12446516	10035.075461626053
521	0.2440845	0.0	0.2440845	0.2440845	25.0	13025	52.403683	0.31485942	54.321148	51.456337	-54.43563	0.07990641	10054.201850414276
522	0.6833828	0.0	0.6833828	0.6833828	25.0	13050	52.59941	0.3376911	54.686337	49.193336	-54.621933	0.09344861	10073.496193647385
523	0.31694478	0.0	0.31694478	0.31694478	25.0	13075	52.788643	0.41425607	60.015587	51.515953	-54.88607	0.14215961	10092.682687997818
524	1.5722054	0.0	1.5722054	1.5722054	25.0	13100	52.963516	0.39294866	55.074986	48.25409	-55.07115	0.13679898	10111.814603805542
525	0.18117717	0.0	0.18117717	0.18117717	25.0	13125	53.146534	0.41141656	57.35222	50.54268	-55.29656	0.153726	10130.977995157242
526	0.12308836	0.0	0.12308836	0.12308836	25.0	13150	53.3542	0.37061316	58.241795	50.92979	-55.434425	0.1302847	10150.164481163025
527	1.5233884	0.0	1.5233884	1.5233884	25.0	13175	53.551926	0.4009987	56.35691	50.71203	-55.67121	0.14579046	10169.345006942749
528	0.36506772	0.0	0.36506772	0.36506772	25.0	13200	53.778114	0.3747016	56.804142	50.06758	-55.88178	0.120835125	10188.513304710388
529	0.43960267	0.0	0.43960267	0.43960267	25.0	13225	53.952538	0.42506933	61.05978	48.218567	-56.075363	0.16420655	10207.627427816391
530	0.08901022	0.0	0.08901022	0.08901022	25.0	13250	54.16842	0.34824824	57.21404	50.82211	-56.336082	0.12487208	10227.89636683464
531	0.23001069	0.0	0.23001069	0.23001069	25.0	13275	54.383755	0.4957496	66.21623	50.942192	-56.574753	0.22375154	10247.167126893997
532	0.6744849	0.0	0.6744849	0.6744849	25.0	13300	54.572052	0.3755085	57.43168	51.06169	-56.62004	0.12276888	10266.409974575043
533	0.0	0.0	0.0	0.0	25.0	13325	54.736786	0.5838427	58.84033	36.727936	-56.862614	0.3370175	10285.590564489365
534	0.5480895	0.0	0.5480895	0.5480895	25.0	13350	54.952198	0.37489432	58.311466	52.345947	-57.08104	0.119150504	10304.776888847351
535	1.0204961	0.0	1.0204961	1.0204961	25.0	13375	55.152138	0.3967723	58.06512	49.360382	-57.28936	0.13521819	10323.917147874832
536	0.6672026	0.0	0.6672026	0.6672026	25.0	13400	55.331608	0.43432784	59.201313	48.99089	-57.50859	0.1589918	10343.061782360077
537	0.38403216	0.0	0.38403216	0.38403216	25.0	13425	55.547813	0.40755862	59.901176	50.30127	-57.69903	0.13552794	10362.325617074966
538	0.4363392	0.0	0.4363392	0.4363392	25.0	13450	55.738415	0.4286752	60.764137	48.928364	-57.9046	0.16223511	10381.588782310486
539	1.0619593	0.0	1.0619593	1.0619593	25.0	13475	55.937355	0.48024595	60.81758	48.16422	-58.123356	0.22099575	10400.75252199173
540	0.1753892	0.0	0.1753892	0.1753892	25.0	13500	56.141346	0.41068214	60.900917	54.286804	-58.281933	0.14783315	10421.08676981926
541	0.0	0.0	0.0	0.0	25.0	13525	56.33352	0.54796076	72.992035	53.737385	-58.60308	0.27759284	10440.225994825363
542	1.046872	0.0	1.046872	1.046872	25.0	13550	56.526047	0.4680623	60.854763	50.185024	-58.804268	0.18657206	10459.478339672089
543	0.23591426	0.0	0.23591426	0.23591426	25.0	13575	56.724785	0.5863474	60.584602	41.227856	-58.933258	0.33157548	10478.613857030869
544	0.09798542	0.0	0.09798542	0.09798542	25.0	13600	56.951065	0.46051228	62.178913	48.875668	-59.155376	0.1884929	10497.801094532013
545	0.5680075	0.0	0.5680075	0.5680075	25.0	13625	57.18858	0.4929873	64.05637	50.585804	-59.45377	0.2251991	10516.886031627655
546	0.63040525	0.0	0.63040525	0.63040525	25.0	13650	57.398663	0.38379186	60.95204	54.57036	-59.600452	0.13391683	10535.980455160141
547	0.46558535	0.0	0.46558535	0.46558535	25.0	13675	57.62047	0.52728534	65.94303	51.101257	-59.8113	0.26388735	10555.043338298798
548	0.0	0.0	0.0	0.0	25.0	13700	57.8215	0.41475686	60.08146	51.090042	-60.082916	0.16287796	10574.189019918442
549	0.40816	0.0	0.40816	0.40816	25.0	13725	58.033623	0.5301348	67.29571	52.100346	-60.173668	0.23773205	10593.381567955017
550	0.677048	0.0	0.677048	0.677048	25.0	13750	58.215767	0.41824913	64.118835	53.43065	-60.48596	0.16019686	10613.723991155624
551	0.21376395	0.0	0.21376395	0.21376395	25.0	13775	58.41239	0.4734307	64.06779	53.948742	-60.871777	0.19416693	10632.911194562912
552	0.6522241	0.0	0.6522241	0.6522241	25.0	13800	58.62456	0.54280573	72.92862	53.75362	-61.02876	0.28664237	10652.20116186142
553	1.9855213	0.0	1.9855213	1.9855213	25.0	13825	58.81435	0.4777677	62.365314	48.744335	-61.183136	0.21467766	10671.536497116089
554	0.0650083	0.0	0.0650083	0.0650083	25.0	13850	59.080482	0.4358404	63.27304	54.899105	-61.499023	0.17711993	10690.638061285019
555	0.102324344	0.0	0.102324344	0.102324344	25.0	13875	59.343994	0.49157742	63.894047	52.86833	-61.778797	0.23902524	10709.796755313873
556	0.2938348	0.0	0.2938348	0.2938348	25.0	13900	59.645226	0.47819582	66.14575	56.72945	-62.03235	0.19783185	10728.915025472641
557	0.0	0.0	0.0	0.0	25.0	13925	59.881645	0.4005147	63.920353	56.92298	-62.235752	0.13473544	10748.042291641235
558	0.33862922	0.0	0.33862922	0.33862922	25.0	13950	60.091553	0.5288249	65.80655	51.32136	-62.38137	0.25270015	10767.207494020462
559	0.19699661	0.0	0.19699661	0.19699661	25.0	13975	60.31625	0.53639334	66.40685	50.320835	-62.558792	0.2541748	10786.378973007202
560	2.1421237	0.0	2.1421237	2.1421237	25.0	14000	60.51039	0.47067177	62.699142	51.804996	-62.854683	0.20272222	10806.73522400856
561	0.0	0.0	0.0	0.0	25.0	14025	60.720894	0.41335902	65.22661	56.66293	-63.04283	0.1533781	10825.821103572845
562	0.47818536	0.0	0.47818536	0.47818536	25.0	14050	60.947433	0.4149807	66.27648	57.293465	-63.314922	0.16259901	10844.950308799744
563	0.09044362	0.0	0.09044362	0.09044362	25.0	14075	61.150917	0.5185171	67.36514	51.305233	-63.591885	0.2481272	10864.242843389511
564	0.1867782	0.0	0.1867782	0.1867782	25.0	14100	61.372826	0.43381298	65.6373	53.394997	-63.747543	0.18471324	10883.561285495758
565	0.2573725	0.0	0.2573725	0.2573725	25.0	14125	61.594894	0.56673956	69.98296	53.7818	-63.95501	0.29365918	10902.821690559387
566	0.67525584	0.0	0.67525584	0.67525584	25.0	14150	61.789845	0.524737	69.82025	54.908825	-64.217415	0.27816555	10922.12569475174
567	0.4716142	0.0	0.4716142	0.4716142	25.0	14175	62.026806	0.40290523	66.60987	58.240383	-64.46327	0.14922415	10941.294083595276
568	0.70985556	0.0	0.70985556	0.70985556	25.0	14200	62.262295	0.46851423	67.69843	59.149784	-64.66822	0.19084243	10960.387413024902
569	0.28018752	0.0	0.28018752	0.28018752	25.0	14225	62.48099	0.47292146	67.05792	56.24776	-64.94472	0.20786844	10979.540137052536
570	0.0	0.0	0.0	0.0	25.0	14250	62.701073	0.39941734	65.28358	59.50107	-65.14386	0.13157572	10999.733325004578
571	0.57435685	0.0	0.57435685	0.57435685	25.0	14275	62.936073	0.42914292	70.13113	59.37243	-65.405205	0.17889804	11018.844439268112
572	0.5173291	0.0	0.5173291	0.5173291	25.0	14300	63.161903	0.44934294	69.8028	60.141285	-65.679016	0.19548805	11038.029950141907
573	0.7787584	0.0	0.7787584	0.7787584	25.0	14325	63.39425	0.40848604	67.23331	60.14041	-65.81495	0.15030484	11057.177706956863
574	1.6484547	0.0	1.6484547	1.6484547	25.0	14350	63.623547	0.39510137	66.67849	59.69537	-66.09293	0.13793623	11076.356315135956
575	1.2120844	0.0	1.2120844	1.2120844	25.0	14375	63.8397	0.41118076	66.40508	59.138084	-66.284225	0.15663186	11095.522758722305
576	1.7177933	0.0	1.7177933	1.7177933	25.0	14400	64.07089	0.41238678	66.47576	61.490936	-66.52222	0.15502423	11114.732196331024
577	1.3435414	0.0	1.3435414	1.3435414	25.0	14425	64.30654	0.5005008	69.47459	60.012573	-66.74372	0.23639618	11133.869146347046
578	0.492841	0.0	0.492841	0.492841	25.0	14450	64.514145	0.48881477	69.16769	57.5086	-67.003426	0.23043303	11153.018850803375
579	0.0	0.0	0.0	0.0	25.0	14475	64.73826	0.43628335	68.43011	60.735004	-67.28302	0.1643039	11172.152453422546
580	0.19908121	0.0	0.19908121	0.19908121	25.0	14500	64.983955	0.3830255	69.757996	63.29146	-67.50303	0.13816954	11192.497291326523
581	0.9431785	0.0	0.9431785	0.9431785	25.0	14525	65.2	0.43978828	69.72608	61.96233	-67.71876	0.17071335	11211.636300325394
582	0.40354195	0.0	0.40354195	0.40354195	25.0	14550	65.44928	0.5516072	74.16551	57.72107	-67.99426	0.28646636	11230.709726333618
583	0.832974	0.0	0.832974	0.832974	25.0	14575	65.67103	0.4755212	68.14835	57.64606	-68.17058	0.20102113	11249.788797616959
584	0.57377326	0.0	0.57377326	0.57377326	25.0	14600	65.91397	0.4041798	68.629974	64.37811	-68.40334	0.13589215	11268.89716386795
585	0.81300163	0.0	0.81300163	0.81300163	25.0	14625	66.14184	0.45199618	73.87073	63.816833	-68.635376	0.18700771	11288.051956415176
586	1.3758048	0.0	1.3758048	1.3758048	25.0	14650	66.36848	0.3985706	70.25623	64.85625	-69.0235	0.14014283	11307.24771475792
587	1.5940766	0.0	1.5940766	1.5940766	25.0	14675	66.601685	0.42158604	69.389694	62.33295	-69.104576	0.16387722	11326.500349283218
588	0.23780154	0.0	0.23780154	0.23780154	25.0	14700	66.84243	0.46192646	72.71125	65.09076	-69.40795	0.19332138	11345.677785634995
589	0.3937023	0.0	0.3937023	0.3937023	25.0	14725	67.08033	0.42479885	69.2514	60.673927	-69.72384	0.16570859	11364.856019735336
590	1.210488	0.0	1.210488	1.210488	25.0	14750	67.317245	0.4397498	71.32352	65.97838	-69.950966	0.16156408	11385.244633436203
591	2.1872044	0.0	2.1872044	2.1872044	25.0	14775	67.56636	0.4856303	72.164825	60.18861	-70.18013	0.22076859	11404.403551340103
592	0.48753852	0.0	0.48753852	0.48753852	25.0	14800	67.8169	0.49314734	73.50922	62.57631	-70.48066	0.23387367	11423.551295757294
593	0.4510626	0.0	0.4510626	0.4510626	25.0	14825	68.03215	0.4306449	70.77083	61.892162	-70.642685	0.17721239	11442.785747051239
594	0.35212654	0.0	0.35212654	0.35212654	25.0	14850	68.29459	0.50887096	79.17387	64.62779	-70.884964	0.23806125	11461.933611869812
595	0.8293201	0.0	0.8293201	0.8293201	25.0	14875	68.52712	0.538067	73.92332	59.79883	-71.22288	0.28122544	11481.098412513733
596	0.6906772	0.0	0.6906772	0.6906772	25.0	14900	68.78051	0.48460972	73.55196	65.00318	-71.44556	0.21175478	11500.211188316345
597	0.6717152	0.0	0.6717152	0.6717152	25.0	14925	69.0113	0.41164696	72.761795	65.42973	-71.659615	0.16102071	11519.344046831131
598	0.5611472	0.0	0.5611472	0.5611472	25.0	14950	69.2461	0.4725386	72.231094	61.267895	-71.93502	0.21254832	11538.450098276138
599	0.35801563	0.0	0.35801563	0.35801563	25.0	14975	69.51355	0.4661949	75.45979	64.884315	-72.22859	0.19842416	11557.559203147888
600	0.94141275	0.0	0.94141275	0.94141275	25.0	15000	69.76507	0.4742644	72.73232	68.10739	-72.4274	0.19821312	11577.915766239166
601	0.0	0.0	0.0	0.0	25.0	15025	69.98935	0.41875324	72.94609	66.92613	-72.67296	0.157027	11597.112653970718
602	0.79334855	0.0	0.79334855	0.79334855	25.0	15050	70.25194	0.4531597	77.7908	66.68469	-72.969	0.19843188	11616.234067440033
603	1.1011827	0.0	1.1011827	1.1011827	25.0	15075	70.47438	0.4764554	75.79494	67.107254	-73.155304	0.22234304	11635.434451580048
604	0.057841137	0.0	0.057841137	0.057841137	25.0	15100	70.756165	0.45302948	75.86785	67.79969	-73.503555	0.19296955	11654.633912801743
605	0.1349203	0.0	0.1349203	0.1349203	25.0	15125	70.99435	0.46542445	72.96906	66.23798	-73.75963	0.20928566	11673.804984807968
606	0.24570219	0.0	0.24570219	0.24570219	25.0	15150	71.24345	0.47294077	77.41822	67.20318	-73.95466	0.21948175	11693.0486266613
607	0.41442007	0.0	0.41442007	0.41442007	25.0	15175	71.50584	0.44388744	76.59272	70.26374	-74.32983	0.16275473	11712.27220416069
608	0.3674444	0.0	0.3674444	0.3674444	25.0	15200	71.75264	0.48927784	78.15094	66.70522	-74.49751	0.21829066	11731.476463794708
609	0.7709425	0.0	0.7709425	0.7709425	25.0	15225	72.019264	0.5174088	78.437775	63.34744	-74.79078	0.2430417	11750.679709911346
610	0.56033385	0.0	0.56033385	0.56033385	25.0	15250	72.262375	0.5189289	84.04316	69.47901	-75.03841	0.25951442	11771.112125396729
611	3.2012734	0.0	3.2012734	3.2012734	25.0	15275	72.50186	0.52458245	75.332306	62.697556	-75.32273	0.26459888	11790.347336530685
612	0.31688637	0.0	0.31688637	0.31688637	25.0	15300	72.786835	0.4893947	78.61518	67.38256	-75.58771	0.24310659	11809.519706964493
613	1.0138085	0.0	1.0138085	1.0138085	25.0	15325	73.04563	0.49018234	77.21914	67.01093	-75.86852	0.22537856	11828.737671613693
614	0.121189766	0.0	0.121189766	0.121189766	25.0	15350	73.30321	0.43908823	76.85891	70.74212	-76.14395	0.17352895	11847.906891584396
615	1.218738	0.0	1.218738	1.218738	25.0	15375	73.55091	0.46960005	77.960655	69.47536	-76.43815	0.21605009	11867.091724157333
616	0.366576	0.0	0.366576	0.366576	25.0	15400	73.8378	0.49167776	83.29487	70.45466	-76.72117	0.23027964	11886.26506280899
617	0.55979776	0.0	0.55979776	0.55979776	25.0	15425	74.10056	0.5816794	84.0096	61.63169	-76.867195	0.31897765	11905.356125831604
618	0.7069789	0.0	0.7069789	0.7069789	25.0	15450	74.351326	0.69793016	83.69372	65.40803	-77.267204	0.47524837	11924.550938367844
619	0.72827154	0.0	0.72827154	0.72827154	25.0	15475	74.621956	0.53617626	80.61964	64.98814	-77.48486	0.27004996	11943.688119411469
620	1.9909703	0.0	1.9909703	1.9909703	25.0	15500	74.892044	0.5423102	83.53112	70.239044	-77.756836	0.27445197	11964.222002506256
621	0.5726389	0.0	0.5726389	0.5726389	25.0	15525	75.14894	0.47743842	81.13112	69.05492	-78.03858	0.24086937	11983.350671291351
622	0.2760346	0.0	0.2760346	0.2760346	25.0	15550	75.426414	0.51045865	81.078735	70.79632	-78.29497	0.24243967	12002.456076860428
623	0.587368	0.0	0.587368	0.587368	25.0	15575	75.688194	0.535027	86.73973	69.18981	-78.62148	0.2683684	12021.626440525055
624	0.22753966	0.0	0.22753966	0.22753966	25.0	15600	75.94057	0.5487254	78.85221	68.36125	-78.85503	0.28779563	12040.73048377037
625	0.041226976	0.0	0.041226976	0.041226976	25.0	15625	76.20898	0.58774936	83.14349	69.987946	-79.08175	0.3370743	12060.041011810303
626	0.0	0.0	0.0	0.0	25.0	15650	76.48784	0.67071104	85.55225	67.78711	-79.47387	0.43015313	12079.31536102295
627	0.3253223	0.0	0.3253223	0.3253223	25.0	15675	76.7571	0.5327758	82.5439	68.98415	-79.70946	0.27107987	12098.493537664413
628	0.5948425	0.0	0.5948425	0.5948425	25.0	15700	77.026955	0.5134088	82.41144	67.95974	-80.01954	0.24861051	12117.713562965393
629	0.32704735	0.0	0.32704735	0.32704735	25.0	15725	77.285965	0.6448546	88.61897	71.18728	-80.31284	0.4282869	12136.857411384583
