Epoch	AverageEpRet	StdEpRet	MaxEpRet	MinEpRet	EpLen	TotalEnvInteracts	AverageQVals	StdQVals	MaxQVals	MinQVals	LossPi	LossQ	Time
1	5.528618	0.0	5.528618	5.528618	25.0	25	0.1576878	0.3484536	1.0231477	-1.1288214	-0.28497913	0.078000925	22.19975757598877
2	3.1796331	0.0	3.1796331	3.1796331	25.0	50	0.19178917	0.2246218	0.9572716	-0.3822444	-1.5904971	0.013082935	42.70686173439026
3	4.3861256	0.0	4.3861256	4.3861256	25.0	75	0.27789298	0.23289528	1.2149316	-0.21632725	-5.346137	0.018325752	63.480746030807495
4	3.603557	0.0	3.603557	3.603557	25.0	100	0.49869424	0.31864083	1.8942055	-0.20347264	-7.5811467	0.0071326913	83.86994934082031
5	0.7395785	0.0	0.7395785	0.7395785	25.0	125	0.88169146	1.1563764	8.067134	-0.78215873	-1.2954019	1.3897007	104.42179131507874
6	0.0	0.0	0.0	0.0	25.0	150	1.116319	0.3878541	3.321084	0.4600282	-1.0732417	0.045057707	124.94367623329163
7	0.46147406	0.0	0.46147406	0.46147406	25.0	175	1.2826364	0.36927116	3.3000505	0.9431229	-1.3741597	0.00786026	145.42519450187683
8	0.5542835	0.0	0.5542835	0.5542835	25.0	200	1.3230683	0.36058787	3.0986228	0.9817301	-1.4525747	0.007494201	165.91294765472412
9	0.2626733	0.0	0.2626733	0.2626733	25.0	225	1.246765	0.3025935	2.9405062	1.0213665	-1.2694083	0.004500423	186.42689895629883
10	1.4464716	0.0	1.4464716	1.4464716	25.0	250	1.088269	0.24968766	2.568817	0.86772716	-1.1395377	0.0051220683	207.52642822265625
11	0.5028919	0.0	0.5028919	0.5028919	25.0	275	0.98791105	0.20454314	2.2407324	0.8203815	-1.0367627	0.0044701593	228.09389781951904
12	0.34034857	0.0	0.34034857	0.34034857	25.0	300	0.9167186	0.17021164	2.1128707	0.791789	-0.9085636	0.0037083211	248.5567762851715
13	0.72104275	0.0	0.72104275	0.72104275	25.0	325	0.90066934	0.17151101	2.0284219	0.757544	-0.913244	0.003403501	269.0746762752533
14	0.16434497	0.0	0.16434497	0.16434497	25.0	350	0.85935855	0.1555126	1.9749829	0.7331134	-0.8927687	0.0028365538	289.488728761673
15	0.10038823	0.0	0.10038823	0.10038823	25.0	375	0.8291989	0.15021098	1.8735936	0.7275692	-0.92108047	0.0033958561	310.0071816444397
16	0.30216464	0.0	0.30216464	0.30216464	25.0	400	0.8307787	0.15384825	1.8080988	0.70417815	-0.9487443	0.0041493257	330.4783618450165
17	0.8319555	0.0	0.8319555	0.8319555	25.0	425	0.840002	0.1302738	1.7630485	0.70885015	-0.9675208	0.003966453	350.9397699832916
18	0.64430773	0.0	0.64430773	0.64430773	25.0	450	0.85719085	0.1360572	1.7571994	0.7524114	-0.9246293	0.003497974	371.7171223163605
19	0.52196085	0.0	0.52196085	0.52196085	25.0	475	0.86568534	0.13350576	1.7573699	0.743772	-0.9519229	0.002440475	392.3126561641693
20	0.2485245	0.0	0.2485245	0.2485245	25.0	500	0.8899124	0.12407874	1.7583883	0.77102417	-1.0392503	0.0032175973	413.55013632774353
21	0.20947376	0.0	0.20947376	0.20947376	25.0	525	0.9044167	0.11586939	1.7765818	0.7842937	-1.0914668	0.0031619954	434.06911873817444
22	0.08830594	0.0	0.08830594	0.08830594	25.0	550	0.93958545	0.11033622	1.8046879	0.82845414	-1.1801927	0.0031410272	454.6246600151062
23	1.008028	0.0	1.008028	1.008028	25.0	575	0.9784102	0.13040085	1.8237364	0.8187385	-1.2537304	0.004885142	475.0918924808502
24	1.3809867	0.0	1.3809867	1.3809867	25.0	600	1.009963	0.10958286	1.867918	0.8692662	-1.4299648	0.0044268435	495.7165057659149
25	1.8565413	0.0	1.8565413	1.8565413	25.0	625	1.0439302	0.12330495	1.8910245	0.8474389	-1.3651783	0.008548555	516.2221455574036
26	0.49479726	0.0	0.49479726	0.49479726	25.0	650	1.0943182	0.10766337	1.9659098	0.917909	-1.3347216	0.0050147576	536.7429258823395
27	0.32217288	0.0	0.32217288	0.32217288	25.0	675	1.1758641	0.11306423	2.0585597	0.9618123	-1.9437516	0.0063248994	557.3767356872559
28	1.972526	0.0	1.972526	1.972526	25.0	700	1.2472154	0.1430137	2.7299693	0.9546195	-1.4043834	0.019991077	577.9799888134003
29	1.1790897	0.0	1.1790897	1.1790897	25.0	725	1.3553793	0.10395806	2.3011231	1.0591204	-1.6511073	0.0075018615	598.6048474311829
30	1.2062602	0.0	1.2062602	1.2062602	25.0	750	1.5196292	0.118366815	2.461559	1.1980213	-1.7446628	0.009950819	619.99338722229
31	2.366241	0.0	2.366241	2.366241	25.0	775	1.6806313	0.10069087	2.5619588	1.3911104	-2.1516693	0.008829424	640.6212904453278
32	1.8996084	0.0	1.8996084	1.8996084	25.0	800	1.8077731	0.12099039	2.7752938	1.6110137	-2.0347176	0.013244488	661.4951465129852
33	0.40275845	0.0	0.40275845	0.40275845	25.0	825	1.91236	0.111582704	2.8289576	1.7321658	-2.1544428	0.008837229	682.0683128833771
34	1.3297201	0.0	1.3297201	1.3297201	25.0	850	2.000367	0.107501	2.979085	1.8492671	-2.2255123	0.011321148	702.753164768219
35	0.8309083	0.0	0.8309083	0.8309083	25.0	875	2.0427573	0.09500671	3.0045738	1.858048	-2.3733506	0.009573561	723.467853307724
36	0.1965197	0.0	0.1965197	0.1965197	25.0	900	2.1088138	0.10364809	3.0860958	1.7969023	-2.2799146	0.011073947	744.0017082691193
37	0.4317184	0.0	0.4317184	0.4317184	25.0	925	2.2109575	0.110706344	3.2022333	2.037825	-2.5175474	0.008534798	764.6692290306091
38	0.24664512	0.0	0.24664512	0.24664512	25.0	950	2.3190327	0.10630372	3.2769308	2.0640278	-2.572475	0.007899605	785.333144903183
39	1.13193	0.0	1.13193	1.13193	25.0	975	2.4333282	0.110485144	3.4101367	2.2428656	-2.695298	0.00832975	805.9936017990112
40	1.3967222	0.0	1.3967222	1.3967222	25.0	1000	2.526658	0.108220585	3.5335507	2.347185	-2.8370917	0.010920811	827.426102399826
41	0.26239476	0.0	0.26239476	0.26239476	25.0	1025	2.6015687	0.11466873	3.6183743	2.3968935	-2.8110287	0.010214015	848.0061662197113
42	0.571287	0.0	0.571287	0.571287	25.0	1050	2.668477	0.113068365	3.6456192	2.4398222	-2.8656967	0.0120219635	868.6519525051117
43	0.38848138	0.0	0.38848138	0.38848138	25.0	1075	2.7286696	0.10719322	3.6868484	2.52063	-2.9399624	0.009139741	889.2331149578094
44	0.5029487	0.0	0.5029487	0.5029487	25.0	1100	2.784211	0.09927865	3.8214767	2.6151505	-2.9537895	0.0076071094	909.8161351680756
45	0.65705013	0.0	0.65705013	0.65705013	25.0	1125	2.8409052	0.095882945	3.874396	2.6981907	-3.045537	0.009430068	930.3823597431183
46	1.3023634	0.0	1.3023634	1.3023634	25.0	1150	2.871463	0.092558004	3.8194873	2.56941	-3.0574725	0.009221766	950.9193069934845
47	0.7426304	0.0	0.7426304	0.7426304	25.0	1175	2.9026225	0.10362156	3.916051	2.753199	-3.0255063	0.009661298	971.3577871322632
48	0.075513184	0.0	0.075513184	0.075513184	25.0	1200	2.9418774	0.074761406	3.924749	2.649095	-3.2019427	0.007717065	991.8237125873566
49	0.17055826	0.0	0.17055826	0.17055826	25.0	1225	3.0029278	0.11110414	4.0276937	2.807377	-3.2401457	0.009629984	1012.1885826587677
50	0.2870014	0.0	0.2870014	0.2870014	25.0	1250	3.0539732	0.112745285	4.1522007	2.3934715	-3.220189	0.0085324915	1033.5203189849854
51	0.39403567	0.0	0.39403567	0.39403567	25.0	1275	3.0969028	0.09892576	4.114829	2.949571	-3.2563784	0.009341929	1053.9863119125366
52	0.38248953	0.0	0.38248953	0.38248953	25.0	1300	3.1258729	0.09692414	4.2271647	2.9721072	-3.335597	0.0065773954	1074.295969247818
53	0.11426613	0.0	0.11426613	0.11426613	25.0	1325	3.1665356	0.10402276	4.202848	2.942145	-3.430666	0.008590084	1094.6655156612396
54	0.8568525	0.0	0.8568525	0.8568525	25.0	1350	3.1977527	0.08314836	4.247475	3.0393183	-3.5502374	0.00734474	1115.0428581237793
55	0.44119364	0.0	0.44119364	0.44119364	25.0	1375	3.2467213	0.08926013	4.218328	3.040997	-3.521623	0.006342462	1135.5068883895874
56	0.121463	0.0	0.121463	0.121463	25.0	1400	3.294823	0.09342187	4.3601966	3.1127176	-3.5811198	0.007125267	1155.9051501750946
57	0.10793279	0.0	0.10793279	0.10793279	25.0	1425	3.336723	0.08836215	4.2702465	3.0832179	-3.624758	0.0073810276	1176.249813079834
58	0.17677471	0.0	0.17677471	0.17677471	25.0	1450	3.3556247	0.08515351	4.3474693	3.1015456	-3.5383396	0.006517629	1196.7151939868927
59	0.24883799	0.0	0.24883799	0.24883799	25.0	1475	3.3955915	0.09115464	4.341846	3.060754	-3.6335425	0.007768272	1217.0972125530243
60	0.4244461	0.0	0.4244461	0.4244461	25.0	1500	3.4488764	0.09551231	4.3797903	3.2419722	-3.730355	0.007598156	1238.2630987167358
61	0.3475273	0.0	0.3475273	0.3475273	25.0	1525	3.5442712	0.10181184	4.6813445	3.263809	-3.6524801	0.008886085	1258.5478224754333
62	0.62766844	0.0	0.62766844	0.62766844	25.0	1550	3.6097555	0.08953127	4.693633	3.1466255	-3.7398336	0.0094808955	1279.0268807411194
63	0.37870046	0.0	0.37870046	0.37870046	25.0	1575	3.6632023	0.09979636	4.832749	3.3368208	-3.815008	0.008823834	1299.312593460083
64	0.3077506	0.0	0.3077506	0.3077506	25.0	1600	3.6991072	0.09828611	4.777325	3.3480718	-3.920646	0.0077145994	1319.6368398666382
65	1.224333	0.0	1.224333	1.224333	25.0	1625	3.7301116	0.11237672	4.8211703	3.154664	-3.9560852	0.010063523	1339.960256099701
66	0.68788946	0.0	0.68788946	0.68788946	25.0	1650	3.7489624	0.0973794	4.7090745	3.3797524	-3.9611042	0.0085557345	1360.4005012512207
67	0.6124763	0.0	0.6124763	0.6124763	25.0	1675	3.764574	0.08684762	4.823491	3.0883558	-3.9427097	0.007915177	1380.7396292686462
68	0.10701986	0.0	0.10701986	0.10701986	25.0	1700	3.787737	0.0814759	4.800276	3.1586072	-4.027724	0.007842539	1401.1431195735931
69	0.11572237	0.0	0.11572237	0.11572237	25.0	1725	3.8206484	0.10090441	4.7587266	3.2754567	-4.019511	0.00871229	1421.514410018921
70	0.0	0.0	0.0	0.0	25.0	1750	3.8536694	0.10032249	5.134025	3.388333	-4.12837	0.008783725	1443.1239280700684
71	0.01705788	0.0	0.01705788	0.01705788	25.0	1775	3.880931	0.10713521	5.9100723	3.0598202	-4.256296	0.008612622	1463.6588406562805
72	0.95222574	0.0	0.95222574	0.95222574	25.0	1800	3.928651	0.10485152	4.988013	2.8678408	-4.3038106	0.009970818	1484.0719275474548
73	0.09542589	0.0	0.09542589	0.09542589	25.0	1825	3.974242	0.10770771	5.305202	3.0336509	-4.1926737	0.012822546	1504.5033283233643
74	0.021364149	0.0	0.021364149	0.021364149	25.0	1850	4.011041	0.09607302	5.0820713	3.3090458	-4.214783	0.008674216	1524.9340677261353
75	0.10798469	0.0	0.10798469	0.10798469	25.0	1875	4.053627	0.09123705	5.2188573	3.623013	-4.237783	0.008206321	1545.3919987678528
76	0.33909315	0.0	0.33909315	0.33909315	25.0	1900	4.0914702	0.10131434	5.334488	3.6363714	-4.309631	0.009668543	1565.8944845199585
77	0.11543109	0.0	0.11543109	0.11543109	25.0	1925	4.129309	0.117904715	5.3681164	3.6075692	-4.4185977	0.008857722	1586.2997126579285
78	0.49659884	0.0	0.49659884	0.49659884	25.0	1950	4.1550117	0.08755495	5.178634	3.0413573	-4.3800273	0.007624037	1606.773805141449
79	0.26270902	0.0	0.26270902	0.26270902	25.0	1975	4.20553	0.1112259	5.6828794	3.7210777	-4.4492707	0.0091766175	1627.2351758480072
80	0.20520698	0.0	0.20520698	0.20520698	25.0	2000	4.2489796	0.09828235	5.767526	3.9698322	-4.487871	0.008162402	1648.8001029491425
81	0.95620424	0.0	0.95620424	0.95620424	25.0	2025	4.290096	0.09512869	5.29896	3.902487	-4.475283	0.007967719	1669.4832644462585
82	0.13703531	0.0	0.13703531	0.13703531	25.0	2050	4.3286905	0.08820485	5.3868227	3.88577	-4.502536	0.007055974	1690.0171990394592
83	0.20781688	0.0	0.20781688	0.20781688	25.0	2075	4.364053	0.08947872	5.6173306	3.7283242	-4.5573587	0.0085106585	1710.5582828521729
84	0.55219644	0.0	0.55219644	0.55219644	25.0	2100	4.4079175	0.11450648	5.4571414	3.9070582	-4.567962	0.0076420517	1731.012542963028
85	0.7999657	0.0	0.7999657	0.7999657	25.0	2125	4.4222026	0.08076628	5.362574	4.027637	-4.6113324	0.008291592	1751.3777635097504
86	0.4474283	0.0	0.4474283	0.4474283	25.0	2150	4.4536147	0.07787697	5.436338	3.9944232	-4.648547	0.007096738	1771.8133037090302
87	0.6138217	0.0	0.6138217	0.6138217	25.0	2175	4.489621	0.09768042	5.910825	4.3322773	-4.719374	0.009147372	1792.1351306438446
88	0.37690404	0.0	0.37690404	0.37690404	25.0	2200	4.5070577	0.09313688	5.7804136	4.146269	-4.7848372	0.0075739827	1812.5365805625916
89	1.1283399	0.0	1.1283399	1.1283399	25.0	2225	4.533631	0.09154276	5.6356144	4.0740438	-4.8403306	0.0079656	1832.9664273262024
90	0.36726752	0.0	0.36726752	0.36726752	25.0	2250	4.556648	0.09813287	5.548696	4.2599335	-4.8665276	0.010558947	1854.4692113399506
91	0.0	0.0	0.0	0.0	25.0	2275	4.5748286	0.10084081	5.8913426	4.0123653	-4.836371	0.00923619	1874.987545490265
92	0.0	0.0	0.0	0.0	25.0	2300	4.5987377	0.086390994	5.5378456	4.332838	-4.8460674	0.007708399	1895.5432827472687
93	0.0	0.0	0.0	0.0	25.0	2325	4.62819	0.088791005	5.705164	3.9137392	-4.817654	0.007189121	1915.8576731681824
94	0.92687285	0.0	0.92687285	0.92687285	25.0	2350	4.6652503	0.082710855	6.0120177	4.362109	-4.822364	0.0073841317	1936.2508187294006
95	0.46249944	0.0	0.46249944	0.46249944	25.0	2375	4.70917	0.08193892	5.7419124	4.439629	-4.8969703	0.007101999	1956.6938610076904
96	0.03136937	0.0	0.03136937	0.03136937	25.0	2400	4.7426004	0.09363039	5.84312	3.6693354	-4.9284377	0.007583892	1977.0573134422302
97	1.0629195	0.0	1.0629195	1.0629195	25.0	2425	4.7778835	0.109345354	6.0468836	3.8493786	-4.9586763	0.010437973	1997.522037267685
98	0.656786	0.0	0.656786	0.656786	25.0	2450	4.7975235	0.08824261	6.134019	4.148342	-4.9911785	0.00932431	2017.9628267288208
99	0.023997292	0.0	0.023997292	0.023997292	25.0	2475	4.826351	0.08856427	5.7742524	4.213304	-5.002996	0.00811181	2038.3474817276
100	0.15908776	0.0	0.15908776	0.15908776	25.0	2500	4.855551	0.121089436	6.349912	4.379082	-5.037294	0.0111826025	2059.671617746353
101	0.531309	0.0	0.531309	0.531309	25.0	2525	4.8773913	0.102546364	6.2863955	4.027877	-5.0514402	0.009277812	2080.423056602478
102	0.2039803	0.0	0.2039803	0.2039803	25.0	2550	4.897669	0.08766594	5.829074	4.2701397	-5.082707	0.0069905357	2100.7695441246033
103	0.5194948	0.0	0.5194948	0.5194948	25.0	2575	4.9227586	0.083363175	6.0243955	4.3344803	-5.1276274	0.0074477457	2121.607651233673
104	0.0	0.0	0.0	0.0	25.0	2600	4.9577847	0.09708767	6.222254	4.2752633	-5.1486983	0.0115195485	2142.069317817688
105	0.69001395	0.0	0.69001395	0.69001395	25.0	2625	4.97313	0.09644054	6.0796466	4.4613047	-5.2235994	0.009171281	2162.509681224823
106	0.64654595	0.0	0.64654595	0.64654595	25.0	2650	4.988606	0.08789981	6.3348813	4.4476295	-5.187376	0.0077180336	2183.0914845466614
107	0.31269622	0.0	0.31269622	0.31269622	25.0	2675	5.004203	0.08862156	6.097119	4.252934	-5.2046795	0.008146822	2203.596138715744
108	0.37370932	0.0	0.37370932	0.37370932	25.0	2700	5.030153	0.0974192	6.170833	4.5229955	-5.2145953	0.010817065	2224.073084115982
109	0.43761092	0.0	0.43761092	0.43761092	25.0	2725	5.0479717	0.10406649	6.529341	4.2270823	-5.239362	0.0117225805	2244.4394965171814
110	0.5714022	0.0	0.5714022	0.5714022	25.0	2750	5.0658245	0.097126156	6.2214656	3.8647048	-5.247811	0.011345429	2265.9717841148376
111	0.5554397	0.0	0.5554397	0.5554397	25.0	2775	5.091043	0.10692739	6.7803645	4.5948734	-5.2779317	0.010537725	2286.4004282951355
112	0.13689388	0.0	0.13689388	0.13689388	25.0	2800	5.1184554	0.09345838	6.1655836	4.324204	-5.3028374	0.008436979	2306.8657450675964
113	0.23935218	0.0	0.23935218	0.23935218	25.0	2825	5.1421967	0.09970219	6.6960373	4.359021	-5.3297496	0.010977626	2327.3626720905304
114	0.6974972	0.0	0.6974972	0.6974972	25.0	2850	5.161202	0.102555335	6.4944305	4.8202357	-5.3524437	0.009779266	2347.746116876602
115	0.09940275	0.0	0.09940275	0.09940275	25.0	2875	5.181445	0.1064902	6.5797668	4.16025	-5.354144	0.008915359	2368.2123761177063
116	0.21015805	0.0	0.21015805	0.21015805	25.0	2900	5.1987777	0.077765904	5.9641976	4.9513936	-5.3850846	0.007906224	2388.6369857788086
117	0.56658	0.0	0.56658	0.56658	25.0	2925	5.220322	0.089469336	6.083782	4.7877173	-5.411797	0.010783153	2408.99289894104
118	0.44919983	0.0	0.44919983	0.44919983	25.0	2950	5.2375145	0.08282634	6.197718	4.859127	-5.434885	0.010112598	2429.443529367447
119	0.8143385	0.0	0.8143385	0.8143385	25.0	2975	5.2513638	0.07616884	6.450537	4.680659	-5.4510407	0.006177977	2449.8882439136505
120	0.42953312	0.0	0.42953312	0.42953312	25.0	3000	5.280071	0.08734775	6.329679	4.6603413	-5.4853125	0.008387192	2471.452699661255
121	0.044652276	0.0	0.044652276	0.044652276	25.0	3025	5.300973	0.08211703	6.2167106	4.780391	-5.505474	0.008192692	2491.9661407470703
122	0.20347124	0.0	0.20347124	0.20347124	25.0	3050	5.320736	0.08915448	6.55264	4.904703	-5.5361595	0.0073789265	2512.433808326721
123	0.19902614	0.0	0.19902614	0.19902614	25.0	3075	5.3474445	0.11783729	6.552743	4.291504	-5.560797	0.010842897	2532.940844774246
124	0.08327522	0.0	0.08327522	0.08327522	25.0	3100	5.3663588	0.09803185	6.425071	4.8514967	-5.579908	0.009657199	2553.3275423049927
125	0.24981415	0.0	0.24981415	0.24981415	25.0	3125	5.385223	0.09082333	6.380565	4.983249	-5.581883	0.008786575	2573.8074724674225
126	0.22551708	0.0	0.22551708	0.22551708	25.0	3150	5.406164	0.09700713	6.556713	4.5379577	-5.5923414	0.009810392	2594.375992536545
127	0.46991667	0.0	0.46991667	0.46991667	25.0	3175	5.4314246	0.095847204	6.51879	5.058159	-5.630342	0.009139445	2614.8531064987183
128	0.18944925	0.0	0.18944925	0.18944925	25.0	3200	5.452024	0.10187106	6.869993	4.874678	-5.717719	0.009778595	2635.2896299362183
129	0.26083004	0.0	0.26083004	0.26083004	25.0	3225	5.4700623	0.092083395	6.576647	5.0685644	-5.7275414	0.011121741	2655.7503039836884
130	0.31128266	0.0	0.31128266	0.31128266	25.0	3250	5.4918084	0.10655341	6.896554	5.0540314	-5.732302	0.0095187165	2677.37144780159
131	0.0	0.0	0.0	0.0	25.0	3275	5.517001	0.09094866	6.5573587	4.983167	-5.730221	0.009115671	2697.9105961322784
132	0.076551005	0.0	0.076551005	0.076551005	25.0	3300	5.5375714	0.09513199	6.6006584	4.7972207	-5.7446423	0.009020732	2718.294776201248
133	0.7164452	0.0	0.7164452	0.7164452	25.0	3325	5.565314	0.08459721	6.545454	4.9289384	-5.777074	0.007253917	2738.687369823456
134	0.47388554	0.0	0.47388554	0.47388554	25.0	3350	5.603975	0.09605906	6.892478	5.135074	-5.799429	0.009316254	2759.1803805828094
135	0.17477357	0.0	0.17477357	0.17477357	25.0	3375	5.627566	0.07907115	6.5620112	5.2764745	-5.838303	0.0069775092	2779.6958708763123
136	0.40565592	0.0	0.40565592	0.40565592	25.0	3400	5.6594734	0.08165348	6.8316164	5.407143	-5.89868	0.007781449	2800.301696538925
137	0.68109035	0.0	0.68109035	0.68109035	25.0	3425	5.6811867	0.07183295	6.7551703	5.4122066	-5.9000983	0.0066216765	2820.8170030117035
138	0.18984105	0.0	0.18984105	0.18984105	25.0	3450	5.7024927	0.086346254	6.783841	5.2213	-5.9354835	0.007522992	2841.2512147426605
139	0.038876444	0.0	0.038876444	0.038876444	25.0	3475	5.731022	0.111452244	6.962401	5.250398	-5.9406056	0.007919301	2861.683149576187
140	1.0627326	0.0	1.0627326	1.0627326	25.0	3500	5.752954	0.10038661	6.8346124	5.2342277	-5.9875045	0.009315955	2883.4302282333374
141	0.0	0.0	0.0	0.0	25.0	3525	5.767932	0.0856707	6.966315	5.4904323	-6.0599656	0.0067589227	2903.9525861740112
142	0.105075605	0.0	0.105075605	0.105075605	25.0	3550	5.8033557	0.09021929	6.934248	5.2031627	-6.06761	0.008633621	2924.363876104355
143	0.76608473	0.0	0.76608473	0.76608473	25.0	3575	5.822786	0.08857254	7.144655	5.313542	-6.092326	0.010018814	2944.7439455986023
144	0.59802926	0.0	0.59802926	0.59802926	25.0	3600	5.8510914	0.09996714	7.1874456	5.4570856	-6.147875	0.01075064	2965.174168109894
145	0.39705676	0.0	0.39705676	0.39705676	25.0	3625	5.870813	0.09228306	7.0746922	4.959665	-6.17283	0.009073793	2985.7006080150604
146	0.24194163	0.0	0.24194163	0.24194163	25.0	3650	5.9083076	0.100575626	6.9907637	5.1930056	-6.1878757	0.010021129	3006.1972341537476
147	0.362944	0.0	0.362944	0.362944	25.0	3675	5.944818	0.10144808	7.480407	5.4584575	-6.2156262	0.009683411	3026.636613368988
148	0.04800245	0.0	0.04800245	0.04800245	25.0	3700	5.9707007	0.08449443	6.895256	5.188335	-6.226928	0.008880737	3047.1822686195374
149	0.43866104	0.0	0.43866104	0.43866104	25.0	3725	6.0103283	0.09074004	6.8209243	5.629448	-6.251791	0.009834293	3067.6221203804016
150	0.5261159	0.0	0.5261159	0.5261159	25.0	3750	6.0502124	0.10773729	7.601639	5.1451592	-6.321028	0.010332619	3089.5467274188995
151	0.3314628	0.0	0.3314628	0.3314628	25.0	3775	6.0960994	0.077857696	6.964853	5.61505	-6.367935	0.00908053	3110.0498220920563
152	0.41016734	0.0	0.41016734	0.41016734	25.0	3800	6.1246767	0.10946013	8.021919	5.0680065	-6.401477	0.013717409	3130.4823668003082
153	0.5129239	0.0	0.5129239	0.5129239	25.0	3825	6.1543403	0.11095436	7.7661223	4.536363	-6.41	0.011539218	3150.9532899856567
154	0.08031086	0.0	0.08031086	0.08031086	25.0	3850	6.178656	0.10662842	7.5812616	4.959169	-6.4115777	0.011881257	3171.313113927841
155	0.4923333	0.0	0.4923333	0.4923333	25.0	3875	6.199984	0.098560914	7.3790836	5.4561443	-6.4318376	0.010026839	3191.7795927524567
156	0.3175354	0.0	0.3175354	0.3175354	25.0	3900	6.2307067	0.11721336	7.6373596	5.2434974	-6.443036	0.012814067	3212.2739248275757
157	0.037093837	0.0	0.037093837	0.037093837	25.0	3925	6.2626815	0.1037478	7.7787623	5.454358	-6.5084977	0.010974628	3232.6990492343903
158	0.51526564	0.0	0.51526564	0.51526564	25.0	3950	6.2965674	0.11845105	7.99753	5.3161545	-6.5826607	0.013723779	3256.203810453415
159	0.59187394	0.0	0.59187394	0.59187394	25.0	3975	6.3189893	0.08906437	7.675082	5.699857	-6.580823	0.010004053	3276.517493724823
160	0.63816124	0.0	0.63816124	0.63816124	25.0	4000	6.3393755	0.08658434	7.0565324	5.1307206	-6.6287704	0.010880488	3298.265676021576
161	0.43255565	0.0	0.43255565	0.43255565	25.0	4025	6.3701396	0.083611734	7.4143863	6.010512	-6.641174	0.008700586	3318.861314058304
162	0.60055053	0.0	0.60055053	0.60055053	25.0	4050	6.392209	0.087271705	7.9114933	5.720027	-6.6601167	0.0070774667	3339.3292424678802
163	0.28455654	0.0	0.28455654	0.28455654	25.0	4075	6.426843	0.092443675	7.7870474	6.008638	-6.6815434	0.009224527	3359.8358538150787
164	0.16965029	0.0	0.16965029	0.16965029	25.0	4100	6.4604206	0.101410866	8.002576	5.272983	-6.7141576	0.010952154	3380.3254914283752
165	0.42872286	0.0	0.42872286	0.42872286	25.0	4125	6.495082	0.10907082	7.7447762	5.6697516	-6.733775	0.010976783	3400.64369225502
166	0.48402533	0.0	0.48402533	0.48402533	25.0	4150	6.5191545	0.092180945	7.6088085	5.264701	-6.783695	0.010335151	3421.2473442554474
167	0.3722595	0.0	0.3722595	0.3722595	25.0	4175	6.5524235	0.096058756	8.275266	5.705471	-6.8144603	0.010119068	3441.648773431778
168	0.51816523	0.0	0.51816523	0.51816523	25.0	4200	6.579703	0.10571755	8.060172	6.0262475	-6.841482	0.008591055	3462.0539240837097
169	0.5800234	0.0	0.5800234	0.5800234	25.0	4225	6.6097145	0.10180393	8.187116	5.8928237	-6.874636	0.010402138	3482.843611717224
170	0.65294355	0.0	0.65294355	0.65294355	25.0	4250	6.642119	0.10500001	8.068884	6.1810017	-6.878266	0.0108038215	3504.5359671115875
171	0.0037386275	0.0	0.0037386275	0.0037386275	25.0	4275	6.6613755	0.10248451	8.079201	5.5090094	-6.9014025	0.009924977	3525.118756532669
172	0.0	0.0	0.0	0.0	25.0	4300	6.6878686	0.09199944	7.6289067	5.9862003	-6.9493995	0.0091741895	3545.6098568439484
173	0.4835327	0.0	0.4835327	0.4835327	25.0	4325	6.713931	0.088445246	7.683887	5.828071	-6.9856052	0.01012038	3566.0809392929077
174	0.030691931	0.0	0.030691931	0.030691931	25.0	4350	6.73699	0.083991066	7.6333804	6.3957825	-7.008652	0.008848521	3586.6356766223907
175	0.5454955	0.0	0.5454955	0.5454955	25.0	4375	6.772146	0.099254	8.076488	5.7228494	-7.052059	0.011535307	3607.067266702652
176	1.3593624	0.0	1.3593624	1.3593624	25.0	4400	6.7944736	0.09695935	8.063278	6.1269693	-7.055343	0.009867087	3627.4826612472534
177	0.19646096	0.0	0.19646096	0.19646096	25.0	4425	6.8166265	0.099890865	7.9531884	6.030082	-7.081088	0.009441776	3647.9797847270966
178	0.08102149	0.0	0.08102149	0.08102149	25.0	4450	6.844834	0.09162876	8.028959	6.3704844	-7.1124687	0.008667095	3668.4501626491547
179	1.4220489	0.0	1.4220489	1.4220489	25.0	4475	6.872946	0.076046206	8.157069	6.476394	-7.1354895	0.00806905	3688.835340499878
180	0.04008816	0.0	0.04008816	0.04008816	25.0	4500	6.9037952	0.07795614	8.091872	6.426336	-7.1739087	0.008268054	3710.7925527095795
181	0.0765762	0.0	0.0765762	0.0765762	25.0	4525	6.9362597	0.090983436	7.923986	6.4001956	-7.203506	0.008086358	3731.432857275009
182	0.04692791	0.0	0.04692791	0.04692791	25.0	4550	6.96121	0.08820934	8.962908	6.6722674	-7.220249	0.008194784	3751.889215707779
183	0.83719844	0.0	0.83719844	0.83719844	25.0	4575	6.9939423	0.09310587	8.443537	6.312728	-7.27956	0.008373355	3772.233381509781
184	0.2595031	0.0	0.2595031	0.2595031	25.0	4600	7.0187755	0.09781002	8.163771	6.4030113	-7.311198	0.009952483	3792.6152443885803
185	0.45240664	0.0	0.45240664	0.45240664	25.0	4625	7.0472507	0.09854961	7.9702077	6.424352	-7.345708	0.01102462	3813.2152903079987
186	0.24545728	0.0	0.24545728	0.24545728	25.0	4650	7.0689387	0.09174002	8.162056	6.4676023	-7.3581495	0.0098495	3833.707433462143
187	0.0027524375	0.0	0.0027524375	0.0027524375	25.0	4675	7.095111	0.0941985	8.20923	6.606717	-7.380382	0.010004257	3854.173905611038
188	0.4533646	0.0	0.4533646	0.4533646	25.0	4700	7.121295	0.09473726	8.165751	6.411743	-7.412448	0.009671884	3874.6631350517273
189	0.34936026	0.0	0.34936026	0.34936026	25.0	4725	7.149277	0.091671966	8.0710745	6.5926323	-7.4325633	0.010141027	3895.3070509433746
190	0.0	0.0	0.0	0.0	25.0	4750	7.1780047	0.09194172	8.3545065	6.275932	-7.45512	0.010429417	3916.766923189163
191	0.3122269	0.0	0.3122269	0.3122269	25.0	4775	7.2172914	0.08835916	8.101241	6.276456	-7.4982862	0.008251185	3937.7785239219666
192	0.04724909	0.0	0.04724909	0.04724909	25.0	4800	7.2428894	0.0909368	8.32136	6.550102	-7.5142627	0.008657761	3958.1192383766174
193	0.0	0.0	0.0	0.0	25.0	4825	7.2713404	0.09919274	8.948941	6.6882105	-7.546923	0.011884836	3978.5770053863525
194	0.0	0.0	0.0	0.0	25.0	4850	7.3014903	0.1147343	8.257169	5.629963	-7.5840063	0.015756488	3999.163069963455
195	1.1074702	0.0	1.1074702	1.1074702	25.0	4875	7.333681	0.119485475	8.87021	6.4437885	-7.598913	0.015081299	4019.606999874115
196	0.6266416	0.0	0.6266416	0.6266416	25.0	4900	7.3524437	0.12413542	10.785209	6.612278	-7.6179895	0.01769022	4040.085087776184
197	0.22159617	0.0	0.22159617	0.22159617	25.0	4925	7.380271	0.1272759	8.962828	6.253992	-7.6459594	0.01810537	4060.4735674858093
198	0.44729894	0.0	0.44729894	0.44729894	25.0	4950	7.406921	0.111108035	8.457775	6.359242	-7.668148	0.015448282	4080.9609258174896
199	0.3977456	0.0	0.3977456	0.3977456	25.0	4975	7.427713	0.12634629	8.540283	5.522364	-7.701621	0.018208412	4101.344922780991
200	0.0	0.0	0.0	0.0	25.0	5000	7.4565864	0.13381961	9.149906	5.340897	-7.7443733	0.020097347	4123.1460909843445
201	0.053007655	0.0	0.053007655	0.053007655	25.0	5025	7.491093	0.12606782	8.833426	5.9877725	-7.7828608	0.018060213	4144.055281877518
202	0.48826998	0.0	0.48826998	0.48826998	25.0	5050	7.5151534	0.11606773	9.366497	6.611637	-7.8675914	0.012529677	4164.416521787643
203	0.5153364	0.0	0.5153364	0.5153364	25.0	5075	7.5332594	0.10771424	9.282956	6.8463473	-7.9023476	0.0111452425	4184.866206169128
204	0.12817404	0.0	0.12817404	0.12817404	25.0	5100	7.5647645	0.12215235	9.413918	6.5208426	-7.8709164	0.013888177	4205.245366811752
205	0.0	0.0	0.0	0.0	25.0	5125	7.5837	0.09974056	8.48042	6.5655665	-7.859343	0.013807628	4225.598731279373
206	0.2763084	0.0	0.2763084	0.2763084	25.0	5150	7.6103625	0.12690334	9.778947	5.825834	-7.8968067	0.016768223	4245.9996683597565
207	0.18377262	0.0	0.18377262	0.18377262	25.0	5175	7.6560535	0.09478304	9.747422	6.6486874	-7.9413843	0.010318287	4266.372194290161
208	0.224336	0.0	0.224336	0.224336	25.0	5200	7.6999693	0.111380845	10.278592	6.8974705	-7.964813	0.013846781	4286.804572105408
209	0.5583159	0.0	0.5583159	0.5583159	25.0	5225	7.731011	0.09252263	9.302974	6.817732	-8.013228	0.010665455	4307.237332582474
210	0.114764236	0.0	0.114764236	0.114764236	25.0	5250	7.769014	0.111772835	9.699339	6.295219	-8.039826	0.012934247	4328.6614463329315
211	0.8713561	0.0	0.8713561	0.8713561	25.0	5275	7.8053136	0.093107134	9.060199	7.0344276	-8.109869	0.011134326	4349.684314966202
212	0.0	0.0	0.0	0.0	25.0	5300	7.8297234	0.088819094	8.82939	6.88566	-8.125934	0.010963444	4370.0246822834015
213	0.0	0.0	0.0	0.0	25.0	5325	7.863266	0.103334166	8.816636	6.9786196	-8.149554	0.011557835	4390.418065547943
214	0.18686241	0.0	0.18686241	0.18686241	25.0	5350	7.8868837	0.09528757	8.844244	6.8601823	-8.181906	0.010239741	4410.8926038742065
215	0.62080336	0.0	0.62080336	0.62080336	25.0	5375	7.9125023	0.110939264	9.199515	6.555137	-8.203199	0.013431591	4431.336914300919
216	0.6266448	0.0	0.6266448	0.6266448	25.0	5400	7.9377723	0.10592936	9.0771265	7.1379566	-8.239078	0.011897318	4451.886380672455
217	0.21139085	0.0	0.21139085	0.21139085	25.0	5425	7.9674425	0.10194366	9.132302	7.0369806	-8.252763	0.011460824	4472.413631677628
218	0.10193205	0.0	0.10193205	0.10193205	25.0	5450	7.995178	0.09232774	9.199835	7.5127435	-8.298116	0.01173755	4492.857685804367
219	0.70106995	0.0	0.70106995	0.70106995	25.0	5475	8.027807	0.10703418	9.455088	7.6263623	-8.318289	0.01146232	4513.4177322387695
220	0.09781184	0.0	0.09781184	0.09781184	25.0	5500	8.0486765	0.09275684	9.047591	7.6158767	-8.322265	0.009310737	4535.002240657806
221	0.0	0.0	0.0	0.0	25.0	5525	8.073819	0.07687685	9.002616	7.635041	-8.3595915	0.0080038505	4556.078536748886
222	0.039671298	0.0	0.039671298	0.039671298	25.0	5550	8.101652	0.0780105	9.0107975	7.7156215	-8.409951	0.008767	4576.556259155273
223	0.04517394	0.0	0.04517394	0.04517394	25.0	5575	8.130276	0.09115227	9.33159	7.207515	-8.407893	0.008805639	4597.01651263237
224	0.5306989	0.0	0.5306989	0.5306989	25.0	5600	8.158191	0.089867555	9.063754	7.4943633	-8.462467	0.009776893	4617.537440061569
225	0.0	0.0	0.0	0.0	25.0	5625	8.184988	0.07739478	9.047259	7.8699155	-8.54617	0.007848568	4638.035434484482
226	0.438527	0.0	0.438527	0.438527	25.0	5650	8.214743	0.09137797	9.276724	7.4396462	-8.54761	0.010153646	4658.486120939255
227	0.10818931	0.0	0.10818931	0.10818931	25.0	5675	8.232682	0.07921466	9.022896	7.6195683	-8.551992	0.008359299	4678.956356048584
228	0.4613186	0.0	0.4613186	0.4613186	25.0	5700	8.272738	0.08575369	9.455402	7.9310865	-8.575321	0.009214473	4699.444826602936
229	0.30125913	0.0	0.30125913	0.30125913	25.0	5725	8.295269	0.10407694	9.505908	8.070683	-8.609394	0.008764755	4719.956786394119
230	0.1641615	0.0	0.1641615	0.1641615	25.0	5750	8.328012	0.09152166	9.69404	7.9393845	-8.649225	0.009279875	4741.667856216431
231	0.13391003	0.0	0.13391003	0.13391003	25.0	5775	8.372958	0.08742918	9.532983	7.878872	-8.677163	0.008371054	4762.740667104721
232	0.018873436	0.0	0.018873436	0.018873436	25.0	5800	8.407337	0.07892533	9.0948715	7.3552313	-8.714375	0.009270317	4783.155348539352
233	0.47553515	0.0	0.47553515	0.47553515	25.0	5825	8.4411545	0.10014178	9.722686	8.12253	-8.741992	0.011633745	4803.783763885498
234	0.49931896	0.0	0.49931896	0.49931896	25.0	5850	8.478725	0.09284541	9.461268	7.7425003	-8.790258	0.009734276	4824.479914426804
235	0.12836145	0.0	0.12836145	0.12836145	25.0	5875	8.505802	0.09281312	9.484439	7.8072553	-8.80144	0.007911864	4845.065905094147
236	0.0	0.0	0.0	0.0	25.0	5900	8.536838	0.09561852	9.796848	8.091908	-8.847084	0.010660261	4865.555575609207
237	0.123552114	0.0	0.123552114	0.123552114	25.0	5925	8.562606	0.09545575	10.043107	7.2871323	-8.883782	0.008970264	4886.086496829987
238	0.008654804	0.0	0.008654804	0.008654804	25.0	5950	8.595115	0.086933225	9.728538	8.1689205	-8.899627	0.0090018865	4906.589043855667
239	0.10767558	0.0	0.10767558	0.10767558	25.0	5975	8.620133	0.07729494	9.733349	8.300388	-8.933523	0.0070437463	4927.04541516304
240	0.36701536	0.0	0.36701536	0.36701536	25.0	6000	8.656787	0.08826046	10.373039	8.0766115	-8.973089	0.007926341	4948.842131614685
241	0.14760435	0.0	0.14760435	0.14760435	25.0	6025	8.68012	0.08769701	9.727363	8.424883	-9.003092	0.0089445505	4969.886677980423
242	1.477396	0.0	1.477396	1.477396	25.0	6050	8.716538	0.08447873	9.546291	8.29493	-9.032468	0.009170514	4990.480128526688
243	0.3075221	0.0	0.3075221	0.3075221	25.0	6075	8.745922	0.09091135	9.588891	8.004064	-9.072285	0.011973741	5010.987491607666
244	0.0	0.0	0.0	0.0	25.0	6100	8.778726	0.10530492	9.955706	7.960405	-9.095032	0.011737203	5031.520505905151
245	0.06266565	0.0	0.06266565	0.06266565	25.0	6125	8.80572	0.08868372	9.549452	8.105986	-9.124875	0.012167857	5051.944707393646
246	1.046376	0.0	1.046376	1.046376	25.0	6150	8.837667	0.10883376	10.293219	8.002149	-9.167411	0.011314094	5072.3896107673645
247	0.5174079	0.0	0.5174079	0.5174079	25.0	6175	8.869377	0.1093876	10.020023	7.460025	-9.19745	0.014861996	5092.84742307663
248	0.1430959	0.0	0.1430959	0.1430959	25.0	6200	8.895198	0.104195364	9.81519	7.8546305	-9.233812	0.0139131555	5113.220171928406
249	0.7741969	0.0	0.7741969	0.7741969	25.0	6225	8.934447	0.09967678	9.726842	7.982545	-9.270882	0.014083519	5133.634874582291
250	0.31967485	0.0	0.31967485	0.31967485	25.0	6250	8.958068	0.12675492	11.114907	7.684913	-9.290207	0.016374458	5155.317612409592
251	0.8014625	0.0	0.8014625	0.8014625	25.0	6275	9.003917	0.12239177	10.548928	7.972044	-9.345188	0.016347194	5176.361428260803
252	0.24124165	0.0	0.24124165	0.24124165	25.0	6300	9.023147	0.11730343	10.328181	7.4664397	-9.384069	0.015858775	5196.961133718491
253	0.17391093	0.0	0.17391093	0.17391093	25.0	6325	9.055374	0.1220713	10.839109	8.256351	-9.396157	0.013064099	5217.407417535782
254	0.4201409	0.0	0.4201409	0.4201409	25.0	6350	9.089836	0.10266037	10.856619	7.8748274	-9.445522	0.011829233	5237.8958196640015
255	0.43567437	0.0	0.43567437	0.43567437	25.0	6375	9.130676	0.10684666	10.784886	8.309641	-9.453535	0.01256361	5258.434211969376
256	0.5416385	0.0	0.5416385	0.5416385	25.0	6400	9.155706	0.11974836	10.906813	7.4657326	-9.5004835	0.017094593	5278.6183540821075
257	0.90634143	0.0	0.90634143	0.90634143	25.0	6425	9.196057	0.11398755	10.607712	8.561545	-9.528393	0.012808412	5298.5260326862335
258	0.33421114	0.0	0.33421114	0.33421114	25.0	6450	9.229232	0.11841755	10.587913	7.692876	-9.568775	0.017162256	5318.268239736557
259	0.18837218	0.0	0.18837218	0.18837218	25.0	6475	9.262724	0.1358546	10.965849	7.415761	-9.598592	0.016575478	5338.269560098648
260	1.1590923	0.0	1.1590923	1.1590923	25.0	6500	9.2917595	0.103384875	10.500589	8.384706	-9.639467	0.01186589	5359.26929807663
261	0.034714695	0.0	0.034714695	0.034714695	25.0	6525	9.328169	0.11311645	10.688193	8.451559	-9.661593	0.016195828	5379.135056257248
262	0.22646075	0.0	0.22646075	0.22646075	25.0	6550	9.362275	0.1015259	11.014821	8.395095	-9.708452	0.012662725	5399.531936168671
263	0.47543728	0.0	0.47543728	0.47543728	25.0	6575	9.388934	0.104472674	10.487243	7.819631	-9.750269	0.015141887	5419.364702701569
264	0.35359657	0.0	0.35359657	0.35359657	25.0	6600	9.426815	0.10802681	11.023283	8.215522	-9.786478	0.0142705655	5439.263684272766
265	0.54567283	0.0	0.54567283	0.54567283	25.0	6625	9.45809	0.14794455	13.359767	7.9801517	-9.833463	0.023881007	5459.199390888214
266	0.3479496	0.0	0.3479496	0.3479496	25.0	6650	9.493904	0.13626353	11.646186	8.378449	-9.847862	0.018589033	5479.0036561489105
267	0.2885794	0.0	0.2885794	0.2885794	25.0	6675	9.523883	0.109175116	12.096046	8.747101	-9.882642	0.012001106	5498.816611051559
268	0.094028406	0.0	0.094028406	0.094028406	25.0	6700	9.567208	0.11742443	10.852261	8.447492	-9.931896	0.016436541	5518.624380350113
269	0.088262506	0.0	0.088262506	0.088262506	25.0	6725	9.592312	0.090459324	10.797554	8.333279	-9.96531	0.009389674	5538.446922779083
270	0.07074981	0.0	0.07074981	0.07074981	25.0	6750	9.630277	0.09732662	10.748198	8.059635	-9.989485	0.010920417	5559.433954715729
271	1.150155	0.0	1.150155	1.150155	25.0	6775	9.662548	0.08909222	10.425854	8.761965	-10.038366	0.011244322	5579.479440689087
272	0.17754814	0.0	0.17754814	0.17754814	25.0	6800	9.699123	0.09888621	11.004535	9.140833	-10.068109	0.012938526	5599.770467042923
273	0.19606884	0.0	0.19606884	0.19606884	25.0	6825	9.739469	0.110402405	10.73168	8.723022	-10.101148	0.014306899	5619.752252101898
274	0.09022817	0.0	0.09022817	0.09022817	25.0	6850	9.770869	0.11438086	11.203525	8.501954	-10.135934	0.01619805	5639.661224126816
275	0.8792153	0.0	0.8792153	0.8792153	25.0	6875	9.803614	0.11700308	11.245617	7.7363186	-10.166324	0.016465966	5659.393357515335
276	0.10473714	0.0	0.10473714	0.10473714	25.0	6900	9.838353	0.1187957	11.551433	8.152793	-10.206893	0.012833816	5679.206440925598
277	0.4505791	0.0	0.4505791	0.4505791	25.0	6925	9.8746395	0.09619054	11.365093	8.896523	-10.248292	0.012914208	5699.007077932358
278	0.319222	0.0	0.319222	0.319222	25.0	6950	9.909399	0.1305299	11.707771	8.809557	-10.276493	0.0128314765	5718.735491991043
279	0.8089801	0.0	0.8089801	0.8089801	25.0	6975	9.948687	0.10390657	11.339492	9.115206	-10.321049	0.012999987	5738.4725551605225
280	0.2469004	0.0	0.2469004	0.2469004	25.0	7000	9.983377	0.09885346	11.401816	9.094923	-10.352104	0.01330631	5759.519592761993
281	0.4671651	0.0	0.4671651	0.4671651	25.0	7025	10.0133	0.10831498	11.481479	9.2120495	-10.395321	0.011677685	5779.836021661758
282	0.0	0.0	0.0	0.0	25.0	7050	10.05314	0.11674902	12.241863	8.753862	-10.4294615	0.01411733	5800.089289426804
283	0.18832313	0.0	0.18832313	0.18832313	25.0	7075	10.089631	0.094919026	11.156686	9.685044	-10.469652	0.01180126	5820.0469336509705
284	0.012451871	0.0	0.012451871	0.012451871	25.0	7100	10.13063	0.10292827	11.807515	9.639513	-10.515685	0.012698977	5839.856114149094
285	0.2575769	0.0	0.2575769	0.2575769	25.0	7125	10.156734	0.10962945	11.375786	9.149344	-10.531549	0.0122308275	5859.616246700287
286	0.16447887	0.0	0.16447887	0.16447887	25.0	7150	10.201881	0.102494754	11.242516	8.830328	-10.578159	0.013122873	5879.408043384552
287	0.23323382	0.0	0.23323382	0.23323382	25.0	7175	10.232785	0.09631529	11.091081	9.586989	-10.622881	0.012675052	5899.1883137226105
288	0.033627708	0.0	0.033627708	0.033627708	25.0	7200	10.268347	0.09336757	11.414146	9.55497	-10.646454	0.011114186	5919.033934831619
289	0.05491934	0.0	0.05491934	0.05491934	25.0	7225	10.30365	0.07880714	10.901045	9.644158	-10.690512	0.010142711	5938.905455112457
290	1.0701768	0.0	1.0701768	1.0701768	25.0	7250	10.345232	0.10575885	11.6672325	9.995029	-10.733526	0.010935842	5960.016889572144
291	0.28448248	0.0	0.28448248	0.28448248	25.0	7275	10.376629	0.10628753	11.891177	9.647395	-10.768999	0.011629352	5980.049124956131
292	0.0	0.0	0.0	0.0	25.0	7300	10.415927	0.10787883	11.592045	9.050266	-10.800737	0.011521547	6000.551835298538
293	0.37349004	0.0	0.37349004	0.37349004	25.0	7325	10.452275	0.098731495	11.964479	9.948133	-10.847433	0.0113681555	6020.35390329361
294	0.7571032	0.0	0.7571032	0.7571032	25.0	7350	10.494746	0.10575525	11.50713	9.144925	-10.871282	0.015129304	6040.173347234726
295	0.13945614	0.0	0.13945614	0.13945614	25.0	7375	10.523547	0.09954795	11.200401	9.877506	-10.931711	0.012292484	6060.241253614426
296	0.0	0.0	0.0	0.0	25.0	7400	10.569101	0.11602391	12.632726	9.411574	-10.956228	0.014689377	6080.65592622757
297	0.37407142	0.0	0.37407142	0.37407142	25.0	7425	10.6073	0.12176303	12.5412855	9.491588	-11.0131235	0.01643463	6100.945198774338
298	0.6583254	0.0	0.6583254	0.6583254	25.0	7450	10.641693	0.101877764	11.550173	10.220632	-11.039519	0.0132406745	6121.113500118256
299	0.33331084	0.0	0.33331084	0.33331084	25.0	7475	10.680284	0.11232965	11.840753	9.311621	-11.077409	0.013580479	6141.467288970947
300	0.8145171	0.0	0.8145171	0.8145171	25.0	7500	10.720609	0.1087884	12.31806	9.991105	-11.128103	0.013068995	6162.976851463318
301	0.36609405	0.0	0.36609405	0.36609405	25.0	7525	10.7562895	0.094156824	11.962781	9.884717	-11.173905	0.012319771	6183.252564668655
302	0.14887375	0.0	0.14887375	0.14887375	25.0	7550	10.791107	0.1013435	12.189391	9.8480425	-11.217651	0.009229617	6204.177021741867
303	0.13585927	0.0	0.13585927	0.13585927	25.0	7575	10.831869	0.1046889	11.966319	8.831747	-11.257136	0.01386448	6224.441504478455
304	0.5454056	0.0	0.5454056	0.5454056	25.0	7600	10.873358	0.10905116	12.626619	10.334311	-11.285181	0.013482222	6244.672525644302
305	0.92963195	0.0	0.92963195	0.92963195	25.0	7625	10.918083	0.094172895	12.578206	10.411235	-11.325322	0.011357508	6264.949343681335
306	0.3060224	0.0	0.3060224	0.3060224	25.0	7650	10.953612	0.13208441	14.038658	9.913458	-11.36761	0.020232935	6285.16462635994
307	0.33544442	0.0	0.33544442	0.33544442	25.0	7675	10.997759	0.12829144	13.592003	9.673003	-11.395207	0.015162273	6305.296507358551
308	0.41433412	0.0	0.41433412	0.41433412	25.0	7700	11.032349	0.095727615	12.12176	10.181183	-11.437281	0.012108851	6325.452266931534
309	0.1697633	0.0	0.1697633	0.1697633	25.0	7725	11.074924	0.14547972	13.287933	9.233497	-11.486628	0.022798782	6345.604743480682
310	0.43111527	0.0	0.43111527	0.43111527	25.0	7750	11.114092	0.13346244	12.797165	9.591343	-11.523451	0.023047965	6366.984576225281
311	0.06332274	0.0	0.06332274	0.06332274	25.0	7775	11.158089	0.12770247	12.799419	10.128243	-11.569876	0.016370155	6387.220008850098
312	0.5329759	0.0	0.5329759	0.5329759	25.0	7800	11.184168	0.095266804	12.233985	10.516107	-11.607855	0.014407047	6408.0378403663635
313	0.49643555	0.0	0.49643555	0.49643555	25.0	7825	11.227115	0.088370845	12.148713	10.583673	-11.637943	0.010856791	6428.278544187546
314	0.30250764	0.0	0.30250764	0.30250764	25.0	7850	11.275198	0.1173091	13.892041	10.103179	-11.702061	0.013817904	6448.6772813797
315	0.18929097	0.0	0.18929097	0.18929097	25.0	7875	11.314371	0.099386446	12.719189	9.796205	-11.752178	0.013354954	6468.979737520218
316	0.81513876	0.0	0.81513876	0.81513876	25.0	7900	11.3513365	0.106803656	12.490503	10.426451	-11.780612	0.016411617	6490.34167098999
317	0.3082415	0.0	0.3082415	0.3082415	25.0	7925	11.394868	0.15671574	14.0898	9.254997	-11.82481	0.02104498	6510.5501537323
318	0.30010924	0.0	0.30010924	0.30010924	25.0	7950	11.4340725	0.12696105	12.837603	10.122858	-11.860901	0.019039186	6530.848667144775
319	0.39037892	0.0	0.39037892	0.39037892	25.0	7975	11.472547	0.14707023	14.314074	8.793877	-11.909152	0.025353782	6551.16477894783
320	0.12877923	0.0	0.12877923	0.12877923	25.0	8000	11.516775	0.14176857	13.799565	10.515964	-11.958169	0.021531427	6572.8309535980225
321	0.116532296	0.0	0.116532296	0.116532296	25.0	8025	11.558291	0.11566411	12.69376	10.22897	-11.989802	0.016574768	6592.9434514045715
322	0.62477845	0.0	0.62477845	0.62477845	25.0	8050	11.592839	0.11164101	13.094549	10.536793	-12.0221615	0.012951289	6614.732161283493
323	0.27486706	0.0	0.27486706	0.27486706	25.0	8075	11.642016	0.13150011	13.807646	10.386953	-12.072972	0.017084217	6634.711304187775
324	0.5281742	0.0	0.5281742	0.5281742	25.0	8100	11.674625	0.114436656	12.828998	10.128791	-12.107179	0.015491284	6654.768124341965
325	0.4741337	0.0	0.4741337	0.4741337	25.0	8125	11.713742	0.19036627	15.663139	7.533335	-12.16371	0.037161335	6675.334832906723
326	0.7020243	0.0	0.7020243	0.7020243	25.0	8150	11.757832	0.13368122	13.640258	10.542085	-12.192676	0.020876564	6695.429546833038
327	0.09378849	0.0	0.09378849	0.09378849	25.0	8175	11.802676	0.111060694	13.362779	10.825451	-12.235033	0.016060706	6715.549263954163
328	0.21986695	0.0	0.21986695	0.21986695	25.0	8200	11.840476	0.10724762	12.518214	10.2397375	-12.274646	0.014467112	6735.578142642975
329	0.17292467	0.0	0.17292467	0.17292467	25.0	8225	11.883288	0.113298446	13.554211	10.993428	-12.318515	0.015100063	6755.462852239609
330	0.71333176	0.0	0.71333176	0.71333176	25.0	8250	11.929599	0.12457449	13.847575	9.657631	-12.373286	0.018285654	6776.791004180908
331	0.0	0.0	0.0	0.0	25.0	8275	11.963736	0.12886614	12.9351425	8.926885	-12.400993	0.019568384	6797.054728746414
332	0.29978505	0.0	0.29978505	0.29978505	25.0	8300	12.00523	0.104269914	13.443847	11.171727	-12.456138	0.015170434	6817.925288677216
333	0.27000284	0.0	0.27000284	0.27000284	25.0	8325	12.050934	0.09708812	13.007714	11.1690235	-12.498266	0.013824255	6837.953419685364
334	0.5267499	0.0	0.5267499	0.5267499	25.0	8350	12.093379	0.13221945	14.022088	11.7611885	-12.539302	0.016328933	6858.331113100052
335	0.0	0.0	0.0	0.0	25.0	8375	12.134097	0.13498987	13.430663	10.092182	-12.577811	0.018895054	6878.255146980286
336	0.2234437	0.0	0.2234437	0.2234437	25.0	8400	12.17663	0.12068267	14.599449	11.793977	-12.617379	0.013956822	6898.160407304764
337	0.6588243	0.0	0.6588243	0.6588243	25.0	8425	12.211684	0.120397545	13.795167	10.739694	-12.659567	0.017215542	6918.277544975281
338	0.8621546	0.0	0.8621546	0.8621546	25.0	8450	12.255573	0.11511812	13.708212	10.207977	-12.706845	0.016922515	6938.257786273956
339	0.034908783	0.0	0.034908783	0.034908783	25.0	8475	12.300292	0.12173786	14.318981	11.193319	-12.749414	0.016322961	6958.24695110321
340	0.5092378	0.0	0.5092378	0.5092378	25.0	8500	12.340466	0.10550423	13.243375	11.475783	-12.803933	0.016148807	6980.476632833481
341	0.42896253	0.0	0.42896253	0.42896253	25.0	8525	12.390542	0.1432309	14.257391	11.329974	-12.8392105	0.018173346	7000.551865816116
342	0.31222066	0.0	0.31222066	0.31222066	25.0	8550	12.418653	0.11132255	13.651023	11.5144415	-12.875696	0.014135178	7021.093834161758
343	0.4134659	0.0	0.4134659	0.4134659	25.0	8575	12.473145	0.12445383	13.993874	11.565806	-12.959948	0.018487036	7041.729201793671
344	0.25132382	0.0	0.25132382	0.25132382	25.0	8600	12.513994	0.14517528	14.32855	11.196872	-13.07803	0.020180508	7061.465919494629
345	0.64407057	0.0	0.64407057	0.64407057	25.0	8625	12.557019	0.10755015	13.749128	11.44756	-13.103785	0.015553323	7082.2979254722595
346	0.11127661	0.0	0.11127661	0.11127661	25.0	8650	12.599443	0.12442123	13.703903	10.376449	-13.147033	0.019538328	7102.1626443862915
347	1.0064286	0.0	1.0064286	1.0064286	25.0	8675	12.648459	0.1420887	15.467114	11.568245	-13.188424	0.017924692	7122.040017366409
348	0.6848346	0.0	0.6848346	0.6848346	25.0	8700	12.708327	0.12743577	14.90911	11.825043	-13.226715	0.015243702	7141.95307135582
349	0.13991864	0.0	0.13991864	0.13991864	25.0	8725	12.781567	0.10681193	13.459515	11.166395	-13.296666	0.015176933	7162.241559267044
350	0.3352521	0.0	0.3352521	0.3352521	25.0	8750	12.851643	0.11950066	14.412878	11.983631	-13.356998	0.017257385	7183.885968446732
351	0.5802142	0.0	0.5802142	0.5802142	25.0	8775	12.895472	0.12044484	14.14811	11.647235	-13.418291	0.0167468	7204.890011548996
352	0.10263435	0.0	0.10263435	0.10263435	25.0	8800	12.961128	0.13266988	15.300144	11.836379	-13.44318	0.017931148	7225.474277019501
353	1.6436449	0.0	1.6436449	1.6436449	25.0	8825	13.013581	0.13190208	15.2324705	11.951099	-13.480313	0.020599542	7245.3184587955475
354	0.09659818	0.0	0.09659818	0.09659818	25.0	8850	13.057577	0.12404053	14.560607	11.935394	-13.541121	0.016787196	7265.423339605331
355	0.36018366	0.0	0.36018366	0.36018366	25.0	8875	13.096497	0.10876783	14.405768	11.789588	-13.56856	0.015382711	7285.257224321365
356	0.3067699	0.0	0.3067699	0.3067699	25.0	8900	13.141323	0.09564284	14.072489	12.2253895	-13.637242	0.012279833	7305.0502643585205
357	0.13072073	0.0	0.13072073	0.13072073	25.0	8925	13.191013	0.12967929	14.830516	10.568696	-13.681584	0.016790947	7325.354250192642
358	0.30599713	0.0	0.30599713	0.30599713	25.0	8950	13.231134	0.11185109	15.178659	12.923112	-13.715801	0.011531269	7345.148317337036
359	0.15688151	0.0	0.15688151	0.15688151	25.0	8975	13.277229	0.114462815	15.6647415	12.274908	-13.771111	0.016863871	7365.012076616287
360	0.0	0.0	0.0	0.0	25.0	9000	13.320395	0.10484208	14.299273	12.011235	-13.840741	0.013811277	7386.2393887043
361	0.5319819	0.0	0.5319819	0.5319819	25.0	9025	13.372244	0.10087334	14.442413	12.778083	-13.846633	0.014072997	7406.226944923401
362	0.5988067	0.0	0.5988067	0.5988067	25.0	9050	13.419197	0.1582711	15.335919	9.898595	-13.916635	0.02533784	7426.781712293625
363	0.3215596	0.0	0.3215596	0.3215596	25.0	9075	13.461662	0.11191535	14.805287	12.251875	-13.948869	0.013625946	7446.652402639389
364	0.3085676	0.0	0.3085676	0.3085676	25.0	9100	13.508999	0.111827835	14.837212	12.770194	-14.029663	0.01458931	7466.448455095291
365	0.34549257	0.0	0.34549257	0.34549257	25.0	9125	13.552727	0.110281035	14.575381	12.424876	-14.043946	0.015127176	7486.250282287598
366	0.23981382	0.0	0.23981382	0.23981382	25.0	9150	13.599499	0.11931262	15.076573	12.175554	-14.125449	0.01653092	7506.134099960327
367	0.21706615	0.0	0.21706615	0.21706615	25.0	9175	13.650564	0.12488542	15.477437	12.370768	-14.192225	0.014827847	7526.310535430908
368	0.5838759	0.0	0.5838759	0.5838759	25.0	9200	13.691127	0.12502623	15.003339	11.882658	-14.366215	0.01752983	7546.41236448288
369	0.18395375	0.0	0.18395375	0.18395375	25.0	9225	13.744929	0.12356946	14.865902	12.489812	-14.341357	0.015999408	7566.294755458832
370	0.03749757	0.0	0.03749757	0.03749757	25.0	9250	13.79868	0.14311422	15.948911	12.085938	-14.43668	0.018238211	7587.618230581284
371	0.0	0.0	0.0	0.0	25.0	9275	13.868247	0.13543193	14.635594	13.047567	-14.545876	0.021966072	7607.5570657253265
372	0.4417784	0.0	0.4417784	0.4417784	25.0	9300	13.966182	0.12900917	15.533547	12.67978	-14.753982	0.016549828	7628.11310172081
373	0.4403502	0.0	0.4403502	0.4403502	25.0	9325	14.052221	0.12097273	15.348527	13.428918	-14.828933	0.01812076	7647.945941209793
374	0.49393514	0.0	0.49393514	0.49393514	25.0	9350	14.106911	0.12509581	16.130728	13.19237	-14.759679	0.016873207	7667.83642911911
375	0.1719674	0.0	0.1719674	0.1719674	25.0	9375	14.140522	0.11832492	15.980797	13.446934	-14.706003	0.01668098	7687.572753429413
376	0.0	0.0	0.0	0.0	25.0	9400	14.203403	0.10972786	15.347058	13.315479	-14.759753	0.015935972	7707.309596538544
377	0.56448674	0.0	0.56448674	0.56448674	25.0	9425	14.3068495	0.12821673	17.010876	13.779705	-14.867989	0.015361628	7727.062826156616
378	0.18758625	0.0	0.18758625	0.18758625	25.0	9450	14.388414	0.13560435	17.51267	12.863449	-14.926674	0.022055032	7746.842878818512
379	0.6239134	0.0	0.6239134	0.6239134	25.0	9475	14.459043	0.12313034	15.9387245	13.61794	-15.140638	0.016401734	7766.552482843399
380	0.21732418	0.0	0.21732418	0.21732418	25.0	9500	14.535489	0.1363123	16.97528	13.115824	-15.341601	0.018523717	7787.834818840027
381	0.22071506	0.0	0.22071506	0.22071506	25.0	9525	14.616049	0.168379	18.096096	13.138288	-15.345855	0.030826498	7807.694708108902
382	0.19654202	0.0	0.19654202	0.19654202	25.0	9550	14.675808	0.14444318	16.800465	13.818934	-15.331235	0.020060724	7828.284257411957
383	0.6961078	0.0	0.6961078	0.6961078	25.0	9575	14.736951	0.12176318	16.027151	13.026889	-15.361394	0.018927874	7848.049357652664
384	0.2535175	0.0	0.2535175	0.2535175	25.0	9600	14.8177	0.15879738	17.172478	13.794878	-15.474392	0.023460232	7867.843275547028
385	0.81354064	0.0	0.81354064	0.81354064	25.0	9625	14.899143	0.15027753	16.159098	13.212866	-15.4689865	0.026175296	7887.481610536575
386	0.610027	0.0	0.610027	0.610027	25.0	9650	14.975576	0.161695	17.596998	13.826249	-15.54581	0.025643572	7907.185082435608
387	0.9273953	0.0	0.9273953	0.9273953	25.0	9675	15.057348	0.17818874	17.220013	12.85009	-15.670924	0.029965505	7926.976448774338
388	0.63803476	0.0	0.63803476	0.63803476	25.0	9700	15.112881	0.12392589	15.67602	13.433564	-15.676121	0.019309891	7946.884446382523
389	0.20033343	0.0	0.20033343	0.20033343	25.0	9725	15.182154	0.1275204	16.400682	13.793273	-15.767032	0.017813066	7967.048743247986
390	0.0	0.0	0.0	0.0	25.0	9750	15.240322	0.16125947	17.85546	13.166046	-15.827188	0.027200889	7988.365621805191
391	0.14947005	0.0	0.14947005	0.14947005	25.0	9775	15.307063	0.13747777	17.187286	12.806996	-15.866471	0.023189519	8008.901547670364
392	0.05877254	0.0	0.05877254	0.05877254	25.0	9800	15.346953	0.16182828	17.463053	13.005357	-15.943424	0.031509325	8028.627310752869
393	0.6185419	0.0	0.6185419	0.6185419	25.0	9825	15.405198	0.13614021	17.1303	13.664135	-15.953205	0.021623231	8048.464520931244
394	0.48003685	0.0	0.48003685	0.48003685	25.0	9850	15.441528	0.1478154	17.161217	13.2673025	-16.00517	0.027023807	8068.36421918869
395	0.4215272	0.0	0.4215272	0.4215272	25.0	9875	15.5058365	0.12704086	17.321142	14.34226	-16.075361	0.01845729	8088.107555150986
396	0.049399953	0.0	0.049399953	0.049399953	25.0	9900	15.559403	0.13995942	17.799139	14.044431	-16.146864	0.021928463	8107.851178646088
397	0.28267974	0.0	0.28267974	0.28267974	25.0	9925	15.612417	0.12402358	16.710287	14.709675	-16.206564	0.019062892	8127.545229911804
398	0.40236095	0.0	0.40236095	0.40236095	25.0	9950	15.659777	0.13281085	16.750252	14.032849	-16.249756	0.021333437	8147.285057067871
399	1.1933907	0.0	1.1933907	1.1933907	25.0	9975	15.714403	0.16936441	18.104338	14.174725	-16.34962	0.028536627	8167.020981311798
400	0.67128766	0.0	0.67128766	0.67128766	25.0	10000	15.7695	0.17383961	19.099943	14.810783	-16.50443	0.031083535	8188.41020154953
401	1.7296896	0.0	1.7296896	1.7296896	25.0	10025	15.826987	0.18544453	19.656971	13.698039	-17.048704	0.034925472	8208.969648122787
402	0.24026246	0.0	0.24026246	0.24026246	25.0	10050	15.879426	0.16630682	18.220615	14.389213	-17.224146	0.02759593	8229.22224020958
403	0.32423788	0.0	0.32423788	0.32423788	25.0	10075	15.944702	0.12739733	17.386543	14.319656	-17.177258	0.020385263	8249.590692996979
404	0.29412735	0.0	0.29412735	0.29412735	25.0	10100	16.014456	0.13462937	18.076109	15.014038	-17.171001	0.020866562	8269.708232402802
405	0.6279874	0.0	0.6279874	0.6279874	25.0	10125	16.151579	0.13289684	17.261168	14.062213	-17.108625	0.018691441	8289.434093236923
406	0.30630246	0.0	0.30630246	0.30630246	25.0	10150	16.263323	0.16969763	19.548117	13.347156	-17.037016	0.029867686	8309.18378162384
407	0.5727751	0.0	0.5727751	0.5727751	25.0	10175	16.338108	0.15939124	19.513458	14.5444355	-17.635809	0.023549741	8328.925454616547
408	0.33985272	0.0	0.33985272	0.33985272	25.0	10200	16.418486	0.15276743	17.906828	14.495473	-20.842937	0.03029933	8348.691038608551
409	0.39761627	0.0	0.39761627	0.39761627	25.0	10225	16.500647	0.28879815	23.583103	13.322835	-22.917072	0.08535852	8368.403416872025
410	0.70067996	0.0	0.70067996	0.70067996	25.0	10250	16.316198	0.35066566	19.915287	12.095877	-15.49138	0.12091936	8389.783638477325
411	0.29933557	0.0	0.29933557	0.29933557	25.0	10275	15.932667	0.18357247	17.41942	13.737916	-18.479988	0.03213252	8410.358523607254
412	0.3654982	0.0	0.3654982	0.3654982	25.0	10300	16.110174	0.16601834	17.949049	14.057707	-17.638153	0.028166821	8430.168228626251
413	0.47457612	0.0	0.47457612	0.47457612	25.0	10325	16.305452	0.17335096	18.440437	14.429633	-17.390833	0.030042224	8450.031222820282
414	0.33167595	0.0	0.33167595	0.33167595	25.0	10350	16.57484	0.20448788	18.906044	14.333317	-17.578487	0.031182652	8469.739619016647
415	0.0126846805	0.0	0.0126846805	0.0126846805	25.0	10375	17.08158	0.2968808	18.929996	13.739894	-18.176664	0.031002332	8489.493089437485
416	0.74115646	0.0	0.74115646	0.74115646	25.0	10400	18.207245	0.4134516	20.514685	15.691519	-19.389494	0.031975172	8509.123667240143
417	0.0	0.0	0.0	0.0	25.0	10425	19.308355	0.27236366	20.67174	17.587738	-20.670595	0.033659037	8528.90690779686
418	0.49526542	0.0	0.49526542	0.49526542	25.0	10450	19.673218	0.17506742	21.738453	17.695896	-22.220453	0.03607115	8548.629955530167
419	0.5307025	0.0	0.5307025	0.5307025	25.0	10475	19.537077	0.23627174	22.282154	15.848267	-21.03457	0.05260862	8568.32057595253
420	0.36552444	0.0	0.36552444	0.36552444	25.0	10500	19.41261	0.26726162	22.173742	17.416649	-20.098595	0.074054345	8589.692508459091
421	0.42698124	0.0	0.42698124	0.42698124	25.0	10525	19.482754	0.22472307	21.447485	17.02521	-21.077272	0.05395086	8610.269384622574
422	0.20977217	0.0	0.20977217	0.20977217	25.0	10550	19.79036	0.22372408	22.951273	18.702139	-22.844921	0.04527297	8630.005108118057
423	0.0	0.0	0.0	0.0	25.0	10575	20.04161	0.23790969	22.694847	16.501528	-21.891624	0.057970215	8649.83330321312
424	0.5281231	0.0	0.5281231	0.5281231	25.0	10600	20.10896	0.22692353	23.130571	17.073227	-21.059328	0.04917308	8669.951612472534
425	0.21460848	0.0	0.21460848	0.21460848	25.0	10625	20.173252	0.1581547	21.537842	19.15318	-21.320768	0.028616333	8689.626432657242
426	0.10249438	0.0	0.10249438	0.10249438	25.0	10650	20.310102	0.18791562	22.022163	18.075064	-21.039318	0.042111896	8709.440520763397
427	0.45553714	0.0	0.45553714	0.45553714	25.0	10675	20.674759	0.24121693	23.511421	18.826084	-21.39392	0.03849579	8729.20253443718
428	0.7437459	0.0	0.7437459	0.7437459	25.0	10700	21.329973	0.29165277	22.656515	18.927362	-22.077036	0.04116397	8748.919132709503
429	0.1986646	0.0	0.1986646	0.1986646	25.0	10725	21.901314	0.2849167	29.123398	18.888716	-23.086437	0.0759554	8768.642342329025
430	0.7214858	0.0	0.7214858	0.7214858	25.0	10750	22.310678	0.24934478	24.282513	20.417974	-23.743582	0.044826195	8790.4770693779
431	0.03094663	0.0	0.03094663	0.03094663	25.0	10775	22.763208	0.25216177	28.079292	21.192799	-23.535261	0.068466574	8811.195262908936
432	0.19337778	0.0	0.19337778	0.19337778	25.0	10800	22.699425	0.33949614	26.287672	14.210489	-23.336103	0.12330294	8831.033786773682
433	0.019825667	0.0	0.019825667	0.019825667	25.0	10825	22.498472	0.27427334	29.290783	19.219954	-23.221952	0.078890115	8850.853560209274
434	0.66974413	0.0	0.66974413	0.66974413	25.0	10850	22.413496	0.23846509	25.582531	18.634787	-23.568995	0.059814636	8870.561789274216
435	0.37178203	0.0	0.37178203	0.37178203	25.0	10875	22.486216	0.25228676	26.567064	18.230055	-23.918655	0.06673971	8890.325066566467
436	0.53527325	0.0	0.53527325	0.53527325	25.0	10900	22.824383	0.24337058	25.127546	19.275991	-23.729904	0.048401736	8910.204071044922
437	0.45801598	0.0	0.45801598	0.45801598	25.0	10925	23.153355	0.19071838	25.562342	20.691374	-23.972916	0.040373117	8929.996085643768
438	0.1391156	0.0	0.1391156	0.1391156	25.0	10950	23.191017	0.20336953	26.144634	20.377777	-24.090416	0.043644022	8950.070460319519
439	0.5938928	0.0	0.5938928	0.5938928	25.0	10975	23.192568	0.25092748	27.306746	19.954132	-24.083252	0.06525176	8970.514078617096
440	0.46890825	0.0	0.46890825	0.46890825	25.0	11000	23.512182	0.26205137	25.141603	20.306597	-24.949026	0.04558488	8992.402751684189
441	1.038819	0.0	1.038819	1.038819	25.0	11025	24.37698	0.34084636	26.793732	21.486927	-25.654106	0.05506228	9013.417600154877
442	0.4745172	0.0	0.4745172	0.4745172	25.0	11050	24.99365	0.25883374	27.41097	21.05532	-26.24926	0.062498398	9032.974735736847
443	0.12263153	0.0	0.12263153	0.12263153	25.0	11075	25.115839	0.18248592	27.103329	23.543154	-26.07034	0.041082893	9052.697300195694
444	0.0	0.0	0.0	0.0	25.0	11100	25.08733	0.22928275	27.869967	22.039246	-26.081131	0.057556693	9072.340723752975
445	0.41206676	0.0	0.41206676	0.41206676	25.0	11125	25.1388	0.24367152	28.595886	23.713413	-26.037893	0.05714471	9092.083464384079
446	0.028373765	0.0	0.028373765	0.028373765	25.0	11150	25.159033	0.23218769	28.504387	21.978912	-26.066643	0.06392231	9111.828934192657
447	0.70899624	0.0	0.70899624	0.70899624	25.0	11175	25.149199	0.24374814	28.47668	22.039017	-26.008432	0.06437075	9131.514307260513
448	0.027943298	0.0	0.027943298	0.027943298	25.0	11200	25.127892	0.25123188	27.618591	19.401081	-25.994238	0.06582811	9151.203563213348
449	0.28034806	0.0	0.28034806	0.28034806	25.0	11225	25.0962	0.2013642	27.393587	22.45503	-25.931257	0.042558625	9170.914472579956
450	0.32094404	0.0	0.32094404	0.32094404	25.0	11250	25.112017	0.23853096	28.490301	21.136965	-25.949312	0.059669122	9192.223077058792
451	0.24640214	0.0	0.24640214	0.24640214	25.0	11275	25.122438	0.17966475	26.66407	23.003418	-25.986826	0.03781216	9212.838633298874
452	0.42079732	0.0	0.42079732	0.42079732	25.0	11300	25.130974	0.2042486	27.60897	23.96733	-25.969131	0.04399388	9232.518626451492
453	1.0800152	0.0	1.0800152	1.0800152	25.0	11325	25.164116	0.17437579	26.272123	23.557398	-25.95716	0.03682475	9252.250324487686
454	0.09581277	0.0	0.09581277	0.09581277	25.0	11350	25.20859	0.20934656	28.011917	22.003187	-26.156693	0.04397089	9272.13924908638
455	0.3570119	0.0	0.3570119	0.3570119	25.0	11375	25.288311	0.23664126	30.908194	22.771141	-26.118572	0.04971819	9291.817807912827
456	0.08531096	0.0	0.08531096	0.08531096	25.0	11400	25.344429	0.17952468	27.162428	24.134771	-26.208458	0.035381645	9311.505992412567
457	0.9460135	0.0	0.9460135	0.9460135	25.0	11425	25.43458	0.24578136	29.216805	23.471107	-26.31047	0.06535373	9331.151888608932
458	0.15060242	0.0	0.15060242	0.15060242	25.0	11450	25.498907	0.17816621	27.236187	23.657303	-26.328403	0.03591658	9350.889308691025
459	0.9265801	0.0	0.9265801	0.9265801	25.0	11475	25.563082	0.19389534	27.525604	23.07022	-26.425825	0.04332984	9370.683436632156
460	0.61392707	0.0	0.61392707	0.61392707	25.0	11500	25.64612	0.19699259	26.930933	24.450548	-26.52451	0.04286843	9392.297648191452
461	0.21386686	0.0	0.21386686	0.21386686	25.0	11525	25.714975	0.21824291	28.676477	24.128635	-26.57251	0.050517086	9413.022483587265
462	0.17223513	0.0	0.17223513	0.17223513	25.0	11550	25.777206	0.20872594	27.07018	24.293211	-26.640175	0.04611913	9432.959479570389
463	0.089982875	0.0	0.089982875	0.089982875	25.0	11575	25.841133	0.23129177	27.765886	22.527895	-26.686115	0.056213856	9453.02594280243
464	0.42164794	0.0	0.42164794	0.42164794	25.0	11600	25.914291	0.19575536	27.626846	23.18372	-26.84203	0.04531687	9477.091646432877
465	0.21356961	0.0	0.21356961	0.21356961	25.0	11625	25.996624	0.1871766	28.291664	24.367573	-26.892536	0.036248043	9498.101943731308
466	0.1333687	0.0	0.1333687	0.1333687	25.0	11650	26.077522	0.26719236	30.097927	20.194794	-27.030249	0.0704487	9519.112370967865
467	0.40600425	0.0	0.40600425	0.40600425	25.0	11675	26.161602	0.20971479	28.36459	23.284922	-27.121458	0.04878184	9540.170682430267
468	0.36819264	0.0	0.36819264	0.36819264	25.0	11700	26.245298	0.2301506	28.9345	23.77539	-27.167265	0.047293905	9561.31806755066
469	0.12704815	0.0	0.12704815	0.12704815	25.0	11725	26.330193	0.21508645	29.164198	24.319374	-27.25361	0.047729515	9582.455561876297
470	0.0	0.0	0.0	0.0	25.0	11750	26.409958	0.18003033	28.127136	24.079464	-27.357904	0.03721145	9605.30874466896
471	0.13738647	0.0	0.13738647	0.13738647	25.0	11775	26.491499	0.21107881	29.692707	25.620817	-27.418861	0.046342682	9627.217170000076
472	0.25911674	0.0	0.25911674	0.25911674	25.0	11800	26.561989	0.18828261	28.548576	24.531527	-27.50211	0.037216235	9648.17271065712
473	0.0	0.0	0.0	0.0	25.0	11825	26.65083	0.18252459	28.66243	25.555397	-27.610258	0.035823975	9669.166235923767
474	1.425384	0.0	1.425384	1.425384	25.0	11850	26.729414	0.19019693	29.288359	25.638771	-27.669018	0.03661289	9690.187124729156
475	0.115841776	0.0	0.115841776	0.115841776	25.0	11875	26.812325	0.19484775	29.282545	25.542267	-27.724503	0.039084423	9711.403019666672
476	0.4020919	0.0	0.4020919	0.4020919	25.0	11900	26.902294	0.19695105	28.987299	25.279753	-27.893291	0.040732235	9732.429809570312
477	0.12861274	0.0	0.12861274	0.12861274	25.0	11925	26.977364	0.18400772	28.848703	24.818216	-27.946777	0.037824772	9753.466971874237
478	0.17964485	0.0	0.17964485	0.17964485	25.0	11950	27.061514	0.17969194	28.639252	26.502167	-28.07755	0.035227202	9773.951538562775
479	0.8405259	0.0	0.8405259	0.8405259	25.0	11975	27.155006	0.1894543	29.588701	25.838932	-28.1369	0.038931135	9794.950772047043
480	0.4876404	0.0	0.4876404	0.4876404	25.0	12000	27.239317	0.21741773	29.129438	25.515463	-28.224306	0.049622692	9817.876464366913
481	0.22225814	0.0	0.22225814	0.22225814	25.0	12025	27.317036	0.2125843	29.726599	26.377342	-28.255121	0.042488053	9839.778132200241
482	0.3881695	0.0	0.3881695	0.3881695	25.0	12050	27.404097	0.19270472	29.428423	26.402494	-28.392576	0.04220745	9860.607271671295
483	0.6362892	0.0	0.6362892	0.6362892	25.0	12075	27.48543	0.1837329	28.603151	26.340885	-28.49833	0.036226753	9881.567393064499
484	0.11722028	0.0	0.11722028	0.11722028	25.0	12100	27.5773	0.17074521	28.556286	26.975466	-28.540077	0.032891523	9902.515137672424
485	0.19566603	0.0	0.19566603	0.19566603	25.0	12125	27.661184	0.21485285	31.056314	26.099144	-28.633696	0.04711541	9923.399260997772
486	1.0164883	0.0	1.0164883	1.0164883	25.0	12150	27.755474	0.17562671	28.597696	25.809462	-28.75285	0.036485396	9944.364880084991
487	0.13597271	0.0	0.13597271	0.13597271	25.0	12175	27.841795	0.21449874	29.944298	25.09307	-28.832022	0.046964828	9965.406712532043
488	0.29583636	0.0	0.29583636	0.29583636	25.0	12200	27.92764	0.20113239	29.91068	26.19894	-28.875608	0.04283878	9986.759871959686
489	0.9838929	0.0	0.9838929	0.9838929	25.0	12225	28.002617	0.20537406	30.955585	24.662504	-29.145115	0.045933485	10007.713551044464
490	0.54853916	0.0	0.54853916	0.54853916	25.0	12250	28.081572	0.23647858	31.524883	25.963566	-29.370178	0.05417253	10030.612660646439
491	0.0	0.0	0.0	0.0	25.0	12275	28.17087	0.17232578	29.432154	27.32375	-29.414915	0.032775305	10052.931274414062
492	0.9326706	0.0	0.9326706	0.9326706	25.0	12300	28.267813	0.18602248	29.562176	27.177633	-29.462557	0.037518214	10073.905540943146
493	0.104812145	0.0	0.104812145	0.104812145	25.0	12325	28.354841	0.19052221	30.703768	27.205528	-29.55857	0.040230706	10094.578847646713
494	0.0832182	0.0	0.0832182	0.0832182	25.0	12350	28.488497	0.20905103	30.666286	27.548916	-29.683714	0.044795617	10116.380965709686
495	0.27949625	0.0	0.27949625	0.27949625	25.0	12375	28.673775	0.26461992	31.256002	22.586456	-29.806316	0.06913338	10137.37120127678
496	0.7376605	0.0	0.7376605	0.7376605	25.0	12400	28.835203	0.21981569	31.52527	26.551983	-29.947952	0.049745463	10158.441066026688
497	0.24206601	0.0	0.24206601	0.24206601	25.0	12425	28.957859	0.2244166	34.26016	27.57979	-30.070803	0.05488142	10179.366911411285
498	0.060864087	0.0	0.060864087	0.060864087	25.0	12450	29.048437	0.21008821	31.847284	26.308973	-30.14127	0.044660315	10200.325511693954
499	0.0	0.0	0.0	0.0	25.0	12475	29.156357	0.19837396	31.400944	28.311857	-30.223639	0.040360812	10221.24560546875
500	0.31787136	0.0	0.31787136	0.31787136	25.0	12500	29.244062	0.17806293	30.184765	28.101103	-30.338783	0.03592558	10244.343081235886
501	0.5668505	0.0	0.5668505	0.5668505	25.0	12525	29.354239	0.26733392	32.43298	24.336895	-30.431797	0.071484566	10266.245432138443
502	0.16248177	0.0	0.16248177	0.16248177	25.0	12550	29.439642	0.18971285	31.09152	27.670538	-30.503132	0.03909271	10287.56423830986
503	0.0	0.0	0.0	0.0	25.0	12575	29.53573	0.241761	32.785366	25.762362	-30.594475	0.058175243	10308.443648576736
504	0.44884387	0.0	0.44884387	0.44884387	25.0	12600	29.63943	0.20108648	33.051548	28.080761	-30.75803	0.04298718	10329.264574050903
505	0.66311544	0.0	0.66311544	0.66311544	25.0	12625	29.744814	0.24738273	32.021935	25.694067	-30.848816	0.061216474	10350.388889074326
506	0.7838362	0.0	0.7838362	0.7838362	25.0	12650	29.831596	0.2084376	32.323017	28.371376	-30.883434	0.04662202	10371.365314722061
507	0.94307566	0.0	0.94307566	0.94307566	25.0	12675	29.91638	0.2113895	31.84685	27.471254	-30.99052	0.052127413	10392.076425790787
508	0.22985096	0.0	0.22985096	0.22985096	25.0	12700	30.00899	0.19434485	31.265287	29.206263	-31.095613	0.041715857	10412.993520021439
509	0.22504368	0.0	0.22504368	0.22504368	25.0	12725	30.117525	0.22411178	32.413834	27.264706	-31.270042	0.053986005	10433.99516916275
510	0.36117896	0.0	0.36117896	0.36117896	25.0	12750	30.215204	0.25620484	34.897896	28.34685	-31.30885	0.057423968	10457.035479784012
511	0.0	0.0	0.0	0.0	25.0	12775	30.294306	0.27761394	32.398388	27.2239	-31.37914	0.08213683	10478.980914592743
512	0.16453372	0.0	0.16453372	0.16453372	25.0	12800	30.38072	0.225641	33.665928	28.640947	-31.421003	0.0542528	10500.016887903214
513	0.79861593	0.0	0.79861593	0.79861593	25.0	12825	30.437725	0.21909976	32.03791	26.582012	-31.462969	0.05566205	10520.85836148262
514	0.43554828	0.0	0.43554828	0.43554828	25.0	12850	30.504139	0.24660057	33.847404	28.88028	-31.586697	0.060186494	10541.790613412857
515	0.10834985	0.0	0.10834985	0.10834985	25.0	12875	30.565195	0.2672218	35.317963	26.703249	-31.712318	0.08273946	10562.753391504288
516	0.37915963	0.0	0.37915963	0.37915963	25.0	12900	30.6393	0.26757562	36.328495	28.695349	-31.76248	0.07518017	10583.719251871109
517	0.7784738	0.0	0.7784738	0.7784738	25.0	12925	30.709068	0.31381097	34.84541	24.959438	-31.859264	0.09791174	10604.503631591797
518	0.4824557	0.0	0.4824557	0.4824557	25.0	12950	30.813652	0.24855888	32.65485	27.219542	-31.949669	0.068526335	10625.385334014893
519	0.25988758	0.0	0.25988758	0.25988758	25.0	12975	30.914745	0.24148802	34.975403	28.015013	-32.035522	0.06713703	10646.279214382172
520	1.3867248	0.0	1.3867248	1.3867248	25.0	13000	31.024343	0.25572628	34.326336	28.477425	-32.092796	0.06406717	10669.318742275238
521	0.42960757	0.0	0.42960757	0.42960757	25.0	13025	31.104328	0.27020296	33.467712	26.552435	-32.24373	0.07816106	10691.199340343475
522	0.18528982	0.0	0.18528982	0.18528982	25.0	13050	31.205975	0.2723607	36.368885	28.166475	-32.309498	0.07780734	10711.83867073059
523	0.24813175	0.0	0.24813175	0.24813175	25.0	13075	31.306204	0.2500439	33.29976	27.653757	-32.419155	0.06609207	10732.666336297989
524	0.95316577	0.0	0.95316577	0.95316577	25.0	13100	31.38849	0.27381217	33.414463	25.088549	-32.495224	0.07871009	10753.611841201782
525	0.37909734	0.0	0.37909734	0.37909734	25.0	13125	31.475203	0.23738721	34.472683	27.751604	-32.567772	0.056066263	10774.657612085342
526	0.0	0.0	0.0	0.0	25.0	13150	31.585127	0.23096922	34.06105	30.093555	-32.74023	0.057669044	10795.631568670273
527	0.034113344	0.0	0.034113344	0.034113344	25.0	13175	31.686285	0.24788597	35.51476	29.449396	-32.81453	0.0648559	10816.598358392715
528	1.0860149	0.0	1.0860149	1.0860149	25.0	13200	31.77371	0.23479892	33.320908	29.700727	-32.899437	0.05705985	10837.777809143066
529	0.26860887	0.0	0.26860887	0.26860887	25.0	13225	31.87691	0.19693668	33.450092	30.378056	-33.03742	0.042151894	10859.033640861511
530	0.1065756	0.0	0.1065756	0.1065756	25.0	13250	31.979565	0.24930915	34.964336	29.557838	-33.157803	0.059035733	10882.22008728981
531	0.009460314	0.0	0.009460314	0.009460314	25.0	13275	32.082523	0.2293771	34.6104	28.61356	-33.273445	0.05629906	10904.293327331543
532	0.82532144	0.0	0.82532144	0.82532144	25.0	13300	32.187893	0.2440135	34.6435	29.572815	-33.36256	0.06270891	10925.286467075348
533	0.0	0.0	0.0	0.0	25.0	13325	32.302975	0.25234404	36.83202	30.23305	-33.467735	0.06381761	10946.175217151642
534	0.18330199	0.0	0.18330199	0.18330199	25.0	13350	32.39544	0.2369754	37.330647	30.502247	-33.5907	0.0579098	10967.288950920105
535	0.1555258	0.0	0.1555258	0.1555258	25.0	13375	32.50918	0.19787599	34.003887	31.521965	-33.724678	0.042793795	10988.350182056427
536	0.15759608	0.0	0.15759608	0.15759608	25.0	13400	32.6182	0.26430508	35.416115	29.08361	-33.799877	0.06977684	11009.312437057495
537	0.32643157	0.0	0.32643157	0.32643157	25.0	13425	32.720898	0.24769777	36.237415	30.384108	-33.891502	0.060989004	11029.860050916672
538	1.1443363	0.0	1.1443363	1.1443363	25.0	13450	32.830513	0.22601241	36.543262	31.158941	-33.98467	0.05342138	11050.765475988388
539	0.3139841	0.0	0.3139841	0.3139841	25.0	13475	32.940773	0.2412193	35.745872	30.843014	-34.123787	0.05546932	11071.873902082443
540	0.008363782	0.0	0.008363782	0.008363782	25.0	13500	33.03671	0.19694185	34.09976	30.968185	-34.2686	0.045876693	11095.245914697647
541	0.029807834	0.0	0.029807834	0.029807834	25.0	13525	33.147133	0.29191914	38.23436	27.914902	-34.284996	0.07892807	11117.11024427414
542	0.3956412	0.0	0.3956412	0.3956412	25.0	13550	33.251564	0.23978034	36.153816	31.691925	-34.495174	0.062341582	11138.054688215256
543	0.03972593	0.0	0.03972593	0.03972593	25.0	13575	33.37387	0.27310118	39.011322	31.7959	-34.612823	0.07441309	11159.033256530762
544	0.11179537	0.0	0.11179537	0.11179537	25.0	13600	33.4818	0.22855848	35.25959	30.414248	-34.732567	0.058450483	11180.03127360344
545	0.0	0.0	0.0	0.0	25.0	13625	33.591408	0.29302147	35.798996	27.180782	-34.79735	0.09083709	11200.965900182724
546	0.08205935	0.0	0.08205935	0.08205935	25.0	13650	33.710495	0.27766657	36.35123	31.506702	-34.949078	0.0767348	11221.818540096283
547	0.09430132	0.0	0.09430132	0.09430132	25.0	13675	33.808334	0.23713222	37.486725	31.820312	-35.04192	0.060747843	11242.645904779434
548	0.0	0.0	0.0	0.0	25.0	13700	33.925976	0.21385108	35.88853	31.797285	-35.174194	0.048163123	11263.646008014679
549	0.0	0.0	0.0	0.0	25.0	13725	34.046383	0.29196963	37.51922	29.690302	-35.245716	0.08998308	11284.548309803009
550	0.50003433	0.0	0.50003433	0.50003433	25.0	13750	34.13845	0.21672858	37.26066	32.93363	-35.384296	0.049144194	11307.648920059204
551	0.37130696	0.0	0.37130696	0.37130696	25.0	13775	34.2576	0.24332531	35.960648	31.775879	-35.488102	0.059910793	11329.603589773178
552	0.3918934	0.0	0.3918934	0.3918934	25.0	13800	34.36763	0.26142907	38.12111	32.07869	-35.61348	0.06734616	11350.440380573273
553	0.0	0.0	0.0	0.0	25.0	13825	34.478317	0.26381126	36.015255	31.12202	-35.729042	0.07200897	11371.403017997742
554	0.34169483	0.0	0.34169483	0.34169483	25.0	13850	34.59261	0.25755784	37.104416	32.382618	-35.858932	0.06791591	11392.4105219841
555	0.15326269	0.0	0.15326269	0.15326269	25.0	13875	34.702503	0.27910674	37.64804	32.131287	-35.97404	0.07361368	11413.390180587769
556	0.101198696	0.0	0.101198696	0.101198696	25.0	13900	34.82568	0.24427111	37.77914	33.904087	-36.080235	0.057426807	11434.358785629272
557	0.17137219	0.0	0.17137219	0.17137219	25.0	13925	34.925243	0.21907136	37.21247	32.688435	-36.15952	0.04962787	11455.297149419785
558	0.65162903	0.0	0.65162903	0.65162903	25.0	13950	35.03087	0.26384315	35.932716	30.536669	-36.277836	0.07629841	11476.273546934128
559	0.44019046	0.0	0.44019046	0.44019046	25.0	13975	35.1525	0.32826734	41.55051	32.459976	-36.447876	0.11084646	11497.385147809982
560	0.37326908	0.0	0.37326908	0.37326908	25.0	14000	35.26289	0.2506476	38.509823	33.20167	-36.53929	0.06571995	11520.601058483124
561	0.30434427	0.0	0.30434427	0.30434427	25.0	14025	35.38011	0.3286499	41.45492	31.518652	-36.67126	0.10370534	11542.60595536232
562	0.69519705	0.0	0.69519705	0.69519705	25.0	14050	35.49517	0.2530508	37.408775	32.755512	-36.824722	0.06420121	11563.540186405182
563	0.44869128	0.0	0.44869128	0.44869128	25.0	14075	35.608364	0.23046885	38.38325	34.080864	-36.883217	0.056099795	11584.602303504944
564	0.36414996	0.0	0.36414996	0.36414996	25.0	14100	35.72168	0.24308664	37.708195	33.31543	-37.0074	0.061919615	11605.657587528229
565	0.19457105	0.0	0.19457105	0.19457105	25.0	14125	35.842518	0.2542907	39.86212	33.4382	-37.153824	0.063764766	11626.66457605362
566	0.62456775	0.0	0.62456775	0.62456775	25.0	14150	35.948074	0.246734	37.434525	32.671967	-37.252575	0.06495369	11647.079315662384
567	0.01043782	0.0	0.01043782	0.01043782	25.0	14175	36.073578	0.26751488	41.122	34.152878	-37.402977	0.07406432	11666.799680709839
568	0.5915619	0.0	0.5915619	0.5915619	25.0	14200	36.190933	0.26004156	40.187187	33.541954	-37.54076	0.071068585	11686.482412099838
569	0.4242293	0.0	0.4242293	0.4242293	25.0	14225	36.30954	0.24813502	40.753456	34.438072	-37.642803	0.065243036	11706.078413248062
570	0.49177572	0.0	0.49177572	0.49177572	25.0	14250	36.422886	0.2294828	38.340275	33.401443	-37.75063	0.055489194	11727.688775777817
571	0.3610727	0.0	0.3610727	0.3610727	25.0	14275	36.542248	0.28681093	41.268738	33.07806	-37.874817	0.0780338	11748.41701555252
572	0.22002909	0.0	0.22002909	0.22002909	25.0	14300	36.652355	0.22763915	39.091652	35.046764	-37.96578	0.056855917	11768.102851867676
573	0.06451521	0.0	0.06451521	0.06451521	25.0	14325	36.764767	0.2515662	40.96343	34.51051	-38.062214	0.06818033	11787.764329910278
574	0.45651227	0.0	0.45651227	0.45651227	25.0	14350	36.873398	0.31210378	43.99944	33.176785	-38.186237	0.09654859	11807.567233085632
575	0.49296746	0.0	0.49296746	0.49296746	25.0	14375	36.988712	0.2950327	40.935143	33.310246	-38.317787	0.08651712	11827.224368333817
576	0.29964277	0.0	0.29964277	0.29964277	25.0	14400	37.095253	0.2915554	40.432823	34.195473	-38.43405	0.09173881	11846.85888171196
577	0.4496861	0.0	0.4496861	0.4496861	25.0	14425	37.21775	0.26467845	40.499454	33.84725	-38.570778	0.07474765	11866.520763158798
578	0.9496898	0.0	0.9496898	0.9496898	25.0	14450	37.31928	0.2880278	42.21864	34.38818	-38.675068	0.084717266	11886.183414459229
579	0.45656258	0.0	0.45656258	0.45656258	25.0	14475	37.443848	0.25800842	39.814503	36.44523	-38.783497	0.06990696	11906.224314928055
580	0.36269873	0.0	0.36269873	0.36269873	25.0	14500	37.546032	0.25611115	39.481697	34.48149	-38.912323	0.0693278	11928.037460565567
581	0.41040307	0.0	0.41040307	0.41040307	25.0	14525	37.67189	0.23288414	39.514717	34.9299	-39.023132	0.055790033	11948.791290521622
582	0.0	0.0	0.0	0.0	25.0	14550	37.77872	0.2443766	40.069817	35.882336	-39.150467	0.059450835	11968.599334955215
583	0.1800669	0.0	0.1800669	0.1800669	25.0	14575	37.89422	0.26025188	40.024963	34.393696	-39.29766	0.070403114	11988.374605894089
584	0.33068874	0.0	0.33068874	0.33068874	25.0	14600	38.026257	0.24993074	41.5276	37.143303	-39.409412	0.05390194	12008.268362045288
585	0.11748592	0.0	0.11748592	0.11748592	25.0	14625	38.14793	0.23026171	39.388996	35.246613	-39.5758	0.054666422	12028.06997537613
586	0.27274793	0.0	0.27274793	0.27274793	25.0	14650	38.28785	0.25378874	42.13941	37.07699	-39.694237	0.06526021	12047.927691459656
587	0.0	0.0	0.0	0.0	25.0	14675	38.40913	0.25266132	39.808113	35.298256	-39.822765	0.064501226	12067.676936626434
588	0.1204995	0.0	0.1204995	0.1204995	25.0	14700	38.530575	0.2681188	41.739162	36.543987	-39.924454	0.074167624	12087.370827198029
589	0.54786044	0.0	0.54786044	0.54786044	25.0	14725	38.659767	0.24398932	41.041332	36.345264	-40.079445	0.05900085	12107.113000392914
590	0.53237873	0.0	0.53237873	0.53237873	25.0	14750	38.779648	0.30178472	41.148666	33.739742	-40.19596	0.09765358	12129.120270729065
591	0.0	0.0	0.0	0.0	25.0	14775	38.9227	0.2533241	41.635452	38.023293	-40.309704	0.064045325	12149.822499513626
592	0.781706	0.0	0.781706	0.781706	25.0	14800	39.042988	0.26508272	43.74357	36.870014	-40.442223	0.06758743	12169.645473480225
593	0.09414421	0.0	0.09414421	0.09414421	25.0	14825	39.163303	0.2821863	43.178898	36.707127	-40.596634	0.087469675	12189.797590494156
594	1.0366573	0.0	1.0366573	1.0366573	25.0	14850	39.29965	0.30556592	42.667274	37.922733	-40.732822	0.09369499	12210.196319103241
595	0.16412836	0.0	0.16412836	0.16412836	25.0	14875	39.41247	0.29902697	43.813305	35.8328	-40.83685	0.08765153	12230.496798038483
596	0.19780895	0.0	0.19780895	0.19780895	25.0	14900	39.531235	0.25622737	42.537453	37.005642	-40.987915	0.063786864	12250.449068784714
597	0.34897992	0.0	0.34897992	0.34897992	25.0	14925	39.6574	0.25434965	42.112926	36.640705	-41.100876	0.06632526	12270.447194099426
598	0.13051778	0.0	0.13051778	0.13051778	25.0	14950	39.793045	0.28735492	41.99194	36.108055	-41.219723	0.08634871	12290.15803360939
599	0.43135327	0.0	0.43135327	0.43135327	25.0	14975	39.91712	0.27657357	43.647354	38.00247	-41.418594	0.08074819	12309.92137336731
600	0.10864319	0.0	0.10864319	0.10864319	25.0	15000	40.05038	0.29009694	43.03699	36.187534	-41.52649	0.09234753	12331.85529756546
601	0.79775625	0.0	0.79775625	0.79775625	25.0	15025	40.19022	0.27847627	45.302544	39.17442	-41.647415	0.071586296	12352.680168628693
602	0.4639059	0.0	0.4639059	0.4639059	25.0	15050	40.30701	0.238382	41.658417	37.58631	-41.79977	0.05751095	12372.40064072609
603	0.2956094	0.0	0.2956094	0.2956094	25.0	15075	40.445328	0.24154256	43.107887	38.746727	-41.898914	0.059273325	12392.1473903656
604	0.6723736	0.0	0.6723736	0.6723736	25.0	15100	40.56947	0.26442826	42.86764	36.370552	-42.027203	0.07639172	12411.994629144669
605	0.031174539	0.0	0.031174539	0.031174539	25.0	15125	40.690563	0.26775742	44.214947	38.819424	-42.162994	0.07459071	12431.8026034832
606	0.696834	0.0	0.696834	0.696834	25.0	15150	40.820297	0.31684378	44.19082	37.477253	-42.268345	0.099772215	12451.646521091461
607	0.71314836	0.0	0.71314836	0.71314836	25.0	15175	40.944504	0.26812768	43.61796	38.724064	-42.45039	0.07506898	12471.482823133469
608	0.061949886	0.0	0.061949886	0.061949886	25.0	15200	41.086044	0.2954042	45.773617	38.367645	-42.593544	0.08159014	12491.223405599594
609	1.2885667	0.0	1.2885667	1.2885667	25.0	15225	41.208534	0.27698794	43.888874	38.94903	-42.706207	0.0817256	12510.991076946259
610	0.5568525	0.0	0.5568525	0.5568525	25.0	15250	41.34	0.26689184	44.327316	38.938732	-42.830135	0.075214684	12532.877047777176
611	0.2612245	0.0	0.2612245	0.2612245	25.0	15275	41.47497	0.26741865	44.639507	40.1922	-42.97262	0.06804369	12554.063915729523
612	0.17880751	0.0	0.17880751	0.17880751	25.0	15300	41.6089	0.27134576	43.30172	38.862534	-43.135372	0.07884423	12574.314859867096
613	0.0	0.0	0.0	0.0	25.0	15325	41.74041	0.29569542	44.615574	38.852074	-43.28995	0.09765679	12594.588535308838
614	0.38613698	0.0	0.38613698	0.38613698	25.0	15350	41.87832	0.31392393	46.114693	39.19069	-43.37474	0.0959847	12614.767127275467
615	0.8432	0.0	0.8432	0.8432	25.0	15375	42.016327	0.31939864	46.059807	39.44859	-43.56464	0.09446669	12635.620886802673
616	0.41284242	0.0	0.41284242	0.41284242	25.0	15400	42.15785	0.36238804	45.882122	39.222843	-43.695625	0.129448	12655.82742190361
617	0.2690771	0.0	0.2690771	0.2690771	25.0	15425	42.281097	0.33790055	46.7435	39.102985	-43.82169	0.112372674	12676.97470831871
618	0.22987698	0.0	0.22987698	0.22987698	25.0	15450	42.422775	0.2650349	44.657177	39.117035	-43.9736	0.07061755	12697.911113977432
619	0.34404275	0.0	0.34404275	0.34404275	25.0	15475	42.561047	0.33514944	46.696896	39.160667	-44.11679	0.11683491	12719.270709514618
620	0.0	0.0	0.0	0.0	25.0	15500	42.698624	0.3015872	45.445484	41.734043	-44.264423	0.084119424	12743.556327342987
621	0.53358775	0.0	0.53358775	0.53358775	25.0	15525	42.822453	0.37401712	47.858273	38.723633	-44.35727	0.1304564	12764.560686826706
622	0.35445046	0.0	0.35445046	0.35445046	25.0	15550	42.947754	0.2775235	44.776993	38.80045	-44.47918	0.0871101	12785.399555206299
623	0.30491352	0.0	0.30491352	0.30491352	25.0	15575	43.08445	0.302376	45.497192	38.521317	-44.668594	0.094714075	12806.31498336792
624	0.5060307	0.0	0.5060307	0.5060307	25.0	15600	43.231464	0.27477697	45.42225	40.456486	-44.794453	0.078699574	12826.706601858139
625	0.117372975	0.0	0.117372975	0.117372975	25.0	15625	43.365578	0.40750158	48.80013	37.075016	-44.95346	0.16541392	12848.311935901642
626	0.34032664	0.0	0.34032664	0.34032664	25.0	15650	43.504765	0.31632462	48.798206	40.946064	-45.046432	0.10035958	12869.391687870026
627	0.48849484	0.0	0.48849484	0.48849484	25.0	15675	43.62871	0.30699632	47.352886	39.20794	-45.240513	0.09557731	12890.85810470581
