Epoch	AverageEpRet	StdEpRet	MaxEpRet	MinEpRet	EpLen	TotalEnvInteracts	AverageQVals	StdQVals	MaxQVals	MinQVals	LossPi	LossQ	Time
1	0.0	0.0	0.0	0.0	25.0	25	0.00031904026	0.03340028	0.17243758	-0.17532869	-0.008088813	0.001115269	20.12015414237976
2	0.24511434	0.0	0.24511434	0.24511434	25.0	50	0.0062209596	0.029491927	0.13316967	-0.14256354	-0.037873104	0.0007714981	38.771904706954956
3	0.06072763	0.0	0.06072763	0.06072763	25.0	75	0.007929726	0.030723765	0.15138425	-0.13471536	-0.0982758	0.0007309817	57.32727026939392
4	0.0	0.0	0.0	0.0	25.0	100	0.014365095	0.025210468	0.15282796	-0.11050541	-0.21002892	0.00031074477	75.77603554725647
5	0.2522818	0.0	0.2522818	0.2522818	25.0	125	0.02622074	0.04689496	0.2925475	-0.1028266	-0.06787675	0.0022480458	94.17870140075684
6	0.69879645	0.0	0.69879645	0.69879645	25.0	150	0.04465662	0.028370436	0.17834216	-0.031217683	-0.11064786	0.0014383167	112.56460118293762
7	0.27508742	0.0	0.27508742	0.27508742	25.0	175	0.059087973	0.028776214	0.18860854	-0.0066453824	-0.08674263	0.0013296749	130.97205996513367
8	1.2284307	0.0	1.2284307	1.2284307	25.0	200	0.07876039	0.021686535	0.19261843	0.033966497	-0.12614529	0.0016143922	149.55586886405945
9	0.8136467	0.0	0.8136467	0.8136467	25.0	225	0.10136116	0.027060105	0.2147955	0.04726917	-0.13486171	0.0019934212	168.06758522987366
10	0.13569182	0.0	0.13569182	0.13569182	25.0	250	0.11750641	0.022060385	0.23163341	0.054700147	-0.15523724	0.0015891382	186.8652527332306
11	0.488871	0.0	0.488871	0.488871	25.0	275	0.13513482	0.023674674	0.24541858	0.07869393	-0.17081593	0.0017233585	205.49272751808167
12	0.3680179	0.0	0.3680179	0.3680179	25.0	300	0.15364018	0.022084124	0.26146036	0.106358096	-0.19077955	0.0016882125	223.9955587387085
13	0.7050099	0.0	0.7050099	0.7050099	25.0	325	0.17239106	0.024403889	0.27954304	0.122144625	-0.2135033	0.0019893467	242.31705904006958
14	0.5439372	0.0	0.5439372	0.5439372	25.0	350	0.18786487	0.0231244	0.29558912	0.13084243	-0.22834064	0.0017362002	260.9820008277893
15	0.48402953	0.0	0.48402953	0.48402953	25.0	375	0.19772711	0.018190468	0.30958828	0.15134838	-0.22884005	0.0014103279	279.43425488471985
16	0.35976973	0.0	0.35976973	0.35976973	25.0	400	0.21266106	0.022621872	0.35871714	0.1634308	-0.23919037	0.002037411	298.51546573638916
17	0.17043523	0.0	0.17043523	0.17043523	25.0	425	0.21383415	0.023226123	0.34593442	0.16683485	-0.22917569	0.0014920443	317.7129600048065
18	0.033237215	0.0	0.033237215	0.033237215	25.0	450	0.2223085	0.027114492	0.38770187	0.15565678	-0.2515997	0.001863438	336.8430290222168
19	0.33458585	0.0	0.33458585	0.33458585	25.0	475	0.22289889	0.024063898	0.3842197	0.15805966	-0.27325553	0.0017458319	355.9838013648987
20	0.40867668	0.0	0.40867668	0.40867668	25.0	500	0.2324904	0.026624016	0.4184219	0.18354475	-0.25889882	0.0019059414	375.5709705352783
21	1.5032194	0.0	1.5032194	1.5032194	25.0	525	0.23948158	0.027502365	0.42949453	0.17003945	-0.27840865	0.002283291	394.76284766197205
22	2.4650307	0.0	2.4650307	2.4650307	25.0	550	0.24934974	0.03995541	0.6293327	0.17056447	-0.32112586	0.0034644082	413.8468360900879
23	4.0991197	0.0	4.0991197	4.0991197	25.0	575	0.26595685	0.057358734	0.7818148	0.18192087	-0.38493985	0.0060343863	432.95009565353394
24	2.257694	0.0	2.257694	2.257694	25.0	600	0.28297368	0.057425737	0.8488898	0.18184324	-0.35436422	0.0067737363	452.50193452835083
25	3.8426492	0.0	3.8426492	3.8426492	25.0	625	0.31042224	0.07061967	0.9340151	0.21242389	-0.44391418	0.0063912696	471.80931973457336
26	2.0601778	0.0	2.0601778	2.0601778	25.0	650	0.33261168	0.066681705	0.9194074	0.23120809	-0.45546037	0.005900017	491.5671937465668
27	3.1579623	0.0	3.1579623	3.1579623	25.0	675	0.3609732	0.08407475	0.95770824	0.23950991	-0.5489382	0.008387383	510.7301871776581
28	5.3168025	0.0	5.3168025	5.3168025	25.0	700	0.38607436	0.09749612	1.0347447	0.23887663	-0.53526896	0.011251875	530.0605289936066
29	5.356162	0.0	5.356162	5.356162	25.0	725	0.38080147	0.08907376	0.9876321	0.25714913	-0.5440571	0.009485646	548.6061425209045
30	3.7293024	0.0	3.7293024	3.7293024	25.0	750	0.39165795	0.090037145	1.0243961	0.27631047	-0.5463133	0.010669407	567.2916424274445
31	0.7858727	0.0	0.7858727	0.7858727	25.0	775	0.41397887	0.08931029	1.0653868	0.29377082	-0.5274952	0.010013607	585.5282497406006
32	4.571063	0.0	4.571063	4.571063	25.0	800	0.44310477	0.0922831	1.0784523	0.2751376	-0.5486677	0.011542571	603.7599301338196
33	4.372726	0.0	4.372726	4.372726	25.0	825	0.48444244	0.095052384	1.1041908	0.32634276	-0.5928433	0.011541549	622.2359886169434
34	1.7003983	0.0	1.7003983	1.7003983	25.0	850	0.5288637	0.10217342	1.1072587	0.38851705	-0.62306136	0.01348542	640.6567113399506
35	2.6281915	0.0	2.6281915	2.6281915	25.0	875	0.55441195	0.105110295	1.2100143	0.42882675	-0.711737	0.011374306	658.8979461193085
36	1.3317051	0.0	1.3317051	1.3317051	25.0	900	0.57617134	0.105020374	1.3973653	0.41297203	-0.7826739	0.012865112	677.3646552562714
37	3.2156053	0.0	3.2156053	3.2156053	25.0	925	0.5946602	0.10873749	1.3105483	0.38556144	-0.818474	0.015112348	695.7350103855133
38	0.8243679	0.0	0.8243679	0.8243679	25.0	950	0.6149761	0.1194601	1.3274107	0.36274284	-0.7192997	0.01588868	714.0275776386261
39	1.4072373	0.0	1.4072373	1.4072373	25.0	975	0.6467922	0.13286151	1.5458386	0.3376784	-0.7265565	0.016399642	733.2684242725372
40	0.38056836	0.0	0.38056836	0.38056836	25.0	1000	0.676012	0.117050566	1.5349357	0.45405018	-0.68662	0.013474344	753.0579357147217
41	1.9270977	0.0	1.9270977	1.9270977	25.0	1025	0.7103067	0.10937475	1.4743867	0.52555776	-0.7969865	0.014191956	771.8451037406921
42	1.5488468	0.0	1.5488468	1.5488468	25.0	1050	0.7606176	0.11804864	1.5780326	0.5224498	-0.81942344	0.014388885	790.4087569713593
43	0.5058845	0.0	0.5058845	0.5058845	25.0	1075	0.76224166	0.10885275	1.5379087	0.5816857	-0.7670708	0.01473498	809.2556343078613
44	0.60680753	0.0	0.60680753	0.60680753	25.0	1100	0.76558656	0.11067498	1.5698515	0.5641037	-0.7843672	0.013867181	827.7683880329132
45	1.3975188	0.0	1.3975188	1.3975188	25.0	1125	0.78261477	0.112576626	1.6386213	0.6352971	-0.7844815	0.013185139	846.1893951892853
46	0.0	0.0	0.0	0.0	25.0	1150	0.80235976	0.11896842	1.6917213	0.6433085	-0.7972262	0.01409463	864.5033805370331
47	0.6786537	0.0	0.6786537	0.6786537	25.0	1175	0.8021256	0.112128966	1.7438151	0.6265124	-0.7845385	0.013757318	882.8866050243378
48	0.2261463	0.0	0.2261463	0.2261463	25.0	1200	0.797623	0.1111015	1.7117953	0.6115076	-0.7815566	0.0121671315	901.1758089065552
49	1.2674445	0.0	1.2674445	1.2674445	25.0	1225	0.8038486	0.1089904	1.6902671	0.632597	-0.799729	0.013094243	919.6849863529205
50	1.5252002	0.0	1.5252002	1.5252002	25.0	1250	0.81657976	0.12448972	1.6268604	0.6318789	-0.80022216	0.014576865	938.5858795642853
51	1.7529649	0.0	1.7529649	1.7529649	25.0	1275	0.81147707	0.10755431	1.7614719	0.65889794	-0.82110023	0.014513806	957.11678647995
52	0.057301547	0.0	0.057301547	0.057301547	25.0	1300	0.814027	0.11022859	1.6859303	0.64241713	-0.79937243	0.013392311	975.7445528507233
53	0.6877819	0.0	0.6877819	0.6877819	25.0	1325	0.8224878	0.115934834	1.7698691	0.6543938	-0.82309914	0.01473808	994.8326892852783
54	2.7335472	0.0	2.7335472	2.7335472	25.0	1350	0.81883806	0.10548167	1.7671008	0.45818925	-0.8190355	0.013278479	1014.235274553299
55	3.0309582	0.0	3.0309582	3.0309582	25.0	1375	0.834977	0.107736275	1.834778	0.6819193	-0.8400638	0.015053192	1033.3749840259552
56	0.7947454	0.0	0.7947454	0.7947454	25.0	1400	0.8423429	0.12127375	1.6353016	0.6502682	-0.8468233	0.01806923	1052.7321395874023
57	0.30065066	0.0	0.30065066	0.30065066	25.0	1425	0.8355702	0.119965784	1.6515924	0.6909355	-0.83126235	0.016355418	1072.2044916152954
58	0.57621175	0.0	0.57621175	0.57621175	25.0	1450	0.83243334	0.097947076	1.5668792	0.6651523	-0.8732861	0.015143622	1091.724615573883
59	1.108323	0.0	1.108323	1.108323	25.0	1475	0.846194	0.118535236	1.8468914	0.67407703	-1.0634822	0.016050389	1111.1618404388428
60	1.2933643	0.0	1.2933643	1.2933643	25.0	1500	0.856996	0.114328116	1.6078556	0.6647241	-1.0416093	0.015694601	1130.708161830902
61	0.879913	0.0	0.879913	0.879913	25.0	1525	0.85592383	0.103771426	1.5960913	0.6852305	-0.8533761	0.015466793	1149.9712674617767
62	2.5467281	0.0	2.5467281	2.5467281	25.0	1550	0.8723705	0.1133248	1.631027	0.71763843	-0.9392773	0.016231177	1169.3385090827942
63	3.0673633	0.0	3.0673633	3.0673633	25.0	1575	0.89498407	0.11133322	1.9935536	0.70298237	-1.0280455	0.016607346	1188.6075818538666
64	3.8020432	0.0	3.8020432	3.8020432	25.0	1600	0.94932336	0.13879278	2.1571999	0.74043393	-1.1032413	0.019158106	1207.8929688930511
65	3.1568997	0.0	3.1568997	3.1568997	25.0	1625	0.9824921	0.14201654	1.991989	0.75958383	-1.1294672	0.021333717	1227.2855854034424
66	1.5657856	0.0	1.5657856	1.5657856	25.0	1650	1.0211042	0.12970152	2.2090118	0.8133954	-1.1586468	0.018209796	1246.6586503982544
67	1.9620408	0.0	1.9620408	1.9620408	25.0	1675	1.06595	0.13734901	2.1862237	0.8670994	-1.1873974	0.02137648	1265.7970702648163
68	2.780949	0.0	2.780949	2.780949	25.0	1700	1.0828063	0.11763098	2.1982496	0.8231207	-1.1742324	0.019766068	1285.3350563049316
69	2.1739156	0.0	2.1739156	2.1739156	25.0	1725	1.0853856	0.117350586	2.2132323	0.85870653	-1.1945952	0.019600427	1304.6671078205109
70	1.6854059	0.0	1.6854059	1.6854059	25.0	1750	1.1171684	0.12413976	2.2210696	0.93323153	-1.2353991	0.024127465	1324.3840749263763
71	1.214072	0.0	1.214072	1.214072	25.0	1775	1.1476431	0.13476248	2.3653493	0.8810767	-1.2444928	0.020887505	1343.901772737503
72	1.6349473	0.0	1.6349473	1.6349473	25.0	1800	1.1750127	0.14460924	2.3179314	0.8944384	-1.2491056	0.025742775	1362.8759212493896
73	1.5740426	0.0	1.5740426	1.5740426	25.0	1825	1.1988261	0.14009945	2.3601131	0.99928653	-1.2699391	0.0289607	1381.3231003284454
74	2.203127	0.0	2.203127	2.203127	25.0	1850	1.2093625	0.13407679	2.2772026	0.94524395	-1.2856841	0.024852233	1399.9835758209229
75	2.7918167	0.0	2.7918167	2.7918167	25.0	1875	1.2203871	0.13924906	2.3688614	1.0081954	-1.2855287	0.026536064	1418.4379897117615
76	0.89953697	0.0	0.89953697	0.89953697	25.0	1900	1.2266434	0.15296876	2.6679392	1.0044793	-1.3025193	0.029096851	1436.9873332977295
77	3.0694458	0.0	3.0694458	3.0694458	25.0	1925	1.2399948	0.14931047	2.512669	1.0260439	-1.3182673	0.029626	1455.6018595695496
78	1.4425268	0.0	1.4425268	1.4425268	25.0	1950	1.2482795	0.13592796	2.4857113	0.95455456	-1.3343571	0.031179374	1474.1835482120514
79	0.597998	0.0	0.597998	0.597998	25.0	1975	1.2670305	0.1499442	2.5312257	1.0588869	-1.3600885	0.030223787	1493.117495059967
80	1.092876	0.0	1.092876	1.092876	25.0	2000	1.2835562	0.16100396	2.683839	0.9925074	-1.3691477	0.032398682	1512.61652469635
81	2.7602684	0.0	2.7602684	2.7602684	25.0	2025	1.2947296	0.14403659	2.5770764	1.0471425	-1.4476411	0.033271972	1531.63316488266
82	2.7237446	0.0	2.7237446	2.7237446	25.0	2050	1.3030229	0.13639748	2.4926314	1.0621309	-1.4568669	0.028801288	1550.5680272579193
83	3.3366735	0.0	3.3366735	3.3366735	25.0	2075	1.3278031	0.15522797	2.7517455	1.0962789	-1.4652709	0.03167428	1569.5286011695862
84	2.6664994	0.0	2.6664994	2.6664994	25.0	2100	1.3419831	0.15861793	2.7661111	1.0769061	-1.4808193	0.03424755	1588.3521134853363
85	1.859204	0.0	1.859204	1.859204	25.0	2125	1.3669723	0.15221283	2.5793092	1.0854001	-1.5064688	0.03728375	1607.2323997020721
86	2.8125236	0.0	2.8125236	2.8125236	25.0	2150	1.3780307	0.14616224	2.6431928	1.079131	-1.5122333	0.03628326	1626.4077632427216
87	2.7704067	0.0	2.7704067	2.7704067	25.0	2175	1.3960894	0.16220103	2.8592205	1.1848505	-1.5464044	0.039044276	1645.3767580986023
88	6.7601438	0.0	6.7601438	6.7601438	25.0	2200	1.424165	0.14082126	2.4155688	1.182477	-1.5675867	0.036643393	1664.6274013519287
89	4.6484327	0.0	4.6484327	4.6484327	25.0	2225	1.4341587	0.15458842	2.9633696	1.1382713	-1.5648499	0.036688633	1683.7165386676788
90	2.5027888	0.0	2.5027888	2.5027888	25.0	2250	1.4586552	0.16699886	2.9800842	1.1900682	-1.6137013	0.040792566	1703.8340368270874
91	2.2291431	0.0	2.2291431	2.2291431	25.0	2275	1.4725413	0.17423564	3.03122	1.1882634	-1.6530502	0.044020653	1722.542504787445
92	0.9021377	0.0	0.9021377	0.9021377	25.0	2300	1.495578	0.141788	2.723294	1.1923159	-1.6325073	0.03661558	1740.930655002594
93	4.1247478	0.0	4.1247478	4.1247478	25.0	2325	1.5349631	0.17390087	2.897559	1.2094784	-1.7095343	0.04394707	1759.422227859497
94	7.1541233	0.0	7.1541233	7.1541233	25.0	2350	1.553576	0.1811825	3.3525467	1.2220259	-1.7114053	0.053875532	1778.3840296268463
95	4.7850857	0.0	4.7850857	4.7850857	25.0	2375	1.5770776	0.16802604	3.2088976	1.252248	-1.7720991	0.041414034	1796.757805109024
96	2.2361817	0.0	2.2361817	2.2361817	25.0	2400	1.5911148	0.15659156	3.0432332	1.3103914	-1.7834102	0.043781403	1815.2085180282593
97	5.197487	0.0	5.197487	5.197487	25.0	2425	1.65053	0.18602866	3.0826855	1.3756412	-1.8061743	0.055733517	1833.7807219028473
98	1.2368883	0.0	1.2368883	1.2368883	25.0	2450	1.6601318	0.1846824	3.2997518	1.3584468	-1.8114936	0.046641592	1852.8754844665527
99	1.6291593	0.0	1.6291593	1.6291593	25.0	2475	1.6928574	0.18769771	3.3451788	1.3590939	-1.8430381	0.04675222	1871.353170633316
100	3.764156	0.0	3.764156	3.764156	25.0	2500	1.7087283	0.17923981	3.4434152	1.4373444	-1.8445125	0.050283078	1890.0849919319153
101	0.77307355	0.0	0.77307355	0.77307355	25.0	2525	1.7297238	0.18522952	3.3985772	1.4430915	-1.8759773	0.04692612	1908.3241007328033
102	1.9441842	0.0	1.9441842	1.9441842	25.0	2550	1.7660626	0.18284893	3.5307024	1.390493	-1.9198618	0.045748223	1926.6249723434448
103	1.0719882	0.0	1.0719882	1.0719882	25.0	2575	1.7982105	0.20026505	3.5293472	1.4576786	-1.9556965	0.050512176	1944.9603283405304
104	4.150707	0.0	4.150707	4.150707	25.0	2600	1.8177283	0.20620805	3.6546042	1.2719733	-1.9289126	0.044415593	1963.3133101463318
105	1.594929	0.0	1.594929	1.594929	25.0	2625	1.8281854	0.17910111	3.68507	1.4665678	-1.9602715	0.05125031	1981.669776916504
106	3.5716221	0.0	3.5716221	3.5716221	25.0	2650	1.8625693	0.1794132	3.4869235	1.3800664	-2.0202873	0.049625147	2000.0355746746063
107	5.042047	0.0	5.042047	5.042047	25.0	2675	1.8869382	0.18754348	3.6340265	1.5198588	-2.012144	0.051574633	2018.4083018302917
108	1.6043583	0.0	1.6043583	1.6043583	25.0	2700	1.9111428	0.17674582	3.553994	1.5217322	-2.017978	0.04687406	2036.8125030994415
109	4.0493255	0.0	4.0493255	4.0493255	25.0	2725	1.9384904	0.21400666	3.7662508	1.6509404	-2.0669608	0.05350184	2055.1638333797455
110	3.750391	0.0	3.750391	3.750391	25.0	2750	1.9521555	0.19684653	3.7162693	1.3439721	-2.0786605	0.060655855	2074.0111582279205
111	3.4294693	0.0	3.4294693	3.4294693	25.0	2775	1.9653473	0.18958732	3.7357244	1.6131132	-2.0913792	0.054802958	2092.3006222248077
112	2.531722	0.0	2.531722	2.531722	25.0	2800	1.9936484	0.19166465	3.6591594	1.6948799	-2.1021051	0.0666777	2111.2203691005707
113	2.1700962	0.0	2.1700962	2.1700962	25.0	2825	2.005718	0.19492793	3.7474494	1.6081276	-2.1209397	0.06250057	2130.3023567199707
114	4.9465013	0.0	4.9465013	4.9465013	25.0	2850	2.0252297	0.1844004	3.6914403	1.7668095	-2.126955	0.047998566	2149.3358795642853
115	6.643017	0.0	6.643017	6.643017	25.0	2875	2.0602407	0.20402515	3.7419264	1.7122972	-2.183978	0.0618221	2168.6179621219635
116	4.17738	0.0	4.17738	4.17738	25.0	2900	2.08017	0.20001875	3.8551753	1.7865225	-2.2000992	0.060114037	2187.8291943073273
117	2.0843017	0.0	2.0843017	2.0843017	25.0	2925	2.0902472	0.19597799	3.6742795	1.6495782	-2.2456083	0.05097048	2207.305303812027
118	6.2279935	0.0	6.2279935	6.2279935	25.0	2950	2.1365073	0.2137048	3.8872528	1.8028198	-2.5143533	0.06645264	2226.754805088043
119	2.7914212	0.0	2.7914212	2.7914212	25.0	2975	2.1205645	0.19039433	3.6870956	1.7387123	-2.2462955	0.06550939	2246.2293286323547
120	0.17912813	0.0	0.17912813	0.17912813	25.0	3000	2.1584592	0.17933246	3.4879186	1.7233977	-2.489295	0.05174792	2265.92045545578
121	0.20832108	0.0	0.20832108	0.20832108	25.0	3025	2.2129614	0.17476135	3.7838838	1.7545009	-2.3888423	0.045314357	2285.392233133316
122	0.18123664	0.0	0.18123664	0.18123664	25.0	3050	2.3208761	0.20921363	4.0473	1.9695321	-2.3025427	0.042547174	2304.7580490112305
123	1.6317345	0.0	1.6317345	1.6317345	25.0	3075	2.3644884	0.18438105	4.0474234	1.9498882	-2.3583505	0.044058844	2324.1036212444305
124	1.1364533	0.0	1.1364533	1.1364533	25.0	3100	2.4235373	0.18606153	3.9806204	2.0608656	-2.7387857	0.034566987	2343.1206953525543
125	0.6261966	0.0	0.6261966	0.6261966	25.0	3125	2.4602768	0.17291588	3.7392535	2.0169995	-2.5811024	0.04401238	2361.479229450226
126	0.4530456	0.0	0.4530456	0.4530456	25.0	3150	2.4832551	0.1614271	3.8184946	1.9923455	-2.454182	0.0347342	2380.0438215732574
127	0.1366837	0.0	0.1366837	0.1366837	25.0	3175	2.4873745	0.17363876	4.0918865	2.1351068	-2.4747248	0.03215894	2398.5412883758545
128	0.41952163	0.0	0.41952163	0.41952163	25.0	3200	2.480092	0.18572536	4.036581	2.0485206	-2.455789	0.04035645	2416.952609062195
129	0.75157845	0.0	0.75157845	0.75157845	25.0	3225	2.4987702	0.17293032	3.949136	2.157825	-2.47163	0.032514382	2435.2493710517883
130	0.0067398893	0.0	0.0067398893	0.0067398893	25.0	3250	2.5319312	0.14324886	3.816144	2.2069042	-2.5077608	0.03167306	2454.040050268173
131	0.31112984	0.0	0.31112984	0.31112984	25.0	3275	2.6041863	0.1686676	4.1046104	2.1771958	-2.6096532	0.027690163	2472.4176218509674
132	0.08583317	0.0	0.08583317	0.08583317	25.0	3300	2.6395624	0.13758878	4.0841827	2.1813855	-2.892006	0.025678735	2490.6927206516266
133	0.49316597	0.0	0.49316597	0.49316597	25.0	3325	2.668408	0.1654629	4.1700163	2.2971122	-2.8214939	0.028445961	2508.9696867465973
134	0.22000696	0.0	0.22000696	0.22000696	25.0	3350	2.664671	0.15190652	4.0179796	2.2080956	-2.6878219	0.03583333	2527.3507041931152
135	0.27056485	0.0	0.27056485	0.27056485	25.0	3375	2.6780195	0.13597384	3.9939873	2.2820725	-2.6862879	0.034506228	2545.6806321144104
136	0.6828414	0.0	0.6828414	0.6828414	25.0	3400	2.7260118	0.15666792	4.121399	2.244384	-2.7199662	0.036535177	2564.19344162941
137	0.44725856	0.0	0.44725856	0.44725856	25.0	3425	2.772608	0.14815712	4.1195016	2.4908624	-2.71688	0.029966183	2582.877951145172
138	0.0007097884	0.0	0.0007097884	0.0007097884	25.0	3450	2.8097515	0.16119243	4.2437015	2.3055673	-2.822851	0.033034906	2601.6037793159485
139	0.07978057	0.0	0.07978057	0.07978057	25.0	3475	2.8373835	0.17011233	4.34421	2.127853	-2.7986448	0.03650071	2620.9467573165894
140	0.4771064	0.0	0.4771064	0.4771064	25.0	3500	2.8386002	0.16406775	4.461509	2.3497858	-2.812981	0.032421242	2639.810781955719
141	0.120615155	0.0	0.120615155	0.120615155	25.0	3525	2.839322	0.18053648	4.365058	2.3808005	-2.8211026	0.039414626	2658.1541860103607
142	0.56609344	0.0	0.56609344	0.56609344	25.0	3550	2.8261313	0.16659226	4.2507453	2.3768973	-2.8123717	0.03676649	2676.6226444244385
143	0.39438653	0.0	0.39438653	0.39438653	25.0	3575	2.8382092	0.15694425	4.357627	2.389757	-2.832696	0.03286466	2695.303337574005
144	0.0	0.0	0.0	0.0	25.0	3600	2.8333185	0.1483969	3.7583902	2.4339921	-2.810851	0.035953432	2713.90274310112
145	0.11210107	0.0	0.11210107	0.11210107	25.0	3625	2.840267	0.15060316	3.9821203	2.3658626	-2.836329	0.034130186	2732.752356529236
146	0.3129836	0.0	0.3129836	0.3129836	25.0	3650	2.8464549	0.14813386	3.9719465	2.4659417	-2.8117	0.037653435	2751.195609331131
147	0.2769857	0.0	0.2769857	0.2769857	25.0	3675	2.8372695	0.14272751	3.871048	2.5412133	-2.8282392	0.029760435	2769.673304080963
148	0.19035026	0.0	0.19035026	0.19035026	25.0	3700	2.84954	0.14981122	4.4304814	2.4895298	-2.8388815	0.033753317	2788.105001449585
149	0.071366966	0.0	0.071366966	0.071366966	25.0	3725	2.852559	0.16175923	4.4215326	2.5641108	-2.8410745	0.033648472	2806.948795557022
150	0.79054713	0.0	0.79054713	0.79054713	25.0	3750	2.8545303	0.16740718	4.364924	2.5028846	-2.849208	0.033616725	2826.079097509384
151	0.005627271	0.0	0.005627271	0.005627271	25.0	3775	2.8654215	0.15438145	4.11055	2.5959575	-2.850715	0.033914953	2844.956905603409
152	0.38496804	0.0	0.38496804	0.38496804	25.0	3800	2.8660822	0.15887132	4.1504617	2.6012857	-2.8465989	0.029708771	2863.902078151703
153	0.16196094	0.0	0.16196094	0.16196094	25.0	3825	2.8614194	0.15467893	4.1874523	2.5839913	-2.8672988	0.036316358	2886.304764986038
154	1.1231188	0.0	1.1231188	1.1231188	25.0	3850	2.8643694	0.15895343	4.3620267	2.530662	-2.8564298	0.031824805	2905.649112224579
155	0.69085383	0.0	0.69085383	0.69085383	25.0	3875	2.8648462	0.14876743	4.382707	2.6469986	-2.8577049	0.03245777	2925.1048102378845
156	0.42769286	0.0	0.42769286	0.42769286	25.0	3900	2.8843606	0.16346443	4.2823477	2.497631	-2.8602102	0.03422941	2944.503331422806
157	0.0	0.0	0.0	0.0	25.0	3925	2.8800397	0.14740506	4.444303	2.6039913	-2.8618765	0.03407109	2963.7947840690613
158	0.046533167	0.0	0.046533167	0.046533167	25.0	3950	2.8802776	0.15823044	4.356702	2.6259153	-2.875118	0.030791191	2983.7366750240326
159	0.6090483	0.0	0.6090483	0.6090483	25.0	3975	2.8917408	0.16169629	4.4985123	2.4803731	-2.8801088	0.035295974	3003.8562121391296
160	0.68020946	0.0	0.68020946	0.68020946	25.0	4000	2.8832266	0.18017095	4.7488313	2.4880226	-2.8792214	0.03453797	3024.303037405014
161	0.93700856	0.0	0.93700856	0.93700856	25.0	4025	2.889887	0.15050386	4.3265452	2.56261	-2.8887234	0.03299329	3044.0247950553894
162	0.43885356	0.0	0.43885356	0.43885356	25.0	4050	2.8979406	0.16963182	4.6448083	2.5517342	-2.8864803	0.034404166	3063.887007713318
163	0.08240934	0.0	0.08240934	0.08240934	25.0	4075	2.9068918	0.16151547	4.881622	2.5848627	-2.8883882	0.036322784	3083.702128171921
164	0.44021794	0.0	0.44021794	0.44021794	25.0	4100	2.9032717	0.16095084	4.5154867	2.5872943	-2.8943985	0.036089778	3103.5755772590637
165	0.2677739	0.0	0.2677739	0.2677739	25.0	4125	2.902236	0.15158147	4.7085567	2.5985234	-2.8992646	0.028395638	3123.3161187171936
166	0.24252246	0.0	0.24252246	0.24252246	25.0	4150	2.8942437	0.15404288	4.550747	2.5325234	-2.8836758	0.022853727	3143.202621936798
167	0.17363338	0.0	0.17363338	0.17363338	25.0	4175	2.9136753	0.17245263	4.3490453	2.5612197	-2.9021761	0.0334417	3163.2159872055054
168	0.22793151	0.0	0.22793151	0.22793151	25.0	4200	2.923703	0.17025511	4.550249	2.6069913	-2.9139032	0.034568373	3183.271561384201
169	0.22143702	0.0	0.22143702	0.22143702	25.0	4225	2.912486	0.15300865	4.7167974	2.6607695	-2.890166	0.02731492	3203.1551399230957
170	0.0	0.0	0.0	0.0	25.0	4250	2.9139547	0.16405062	4.613995	2.6518013	-2.9162729	0.030831186	3223.409416437149
171	0.0	0.0	0.0	0.0	25.0	4275	2.9227407	0.17847817	4.7880335	2.5865278	-2.9100578	0.028124548	3242.9648542404175
172	1.0110606	0.0	1.0110606	1.0110606	25.0	4300	2.9267077	0.15496391	4.44094	2.6832032	-2.9169672	0.030447042	3262.0904037952423
173	0.04129513	0.0	0.04129513	0.04129513	25.0	4325	2.9236155	0.15618813	4.8198314	2.704976	-2.90849	0.025871921	3280.9203073978424
174	0.25414768	0.0	0.25414768	0.25414768	25.0	4350	2.9231293	0.15872954	4.9329004	2.6463473	-2.9121428	0.025843885	3299.862690448761
175	0.28548226	0.0	0.28548226	0.28548226	25.0	4375	2.9336545	0.16905826	4.992643	2.6440578	-2.920129	0.028033607	3318.814588546753
176	0.15884387	0.0	0.15884387	0.15884387	25.0	4400	2.9367077	0.16096558	4.9001327	2.6118858	-2.9297974	0.03295718	3337.764415502548
177	0.2877242	0.0	0.2877242	0.2877242	25.0	4425	2.9391296	0.16134143	4.217562	2.6445484	-2.928623	0.026820628	3356.677792072296
178	0.3906051	0.0	0.3906051	0.3906051	25.0	4450	2.9412777	0.1523656	4.460225	2.636627	-2.919732	0.03376781	3375.6751692295074
179	0.9492472	0.0	0.9492472	0.9492472	25.0	4475	2.9423034	0.15951388	4.242012	2.69073	-2.9300451	0.03123371	3394.5439348220825
180	0.0	0.0	0.0	0.0	25.0	4500	2.9434588	0.15138322	4.3448787	2.712831	-2.9332142	0.03389318	3413.967663049698
181	0.0	0.0	0.0	0.0	25.0	4525	2.9468656	0.14934607	4.79906	2.6415703	-2.9441657	0.027363319	3432.8805837631226
182	0.14596567	0.0	0.14596567	0.14596567	25.0	4550	2.9463935	0.16390061	4.6124606	2.6948097	-2.9394476	0.026541583	3451.765558719635
183	0.6839993	0.0	0.6839993	0.6839993	25.0	4575	2.9446313	0.14261234	4.318379	2.7073896	-2.9479992	0.022816323	3470.689923763275
184	0.5194571	0.0	0.5194571	0.5194571	25.0	4600	2.9473066	0.14544907	4.33431	2.6832685	-2.9417412	0.0269805	3489.697952747345
185	0.8174885	0.0	0.8174885	0.8174885	25.0	4625	2.9549944	0.14639306	4.274431	2.6706285	-2.945212	0.02912743	3508.709866285324
186	0.39722678	0.0	0.39722678	0.39722678	25.0	4650	2.9533856	0.15369384	4.463668	2.6207976	-2.9480658	0.02605079	3527.807293176651
187	0.3273812	0.0	0.3273812	0.3273812	25.0	4675	2.9618452	0.15291591	4.6537213	2.713219	-2.9480708	0.027257731	3546.82391500473
188	0.63200045	0.0	0.63200045	0.63200045	25.0	4700	2.956231	0.13984312	4.529779	2.7076302	-2.9610062	0.024527932	3565.83113694191
189	0.058765337	0.0	0.058765337	0.058765337	25.0	4725	2.9613519	0.1451977	4.5053935	2.7400358	-2.9428904	0.024781672	3584.824385166168
190	0.32387754	0.0	0.32387754	0.32387754	25.0	4750	2.9687202	0.1377534	4.4735875	2.6922631	-2.9619172	0.024389165	3604.2473351955414
191	0.3232438	0.0	0.3232438	0.3232438	25.0	4775	2.9625733	0.13768907	4.409154	2.7034864	-2.9686556	0.021614302	3623.1240804195404
192	1.0524591	0.0	1.0524591	1.0524591	25.0	4800	2.9747028	0.14644149	4.444254	2.7349987	-2.9695141	0.0266401	3642.0911650657654
193	0.7116252	0.0	0.7116252	0.7116252	25.0	4825	2.966842	0.13838492	4.553029	2.786411	-2.9639544	0.019252805	3661.0407433509827
194	0.38558844	0.0	0.38558844	0.38558844	25.0	4850	2.976109	0.14611596	4.5209556	2.7766984	-2.974523	0.022272086	3679.9294950962067
195	0.09887876	0.0	0.09887876	0.09887876	25.0	4875	2.9792364	0.14737281	4.519521	2.6677604	-2.991028	0.028626077	3698.7788529396057
196	0.0731682	0.0	0.0731682	0.0731682	25.0	4900	2.98281	0.1413802	4.3940945	2.718189	-2.9780648	0.025292208	3717.5200974941254
197	0.21027407	0.0	0.21027407	0.21027407	25.0	4925	2.9883	0.14296043	4.2291546	2.7885017	-2.977032	0.024388524	3736.422666788101
198	0.47540104	0.0	0.47540104	0.47540104	25.0	4950	2.9814684	0.14503774	4.2847753	2.7227747	-2.9833007	0.022273915	3755.3454740047455
199	0.15375283	0.0	0.15375283	0.15375283	25.0	4975	2.9912229	0.15313548	4.583042	2.7594624	-2.982858	0.02262495	3774.319685459137
200	0.21979049	0.0	0.21979049	0.21979049	25.0	5000	2.9868677	0.1421788	4.4767466	2.78223	-2.9827285	0.024196632	3793.8053739070892
201	0.48204926	0.0	0.48204926	0.48204926	25.0	5025	2.987939	0.124913506	4.2633533	2.8007076	-3.0024893	0.019612364	3812.5523433685303
202	0.3645564	0.0	0.3645564	0.3645564	25.0	5050	3.0013628	0.14913501	4.442523	2.7906742	-2.993768	0.025423652	3831.395663499832
203	0.741688	0.0	0.741688	0.741688	25.0	5075	3.0005944	0.1346469	4.4519687	2.7734754	-3.001322	0.022335842	3849.930639743805
204	0.3581638	0.0	0.3581638	0.3581638	25.0	5100	3.00857	0.13314988	4.1768274	2.7538753	-3.0068984	0.021282766	3868.2338416576385
205	0.4380226	0.0	0.4380226	0.4380226	25.0	5125	3.004838	0.13780613	4.637094	2.8258018	-3.0058012	0.020175098	3886.557289123535
206	0.79499656	0.0	0.79499656	0.79499656	25.0	5150	3.0106003	0.1342098	4.4121633	2.8157194	-3.0020826	0.018883236	3904.9332308769226
207	1.1189463	0.0	1.1189463	1.1189463	25.0	5175	3.025072	0.14140464	4.6428747	2.835805	-3.0173063	0.022836404	3923.3003289699554
208	0.18190378	0.0	0.18190378	0.18190378	25.0	5200	3.0087867	0.14433393	4.5813212	2.783599	-3.0044029	0.01914458	3941.6868295669556
209	0.19781296	0.0	0.19781296	0.19781296	25.0	5225	3.0177758	0.1359926	4.6043377	2.8093264	-3.0225523	0.020288797	3960.0478308200836
210	0.07686814	0.0	0.07686814	0.07686814	25.0	5250	3.0157025	0.14404924	4.823871	2.385534	-3.0181022	0.018276073	3978.899108171463
211	0.5624274	0.0	0.5624274	0.5624274	25.0	5275	3.0250823	0.14921084	4.411566	2.8007355	-3.0242136	0.026337266	3997.5748584270477
212	0.0065303	0.0	0.0065303	0.0065303	25.0	5300	3.019621	0.11952805	4.348717	2.7747698	-3.0306978	0.018002488	4016.4316926002502
213	0.6269196	0.0	0.6269196	0.6269196	25.0	5325	3.0304651	0.13126332	4.4090986	2.8326635	-3.0243945	0.020882826	4035.504323720932
214	0.1471682	0.0	0.1471682	0.1471682	25.0	5350	3.0279381	0.12904508	4.483987	2.7795107	-3.0242245	0.016645046	4054.5695338249207
215	0.40344775	0.0	0.40344775	0.40344775	25.0	5375	3.0302508	0.13288245	4.387445	2.788002	-3.0327005	0.019410407	4073.6327633857727
216	0.431155	0.0	0.431155	0.431155	25.0	5400	3.0358686	0.11789598	4.3194437	2.848797	-3.0471206	0.020336427	4092.669009923935
217	0.26003516	0.0	0.26003516	0.26003516	25.0	5425	3.04112	0.1390047	4.4854574	2.81801	-3.041395	0.018993806	4111.606215000153
218	0.0	0.0	0.0	0.0	25.0	5450	3.0432944	0.12278454	4.178321	2.8666258	-3.0390635	0.01941695	4130.502537727356
219	0.23000827	0.0	0.23000827	0.23000827	25.0	5475	3.033459	0.12273261	4.4623117	2.8121665	-3.0399697	0.017483968	4149.6109392642975
220	0.2137645	0.0	0.2137645	0.2137645	25.0	5500	3.039323	0.11691443	4.3835363	2.8109965	-3.041579	0.018597504	4169.143791913986
221	0.0	0.0	0.0	0.0	25.0	5525	3.0477695	0.14872189	4.550847	2.8708148	-3.0381613	0.018182408	4188.202513694763
222	0.52062005	0.0	0.52062005	0.52062005	25.0	5550	3.045992	0.12399681	4.519661	2.8684852	-3.0549057	0.016740864	4207.029275178909
223	1.3400778	0.0	1.3400778	1.3400778	25.0	5575	3.0566633	0.13411112	4.53208	2.840217	-3.0514257	0.019591259	4225.982393980026
224	0.20951064	0.0	0.20951064	0.20951064	25.0	5600	3.0501564	0.12002807	4.663253	2.8153834	-3.056886	0.015914915	4244.595606803894
225	0.36360392	0.0	0.36360392	0.36360392	25.0	5625	3.0661423	0.13508436	4.5738354	2.8615246	-3.0615957	0.019937338	4262.84951043129
226	0.50458175	0.0	0.50458175	0.50458175	25.0	5650	3.070751	0.13783886	4.441166	2.890951	-3.0733254	0.020053232	4281.078439950943
227	0.36929798	0.0	0.36929798	0.36929798	25.0	5675	3.0614479	0.13492242	4.483955	2.814083	-3.0720801	0.015383601	4299.295622110367
228	0.19989428	0.0	0.19989428	0.19989428	25.0	5700	3.0690067	0.113235265	4.412323	2.8411613	-3.0667312	0.016935194	4317.545441865921
229	0.0	0.0	0.0	0.0	25.0	5725	3.0773551	0.13164902	4.482995	2.8483253	-3.0833576	0.017336292	4335.804778575897
230	0.063938096	0.0	0.063938096	0.063938096	25.0	5750	3.082323	0.1404669	4.4143686	2.8757973	-3.0790877	0.018279478	4354.643431663513
231	0.41127524	0.0	0.41127524	0.41127524	25.0	5775	3.0800288	0.13281478	4.5389404	2.8945723	-3.0811205	0.013902526	4372.869162321091
232	0.21460856	0.0	0.21460856	0.21460856	25.0	5800	3.0759766	0.115332134	4.3131685	2.8609002	-3.0813372	0.0148787275	4391.119315624237
233	0.0	0.0	0.0	0.0	25.0	5825	3.0742426	0.116421714	4.459846	2.8610659	-3.0783377	0.013507874	4409.390078544617
234	0.3183886	0.0	0.3183886	0.3183886	25.0	5850	3.0826325	0.11551637	4.356872	2.9100375	-3.0864167	0.012045477	4427.623193025589
235	0.3716061	0.0	0.3716061	0.3716061	25.0	5875	3.0876594	0.13398314	4.617896	2.875016	-3.0892913	0.01589813	4446.175229072571
236	0.0	0.0	0.0	0.0	25.0	5900	3.0937922	0.13635081	4.5187964	2.88372	-3.099299	0.016988534	4464.9639229774475
237	0.4916781	0.0	0.4916781	0.4916781	25.0	5925	3.099911	0.12926985	4.4149103	2.8638136	-3.1015832	0.016485926	4483.202607154846
238	0.8558432	0.0	0.8558432	0.8558432	25.0	5950	3.0923264	0.12943178	4.5175104	2.8541896	-3.094246	0.013847331	4501.488970994949
239	0.24835195	0.0	0.24835195	0.24835195	25.0	5975	3.0902357	0.11460199	4.487106	2.8748634	-3.1027224	0.014343946	4519.762058973312
240	0.1456719	0.0	0.1456719	0.1456719	25.0	6000	3.0998375	0.11856533	4.3214574	2.920955	-3.1080406	0.015930148	4538.772857666016
241	1.1503643	0.0	1.1503643	1.1503643	25.0	6025	3.1062021	0.1199155	4.3224244	2.9305582	-3.1087482	0.0190908	4557.02889752388
242	0.17246877	0.0	0.17246877	0.17246877	25.0	6050	3.108368	0.12943769	4.5064187	2.951386	-3.11032	0.017347777	4575.332720041275
243	0.0	0.0	0.0	0.0	25.0	6075	3.1051648	0.11938557	4.5001554	2.910902	-3.1086001	0.0144000435	4593.660757780075
244	0.28933117	0.0	0.28933117	0.28933117	25.0	6100	3.111292	0.12753758	4.3431807	2.9003444	-3.1160843	0.017836109	4611.922319173813
245	0.63532656	0.0	0.63532656	0.63532656	25.0	6125	3.1096604	0.11973973	4.3459277	2.9513268	-3.1116495	0.016426515	4630.255491256714
246	0.059448294	0.0	0.059448294	0.059448294	25.0	6150	3.1042309	0.101264596	3.987697	2.9385273	-3.119521	0.012778909	4648.36495757103
247	0.14245391	0.0	0.14245391	0.14245391	25.0	6175	3.1181295	0.12044014	4.517188	2.9003158	-3.1111648	0.014407341	4666.617294549942
248	0.23933433	0.0	0.23933433	0.23933433	25.0	6200	3.1154852	0.11522695	4.4215417	2.9650416	-3.1242402	0.0147922905	4684.768020153046
249	0.67687595	0.0	0.67687595	0.67687595	25.0	6225	3.115493	0.11011705	4.34134	2.9280138	-3.128603	0.015218668	4703.292109966278
250	0.12079957	0.0	0.12079957	0.12079957	25.0	6250	3.1208582	0.120707	4.52369	2.909593	-3.1284606	0.01275627	4722.449598073959
251	0.3266593	0.0	0.3266593	0.3266593	25.0	6275	3.1264243	0.11026786	4.5389295	2.9082975	-3.135306	0.015370097	4741.715959787369
252	0.4628359	0.0	0.4628359	0.4628359	25.0	6300	3.128513	0.1283908	4.7349	2.9329472	-3.123954	0.014051801	4760.501055717468
253	0.8821657	0.0	0.8821657	0.8821657	25.0	6325	3.1274874	0.11948778	4.6026397	2.8973162	-3.1383798	0.016600017	4778.906694412231
254	0.05795676	0.0	0.05795676	0.05795676	25.0	6350	3.1302302	0.105233386	4.0542116	2.9755533	-3.1350741	0.016454883	4797.354861736298
255	0.60544527	0.0	0.60544527	0.60544527	25.0	6375	3.1316004	0.116427146	4.6513243	2.9282358	-3.1407864	0.013088774	4816.089159965515
256	0.28688422	0.0	0.28688422	0.28688422	25.0	6400	3.1302295	0.096952565	4.364966	2.9169724	-3.1358461	0.012419084	4835.3711450099945
257	0.3834202	0.0	0.3834202	0.3834202	25.0	6425	3.1299133	0.10947506	4.4705796	2.4864252	-3.1376045	0.014158684	4854.75474691391
258	0.25619337	0.0	0.25619337	0.25619337	25.0	6450	3.1366882	0.10678681	4.0024924	2.8974473	-3.1404476	0.012962011	4874.168183088303
259	0.9055191	0.0	0.9055191	0.9055191	25.0	6475	3.1449506	0.11241492	4.291103	2.9604754	-3.1425762	0.012697343	4893.632315635681
260	0.32591262	0.0	0.32591262	0.32591262	25.0	6500	3.150047	0.11725825	4.283508	2.8491137	-3.148348	0.016756129	4913.559158086777
261	0.6825515	0.0	0.6825515	0.6825515	25.0	6525	3.143755	0.119364716	4.4295096	2.404242	-3.1575341	0.016531125	4932.779833555222
262	0.09604967	0.0	0.09604967	0.09604967	25.0	6550	3.1466792	0.1188028	4.3549223	2.978275	-3.1590834	0.013289689	4952.1558492183685
263	0.64496726	0.0	0.64496726	0.64496726	25.0	6575	3.1464698	0.10104454	4.1524963	2.9783792	-3.1518195	0.016725564	4971.4747796058655
264	0.51396716	0.0	0.51396716	0.51396716	25.0	6600	3.14781	0.118387274	4.447105	2.9561412	-3.1545248	0.013590016	4990.893057823181
265	1.0319425	0.0	1.0319425	1.0319425	25.0	6625	3.1581202	0.11891741	4.454888	2.9946828	-3.1671097	0.012615332	5010.25178694725
266	0.47213352	0.0	0.47213352	0.47213352	25.0	6650	3.1613526	0.11974567	4.3828983	2.9862185	-3.1651788	0.015988046	5029.551698207855
267	0.10844824	0.0	0.10844824	0.10844824	25.0	6675	3.1641533	0.12448136	4.397565	3.001367	-3.172363	0.01344033	5048.749668836594
268	0.0	0.0	0.0	0.0	25.0	6700	3.1637444	0.112731114	4.5035686	2.9697275	-3.174017	0.014298799	5068.14141702652
269	0.0	0.0	0.0	0.0	25.0	6725	3.1612158	0.11176662	4.2205973	2.9443946	-3.1639695	0.013483704	5087.273618936539
270	0.39147905	0.0	0.39147905	0.39147905	25.0	6750	3.1778176	0.124808535	4.3869977	2.9655762	-3.1786697	0.017207457	5106.800780057907
271	0.3961137	0.0	0.3961137	0.3961137	25.0	6775	3.163283	0.10295415	4.0597696	2.9756825	-3.1732383	0.013323747	5125.915389537811
272	0.0	0.0	0.0	0.0	25.0	6800	3.1776035	0.11199312	4.0418253	3.000163	-3.1808045	0.014780797	5145.051787614822
273	0.37109253	0.0	0.37109253	0.37109253	25.0	6825	3.1759408	0.11004049	4.543179	3.0180922	-3.190492	0.012736511	5164.2682564258575
274	0.48810092	0.0	0.48810092	0.48810092	25.0	6850	3.1857488	0.13336132	4.674323	2.99264	-3.1943467	0.015525712	5183.238528966904
275	0.9250773	0.0	0.9250773	0.9250773	25.0	6875	3.1745028	0.095749624	4.0898805	2.934949	-3.193902	0.013366198	5202.425318241119
276	0.5173057	0.0	0.5173057	0.5173057	25.0	6900	3.192154	0.123138115	4.399531	3.0102623	-3.1970096	0.015344888	5221.258602142334
277	0.63360465	0.0	0.63360465	0.63360465	25.0	6925	3.185133	0.12157725	4.3324685	2.9614732	-3.1964674	0.0141214635	5239.941366434097
278	0.25485075	0.0	0.25485075	0.25485075	25.0	6950	3.1950386	0.11718945	4.266529	3.0004745	-3.2017634	0.014880545	5258.841296195984
279	0.64093244	0.0	0.64093244	0.64093244	25.0	6975	3.1920795	0.10779927	4.3370185	3.0149982	-3.194601	0.011914099	5277.647347211838
280	0.36749652	0.0	0.36749652	0.36749652	25.0	7000	3.1883576	0.11066172	4.252972	2.9712563	-3.2005754	0.013397474	5297.491641283035
281	0.20420574	0.0	0.20420574	0.20420574	25.0	7025	3.198924	0.11952231	4.4487667	2.989252	-3.2151377	0.014982799	5316.221239328384
282	0.052211337	0.0	0.052211337	0.052211337	25.0	7050	3.1933794	0.11563048	4.223751	3.0136344	-3.2018578	0.012342731	5334.914222717285
283	0.1568801	0.0	0.1568801	0.1568801	25.0	7075	3.2012146	0.12463448	4.623952	2.9088843	-3.206499	0.01390718	5354.21705198288
284	0.22279473	0.0	0.22279473	0.22279473	25.0	7100	3.1990948	0.10743034	4.021055	3.0070097	-3.2028286	0.012502884	5373.068881511688
285	0.24981917	0.0	0.24981917	0.24981917	25.0	7125	3.2047355	0.10697521	4.2078867	3.0115626	-3.2108624	0.013431166	5391.966946840286
286	0.5950351	0.0	0.5950351	0.5950351	25.0	7150	3.2005067	0.102145955	4.0985284	3.0103238	-3.2067618	0.012095111	5410.950569629669
287	0.29150105	0.0	0.29150105	0.29150105	25.0	7175	3.2064364	0.10653874	4.2749486	3.0449903	-3.218183	0.011905216	5429.963472366333
288	0.44146892	0.0	0.44146892	0.44146892	25.0	7200	3.2127845	0.12681498	4.4362936	3.037544	-3.207439	0.014199994	5448.7634382247925
289	0.16144273	0.0	0.16144273	0.16144273	25.0	7225	3.2089984	0.10968635	4.4762444	3.0453053	-3.2219613	0.0129554095	5467.5005033016205
290	0.6073662	0.0	0.6073662	0.6073662	25.0	7250	3.2039251	0.09264012	4.3627295	3.0445628	-3.2153792	0.0104883155	5486.9493527412415
291	0.10703797	0.0	0.10703797	0.10703797	25.0	7275	3.2147627	0.11814769	4.5525208	3.0408912	-3.220348	0.013185732	5505.68447303772
292	0.096938565	0.0	0.096938565	0.096938565	25.0	7300	3.218367	0.123484455	4.292755	3.0645943	-3.2235289	0.0129214795	5524.215240955353
293	0.3574377	0.0	0.3574377	0.3574377	25.0	7325	3.2151423	0.10867849	4.3455195	3.0602279	-3.218783	0.013616961	5542.926771402359
294	0.1863449	0.0	0.1863449	0.1863449	25.0	7350	3.2165985	0.09562606	4.2975135	3.0288057	-3.2284303	0.013848197	5561.55789399147
295	0.7502805	0.0	0.7502805	0.7502805	25.0	7375	3.2231743	0.12187376	4.489366	3.0260093	-3.2313209	0.012081069	5580.749670267105
296	0.17829633	0.0	0.17829633	0.17829633	25.0	7400	3.2207556	0.103019744	4.1049457	3.0021682	-3.2300997	0.013950642	5599.635307788849
297	0.7158485	0.0	0.7158485	0.7158485	25.0	7425	3.2295504	0.11621132	4.6070027	3.0315936	-3.2369256	0.013626269	5618.598255872726
298	0.6618225	0.0	0.6618225	0.6618225	25.0	7450	3.235009	0.10834086	4.3097005	3.0823655	-3.239868	0.013796194	5637.492969036102
299	0.36226162	0.0	0.36226162	0.36226162	25.0	7475	3.229844	0.107097	4.3886704	3.0247967	-3.2405548	0.013628531	5656.34280538559
300	0.5896378	0.0	0.5896378	0.5896378	25.0	7500	3.2329059	0.10795111	4.176545	2.9900568	-3.2361286	0.011537832	5675.964020013809
301	0.19836026	0.0	0.19836026	0.19836026	25.0	7525	3.2337458	0.10959853	4.374358	3.0380855	-3.2296317	0.013469202	5695.06342625618
302	0.6131296	0.0	0.6131296	0.6131296	25.0	7550	3.241136	0.12766965	4.950563	3.0485628	-3.2502792	0.016268117	5714.977498531342
303	0.11691748	0.0	0.11691748	0.11691748	25.0	7575	3.2382746	0.1125236	4.267881	2.9615064	-3.243949	0.013919984	5734.169438123703
304	0.0	0.0	0.0	0.0	25.0	7600	3.2356677	0.09451698	4.107804	2.6429603	-3.2496886	0.0111535145	5752.932937383652
305	0.34291476	0.0	0.34291476	0.34291476	25.0	7625	3.2384436	0.09759059	4.0745535	3.0290954	-3.244216	0.013468087	5771.671998977661
306	0.48852974	0.0	0.48852974	0.48852974	25.0	7650	3.245088	0.10746153	4.281494	2.9528747	-3.2458093	0.012875596	5790.24202132225
307	0.4668333	0.0	0.4668333	0.4668333	25.0	7675	3.2478669	0.12970237	4.573782	3.0728164	-3.248354	0.015375681	5808.836465120316
308	0.0	0.0	0.0	0.0	25.0	7700	3.2444427	0.11794763	4.5716114	3.0518992	-3.253332	0.013318523	5827.4039623737335
309	0.3074074	0.0	0.3074074	0.3074074	25.0	7725	3.2410555	0.09082591	4.335865	3.0388556	-3.250918	0.0110647	5846.00817155838
310	0.4771344	0.0	0.4771344	0.4771344	25.0	7750	3.248847	0.110277794	4.345914	3.0710435	-3.249347	0.010535546	5865.336861371994
311	0.208146	0.0	0.208146	0.208146	25.0	7775	3.2489731	0.109296985	4.5453076	3.0593977	-3.264992	0.011262966	5883.856853961945
312	0.84322464	0.0	0.84322464	0.84322464	25.0	7800	3.246314	0.098799855	4.246466	3.1043758	-3.2589703	0.010560499	5902.781069993973
313	0.518951	0.0	0.518951	0.518951	25.0	7825	3.262259	0.115127794	4.56734	3.1004727	-3.2626405	0.012486744	5921.490057468414
314	0.16451444	0.0	0.16451444	0.16451444	25.0	7850	3.2613397	0.12044957	4.3756905	3.0535855	-3.2579825	0.013024227	5940.178777933121
315	0.5886868	0.0	0.5886868	0.5886868	25.0	7875	3.2563086	0.099320285	4.1934724	3.059512	-3.2667742	0.014917098	5959.533814668655
316	0.13433085	0.0	0.13433085	0.13433085	25.0	7900	3.262277	0.118856065	4.5834713	3.0637465	-3.2665174	0.014886949	5978.791880607605
317	0.6627496	0.0	0.6627496	0.6627496	25.0	7925	3.2637823	0.11497526	4.5712647	3.1127264	-3.2727647	0.011878726	5998.375032186508
318	0.28168726	0.0	0.28168726	0.28168726	25.0	7950	3.2583203	0.09216469	4.3083496	2.9623547	-3.268572	0.010802288	6017.844236373901
319	0.17081799	0.0	0.17081799	0.17081799	25.0	7975	3.2691987	0.12006956	4.5002117	3.0972695	-3.2748673	0.013238045	6037.349503040314
320	0.24040388	0.0	0.24040388	0.24040388	25.0	8000	3.2725086	0.115988865	4.400996	3.0757804	-3.2738717	0.012495593	6057.466250896454
321	0.4644854	0.0	0.4644854	0.4644854	25.0	8025	3.2663622	0.10278846	4.3703475	3.1060586	-3.2756536	0.012267303	6076.654630422592
322	0.40598184	0.0	0.40598184	0.40598184	25.0	8050	3.2621102	0.09479906	4.302366	3.0426545	-3.2703805	0.012412083	6095.7957236766815
323	0.48906675	0.0	0.48906675	0.48906675	25.0	8075	3.2725406	0.10623466	4.407355	3.0691514	-3.2778673	0.013719667	6114.9705464839935
324	0.9522427	0.0	0.9522427	0.9522427	25.0	8100	3.2760406	0.1279742	4.7948728	2.4194155	-3.2809503	0.018619336	6135.273587703705
325	0.47626022	0.0	0.47626022	0.47626022	25.0	8125	3.267465	0.10631946	4.3024454	3.0846076	-3.2768126	0.014431918	6154.690894126892
326	0.19430383	0.0	0.19430383	0.19430383	25.0	8150	3.2766538	0.1059742	4.324784	3.0326183	-3.2870214	0.014097337	6173.882542133331
327	1.0823834	0.0	1.0823834	1.0823834	25.0	8175	3.272016	0.09549651	4.3128905	3.1022725	-3.2817342	0.013263993	6192.746693134308
328	0.7291174	0.0	0.7291174	0.7291174	25.0	8200	3.2780294	0.101591475	4.4036064	3.1163287	-3.281724	0.012006993	6211.179260969162
329	0.0	0.0	0.0	0.0	25.0	8225	3.2786646	0.11816318	4.351779	3.0794322	-3.2767627	0.010301863	6229.521773099899
330	0.6518472	0.0	0.6518472	0.6518472	25.0	8250	3.2906153	0.13153489	4.5814114	3.1082382	-3.299543	0.014267674	6249.6473915576935
331	0.0	0.0	0.0	0.0	25.0	8275	3.278886	0.10414214	4.802905	3.093572	-3.293913	0.013958872	6267.926194429398
332	0.08314647	0.0	0.08314647	0.08314647	25.0	8300	3.2944765	0.11615478	4.3701	3.0764554	-3.29435	0.014691699	6286.357195615768
333	0.0	0.0	0.0	0.0	25.0	8325	3.285125	0.09829513	4.0662804	3.067485	-3.2997582	0.01219792	6305.073209285736
334	0.09807434	0.0	0.09807434	0.09807434	25.0	8350	3.2978623	0.123741195	4.656946	3.0825539	-3.30427	0.014170695	6323.537127256393
335	0.41606012	0.0	0.41606012	0.41606012	25.0	8375	3.2915063	0.108367085	4.4060626	3.103174	-3.3027713	0.012523089	6342.048062086105
336	0.4478905	0.0	0.4478905	0.4478905	25.0	8400	3.28948	0.10819472	4.345167	3.1114488	-3.300015	0.011527904	6360.498048782349
337	0.42840928	0.0	0.42840928	0.42840928	25.0	8425	3.2943494	0.09816016	4.352087	3.1529145	-3.3054981	0.011703414	6378.968192100525
338	0.4174745	0.0	0.4174745	0.4174745	25.0	8450	3.2892208	0.10183194	4.442512	3.1317773	-3.3027744	0.010906005	6397.327120780945
339	0.37919658	0.0	0.37919658	0.37919658	25.0	8475	3.294585	0.10432727	4.6691384	3.0700374	-3.3029232	0.012642524	6415.660828828812
340	0.45505068	0.0	0.45505068	0.45505068	25.0	8500	3.2990112	0.10454137	4.6646137	3.1111462	-3.307422	0.012144147	6434.891142606735
341	0.008248497	0.0	0.008248497	0.008248497	25.0	8525	3.2979803	0.10005846	4.424641	3.1252882	-3.3021996	0.011758273	6453.29163146019
342	0.72411	0.0	0.72411	0.72411	25.0	8550	3.3061917	0.10873875	4.3040185	3.1028273	-3.3060398	0.012916833	6471.655236244202
343	0.18905541	0.0	0.18905541	0.18905541	25.0	8575	3.3012478	0.11804411	4.7226386	3.091444	-3.3140333	0.010913316	6490.1769144535065
344	0.5350006	0.0	0.5350006	0.5350006	25.0	8600	3.298137	0.09597508	4.4196477	3.1582892	-3.316636	0.010157856	6508.639833211899
345	0.5852388	0.0	0.5852388	0.5852388	25.0	8625	3.30377	0.11135765	4.948708	3.1377606	-3.3104327	0.013327303	6527.244543790817
346	1.1655505	0.0	1.1655505	1.1655505	25.0	8650	3.3002465	0.087138034	4.143193	2.8411767	-3.3131506	0.009067726	6545.891144752502
347	0.24025047	0.0	0.24025047	0.24025047	25.0	8675	3.308338	0.104412496	4.330157	3.0271993	-3.3183396	0.011776514	6564.310106515884
348	0.4610076	0.0	0.4610076	0.4610076	25.0	8700	3.3126209	0.10178069	4.461586	3.0978284	-3.316004	0.011490489	6582.542977571487
349	0.35914156	0.0	0.35914156	0.35914156	25.0	8725	3.311272	0.09703195	4.3523254	3.1262875	-3.311927	0.010577338	6600.821743488312
350	0.2952935	0.0	0.2952935	0.2952935	25.0	8750	3.3081713	0.10454128	4.4685607	3.0873728	-3.3153903	0.011012839	6620.878320217133
351	0.08046204	0.0	0.08046204	0.08046204	25.0	8775	3.3107746	0.09492785	4.336985	3.1691105	-3.321395	0.011252048	6639.267019987106
352	0.6675708	0.0	0.6675708	0.6675708	25.0	8800	3.32478	0.12431326	4.58234	3.03826	-3.3272412	0.014789782	6657.556121587753
353	0.7034478	0.0	0.7034478	0.7034478	25.0	8825	3.3182776	0.10237557	4.3188214	3.1727376	-3.3222482	0.013274538	6676.918278217316
354	0.0032105658	0.0	0.0032105658	0.0032105658	25.0	8850	3.3137665	0.10356649	4.450039	3.0204191	-3.3189552	0.0104417885	6695.226785182953
355	0.15382206	0.0	0.15382206	0.15382206	25.0	8875	3.3176374	0.10318873	4.6084237	3.154973	-3.324626	0.011594087	6713.526511669159
356	0.6570232	0.0	0.6570232	0.6570232	25.0	8900	3.313009	0.09500351	4.434545	3.1225228	-3.3197381	0.010958672	6732.813003540039
357	0.11982303	0.0	0.11982303	0.11982303	25.0	8925	3.3196418	0.10291791	4.449926	3.157553	-3.3241458	0.011786455	6751.24151802063
358	0.14092964	0.0	0.14092964	0.14092964	25.0	8950	3.3209045	0.094858475	4.460468	3.1726613	-3.3279781	0.011595084	6769.893686532974
359	0.37200165	0.0	0.37200165	0.37200165	25.0	8975	3.3196728	0.09317102	4.08622	3.0366514	-3.3277981	0.0128885545	6788.445879459381
360	1.143588	0.0	1.143588	1.143588	25.0	9000	3.3188617	0.10680091	4.433866	3.1229668	-3.3244464	0.01109609	6807.740667104721
361	0.056559514	0.0	0.056559514	0.056559514	25.0	9025	3.3221025	0.11206564	4.535274	3.10862	-3.3280168	0.010834288	6826.637154579163
362	0.72774523	0.0	0.72774523	0.72774523	25.0	9050	3.325515	0.09714804	4.1502137	3.1473477	-3.3327405	0.012728647	6845.65543794632
363	0.48011962	0.0	0.48011962	0.48011962	25.0	9075	3.3280072	0.11189298	4.4898925	3.1100001	-3.3348355	0.013470851	6864.020610809326
364	0.41346496	0.0	0.41346496	0.41346496	25.0	9100	3.3278747	0.09976094	4.4429526	3.1655505	-3.330013	0.01128173	6882.947412967682
365	0.22198375	0.0	0.22198375	0.22198375	25.0	9125	3.3244617	0.09508663	4.463714	3.1584277	-3.3321083	0.012042467	6901.885762214661
366	0.48522794	0.0	0.48522794	0.48522794	25.0	9150	3.3275464	0.09125359	4.022407	3.08751	-3.3339672	0.011128796	6920.421128034592
367	0.36303902	0.0	0.36303902	0.36303902	25.0	9175	3.3301904	0.11431728	4.556178	3.175506	-3.3288531	0.012326086	6939.34352684021
368	0.29714793	0.0	0.29714793	0.29714793	25.0	9200	3.330536	0.10741943	4.5682354	3.1381443	-3.3406985	0.012002361	6958.179412126541
369	0.25115818	0.0	0.25115818	0.25115818	25.0	9225	3.328983	0.10679802	4.4950557	3.1653817	-3.3385258	0.010086984	6977.633087873459
370	0.34455323	0.0	0.34455323	0.34455323	25.0	9250	3.3358202	0.10769112	4.51754	3.1302106	-3.340212	0.012288507	6997.590103387833
371	0.8237191	0.0	0.8237191	0.8237191	25.0	9275	3.3336518	0.11162568	4.7011037	3.1374836	-3.3438995	0.010908612	7016.787309646606
372	0.33089346	0.0	0.33089346	0.33089346	25.0	9300	3.3324335	0.10034769	4.3251123	3.1727588	-3.340703	0.011049706	7035.869674444199
373	0.88468456	0.0	0.88468456	0.88468456	25.0	9325	3.3294363	0.101306334	4.3825674	3.1612062	-3.337096	0.0105963675	7055.055531024933
374	0.1863618	0.0	0.1863618	0.1863618	25.0	9350	3.3383322	0.10459731	4.8620152	3.1294992	-3.341443	0.012257471	7074.0559277534485
375	0.9475552	0.0	0.9475552	0.9475552	25.0	9375	3.333493	0.097951256	4.2754903	3.1993098	-3.3341775	0.011547978	7092.919370651245
376	0.40061617	0.0	0.40061617	0.40061617	25.0	9400	3.3376756	0.1041473	4.582455	3.1434174	-3.339509	0.012858735	7112.0599155426025
377	0.3967383	0.0	0.3967383	0.3967383	25.0	9425	3.3365839	0.109513976	4.382081	3.1548142	-3.3399835	0.010422447	7131.012577295303
378	0.36923188	0.0	0.36923188	0.36923188	25.0	9450	3.3385406	0.11237666	4.382893	3.1562681	-3.3448381	0.0109395115	7149.969729423523
379	1.4500781	0.0	1.4500781	1.4500781	25.0	9475	3.3403258	0.10892756	4.890903	3.0819604	-3.3483026	0.010440732	7168.82323384285
380	0.20098351	0.0	0.20098351	0.20098351	25.0	9500	3.3439825	0.10261206	4.482842	3.1253633	-3.3456855	0.011968147	7188.796220064163
381	0.036868248	0.0	0.036868248	0.036868248	25.0	9525	3.3425977	0.11302106	4.4657965	3.1193082	-3.3465042	0.013016753	7207.475904941559
382	0.21734636	0.0	0.21734636	0.21734636	25.0	9550	3.341287	0.09640834	4.4165316	3.173544	-3.3519123	0.011018752	7226.069981098175
383	0.23719527	0.0	0.23719527	0.23719527	25.0	9575	3.343553	0.092277505	4.305182	3.1854591	-3.3489435	0.010265103	7245.0930206775665
384	0.33367333	0.0	0.33367333	0.33367333	25.0	9600	3.3392475	0.10985913	4.5948896	3.1029117	-3.353551	0.011274155	7264.095328807831
385	1.5040587	0.0	1.5040587	1.5040587	25.0	9625	3.3478477	0.09664857	4.301572	3.1283486	-3.3518684	0.012093434	7282.860447883606
386	0.75695217	0.0	0.75695217	0.75695217	25.0	9650	3.343304	0.08962459	4.1566224	3.1810396	-3.3472562	0.009192657	7301.434054851532
387	0.6024584	0.0	0.6024584	0.6024584	25.0	9675	3.3434362	0.09228608	4.3864255	3.2227526	-3.3490124	0.008996882	7320.050071716309
388	0.2886602	0.0	0.2886602	0.2886602	25.0	9700	3.345401	0.09775677	4.260713	3.182836	-3.3490505	0.012765578	7338.669676780701
389	0.8253394	0.0	0.8253394	0.8253394	25.0	9725	3.3513074	0.10003973	4.35125	3.156085	-3.3559687	0.013762505	7357.218286991119
390	0.19155021	0.0	0.19155021	0.19155021	25.0	9750	3.3453588	0.100163676	4.4425163	3.1746912	-3.351034	0.0113121085	7376.570261955261
391	0.6431137	0.0	0.6431137	0.6431137	25.0	9775	3.3503428	0.10731713	4.3787436	3.1469567	-3.3507159	0.013471817	7395.092516422272
392	1.0572956	0.0	1.0572956	1.0572956	25.0	9800	3.3462799	0.09728444	4.19986	3.1867247	-3.3531256	0.0113056125	7413.613110542297
393	0.096519485	0.0	0.096519485	0.096519485	25.0	9825	3.3536363	0.10651209	4.4081864	3.1657026	-3.3588831	0.014722271	7432.0930342674255
394	0.0	0.0	0.0	0.0	25.0	9850	3.352558	0.102297455	4.504069	3.2025332	-3.3558414	0.010628148	7450.5311777591705
395	0.6169125	0.0	0.6169125	0.6169125	25.0	9875	3.3504014	0.10257783	4.378003	3.1211617	-3.3632367	0.010072031	7469.188750743866
396	0.18452804	0.0	0.18452804	0.18452804	25.0	9900	3.3514833	0.09875336	4.46378	3.0714226	-3.3539262	0.010301704	7487.813659906387
397	0.5067158	0.0	0.5067158	0.5067158	25.0	9925	3.3583057	0.108456105	4.5733967	3.1381698	-3.3597562	0.012332019	7506.4332802295685
398	0.7600616	0.0	0.7600616	0.7600616	25.0	9950	3.3565862	0.10362962	4.7149363	3.1997664	-3.366053	0.011144643	7524.881618499756
399	0.20426829	0.0	0.20426829	0.20426829	25.0	9975	3.360525	0.10506146	4.488977	3.2281773	-3.359031	0.012399619	7543.34077000618
400	0.0	0.0	0.0	0.0	25.0	10000	3.3591301	0.11159525	4.627548	3.1714888	-3.3581324	0.009646827	7562.780858755112
401	0.7567006	0.0	0.7567006	0.7567006	25.0	10025	3.3547335	0.11002661	4.610631	3.2025833	-3.3589916	0.01178617	7581.278039455414
402	0.329339	0.0	0.329339	0.329339	25.0	10050	3.358508	0.104934424	4.371077	3.1651437	-3.363526	0.010540526	7599.786758422852
403	0.14039268	0.0	0.14039268	0.14039268	25.0	10075	3.3579912	0.098492585	4.3711715	2.8762612	-3.3648674	0.011092316	7618.5454432964325
404	0.94125664	0.0	0.94125664	0.94125664	25.0	10100	3.3538566	0.09061778	4.2993064	3.2173193	-3.3544893	0.010625643	7637.056166648865
405	0.90752697	0.0	0.90752697	0.90752697	25.0	10125	3.3550036	0.100562	4.387522	3.1460943	-3.3614068	0.009641915	7655.519625663757
406	0.08536263	0.0	0.08536263	0.08536263	25.0	10150	3.3576128	0.10031463	4.371936	3.163877	-3.364592	0.009408525	7674.084696769714
407	0.38399914	0.0	0.38399914	0.38399914	25.0	10175	3.3624723	0.10169723	4.4141526	3.192147	-3.367716	0.014386769	7693.455911159515
408	0.5104657	0.0	0.5104657	0.5104657	25.0	10200	3.3618603	0.11147024	4.6417956	3.1845646	-3.364795	0.010914351	7712.13236451149
409	0.045930583	0.0	0.045930583	0.045930583	25.0	10225	3.360343	0.092153326	4.1756964	3.1707764	-3.3694422	0.012195204	7730.53523683548
410	0.055593412	0.0	0.055593412	0.055593412	25.0	10250	3.3626611	0.09498174	4.582855	3.1887383	-3.3760357	0.012469721	7749.792763471603
411	0.19663087	0.0	0.19663087	0.19663087	25.0	10275	3.3653991	0.09972413	4.409432	3.2192523	-3.372984	0.011143505	7768.091806650162
412	0.26951063	0.0	0.26951063	0.26951063	25.0	10300	3.3666108	0.09827471	4.3946466	3.2006516	-3.368045	0.01135416	7786.406025648117
413	0.65858305	0.0	0.65858305	0.65858305	25.0	10325	3.3697467	0.117249444	4.409613	3.1540298	-3.3698764	0.013954983	7804.814615726471
414	0.28566432	0.0	0.28566432	0.28566432	25.0	10350	3.3633256	0.10535669	4.7891254	3.1522744	-3.3633769	0.0106627615	7823.160342693329
415	1.0352043	0.0	1.0352043	1.0352043	25.0	10375	3.357385	0.09754822	4.250752	3.1667619	-3.366958	0.011045874	7841.56360411644
416	0.5020583	0.0	0.5020583	0.5020583	25.0	10400	3.3714316	0.101645574	4.2022166	3.1977568	-3.366031	0.0110933855	7859.9389724731445
417	0.06868995	0.0	0.06868995	0.06868995	25.0	10425	3.3758142	0.12864465	4.6517434	3.200759	-3.3678458	0.0150414	7878.352174282074
418	0.2424028	0.0	0.2424028	0.2424028	25.0	10450	3.3646996	0.10305457	4.544781	3.204062	-3.3675432	0.011127948	7896.737605333328
419	0.26328427	0.0	0.26328427	0.26328427	25.0	10475	3.36641	0.094302714	4.409367	3.082104	-3.3726885	0.012498549	7915.054595708847
420	0.93679756	0.0	0.93679756	0.93679756	25.0	10500	3.370469	0.09117242	4.236718	3.206015	-3.374555	0.012595215	7934.971491575241
421	0.23609816	0.0	0.23609816	0.23609816	25.0	10525	3.3594208	0.103456505	4.511705	3.16027	-3.3637795	0.009983968	7953.929291009903
422	0.0	0.0	0.0	0.0	25.0	10550	3.3636994	0.09627501	4.4525385	3.2210493	-3.3697815	0.011529561	7972.831676244736
423	0.0	0.0	0.0	0.0	25.0	10575	3.362577	0.09168513	4.2212276	3.2081244	-3.369639	0.009309623	7991.786740064621
424	1.2555996	0.0	1.2555996	1.2555996	25.0	10600	3.3711298	0.107267015	4.4610877	3.2102246	-3.370676	0.012312901	8010.884070634842
425	0.08798451	0.0	0.08798451	0.08798451	25.0	10625	3.3690393	0.09660213	4.4196744	3.1759381	-3.3721151	0.011292453	8029.821868181229
426	0.2999637	0.0	0.2999637	0.2999637	25.0	10650	3.3663468	0.09819494	4.316797	3.167383	-3.374614	0.010084647	8048.840007066727
427	0.09531883	0.0	0.09531883	0.09531883	25.0	10675	3.3643572	0.09271916	4.3684907	3.2169697	-3.3693705	0.010784812	8068.330863237381
428	0.22788283	0.0	0.22788283	0.22788283	25.0	10700	3.373009	0.09594174	4.277073	3.2104325	-3.3735278	0.013371992	8087.356380701065
429	0.6106201	0.0	0.6106201	0.6106201	25.0	10725	3.3652067	0.098264664	4.5680604	3.199584	-3.3672178	0.009704759	8106.448208808899
430	0.4685595	0.0	0.4685595	0.4685595	25.0	10750	3.3655796	0.09477765	4.5469856	3.1782424	-3.3683534	0.010841353	8126.608204603195
431	0.0	0.0	0.0	0.0	25.0	10775	3.359366	0.090378076	4.25756	3.2237883	-3.3653455	0.010744465	8145.596092939377
432	0.81538063	0.0	0.81538063	0.81538063	25.0	10800	3.3630009	0.09188221	4.450001	3.2059999	-3.3734589	0.01022843	8164.458844661713
433	0.31019133	0.0	0.31019133	0.31019133	25.0	10825	3.3578198	0.082794055	4.1762743	3.132927	-3.3700569	0.009214523	8182.740927457809
434	0.4414099	0.0	0.4414099	0.4414099	25.0	10850	3.3605542	0.088475235	4.3646526	3.200676	-3.366785	0.009830805	8200.920849561691
435	1.0304942	0.0	1.0304942	1.0304942	25.0	10875	3.3651392	0.08394308	4.117867	3.1650422	-3.3722887	0.010503403	8219.194343090057
436	0.33867916	0.0	0.33867916	0.33867916	25.0	10900	3.368341	0.093380496	4.5231667	3.210322	-3.3740442	0.009886473	8237.424249887466
437	0.27283692	0.0	0.27283692	0.27283692	25.0	10925	3.3731043	0.1019593	4.3146057	3.1645308	-3.3680847	0.010313405	8255.702721595764
438	0.0	0.0	0.0	0.0	25.0	10950	3.3719692	0.094179235	4.195405	3.2119036	-3.3790805	0.011963401	8273.91321015358
439	0.32843474	0.0	0.32843474	0.32843474	25.0	10975	3.3642697	0.08069361	4.144414	3.210794	-3.3688924	0.010970813	8292.164674282074
440	0.26849684	0.0	0.26849684	0.26849684	25.0	11000	3.3698978	0.09865797	4.8302855	3.2065887	-3.3707287	0.009646912	8311.41266798973
441	1.0537374	0.0	1.0537374	1.0537374	25.0	11025	3.3647952	0.09083329	4.5340853	3.1618884	-3.3629906	0.012234214	8329.621806383133
442	0.41900578	0.0	0.41900578	0.41900578	25.0	11050	3.3727028	0.093998075	4.214311	3.23486	-3.3685105	0.012378044	8347.93068599701
443	0.13489285	0.0	0.13489285	0.13489285	25.0	11075	3.372476	0.10128118	4.536487	3.0272853	-3.3806553	0.011552742	8366.184153795242
444	0.19407707	0.0	0.19407707	0.19407707	25.0	11100	3.3666792	0.090344585	4.241665	2.6614594	-3.3743382	0.009546461	8384.401262998581
445	0.26137656	0.0	0.26137656	0.26137656	25.0	11125	3.3735638	0.09776997	4.2099476	3.2142873	-3.3701372	0.010789135	8402.620696783066
446	1.8477566	0.0	1.8477566	1.8477566	25.0	11150	3.378071	0.107107855	4.545	3.1779633	-3.3734438	0.011875915	8420.922352790833
447	0.07139757	0.0	0.07139757	0.07139757	25.0	11175	3.371973	0.10187184	4.4321976	3.149756	-3.3771029	0.013992914	8439.227078914642
448	0.7980033	0.0	0.7980033	0.7980033	25.0	11200	3.3715289	0.09884665	4.739492	3.2124205	-3.3760684	0.010117579	8457.611025094986
449	0.16743009	0.0	0.16743009	0.16743009	25.0	11225	3.3794794	0.10620241	4.5968328	3.1404877	-3.3796198	0.011979587	8476.177484989166
450	0.34901822	0.0	0.34901822	0.34901822	25.0	11250	3.3712444	0.10120326	4.410839	3.1783638	-3.3775775	0.011094243	8495.536605834961
451	0.24422313	0.0	0.24422313	0.24422313	25.0	11275	3.3741913	0.09325718	4.436119	3.1887913	-3.3805304	0.010997733	8513.86939048767
452	0.38927728	0.0	0.38927728	0.38927728	25.0	11300	3.3774629	0.10966419	4.569651	3.16906	-3.3770647	0.010990863	8532.31536579132
453	0.12463468	0.0	0.12463468	0.12463468	25.0	11325	3.3717077	0.095110476	4.5860834	3.2187676	-3.3767889	0.009824381	8550.816738843918
454	0.32403547	0.0	0.32403547	0.32403547	25.0	11350	3.3776355	0.10051686	4.313843	3.2082026	-3.375631	0.012203577	8569.287343263626
455	0.5709074	0.0	0.5709074	0.5709074	25.0	11375	3.370136	0.09627653	4.522141	3.1667273	-3.3740509	0.011109136	8587.65693950653
456	0.18040691	0.0	0.18040691	0.18040691	25.0	11400	3.3791914	0.11005204	5.2063103	3.2199156	-3.381086	0.011683197	8606.056598424911
457	0.185627	0.0	0.185627	0.185627	25.0	11425	3.375182	0.093636334	4.263178	3.20881	-3.377752	0.0107342545	8624.49189901352
458	0.28640416	0.0	0.28640416	0.28640416	25.0	11450	3.3729596	0.09518863	4.53973	3.1584015	-3.3724358	0.010730696	8642.980934381485
459	0.30395383	0.0	0.30395383	0.30395383	25.0	11475	3.3623273	0.073959254	4.459082	3.1523616	-3.370548	0.007872103	8661.806155920029
460	0.0	0.0	0.0	0.0	25.0	11500	3.3709674	0.09576441	4.424839	3.205792	-3.3708508	0.00977061	8681.875235795975
461	0.2911855	0.0	0.2911855	0.2911855	25.0	11525	3.371985	0.0920244	4.4270034	3.2313929	-3.3752046	0.009833057	8701.018354654312
462	0.030249324	0.0	0.030249324	0.030249324	25.0	11550	3.3790193	0.11123103	4.6059065	3.1529844	-3.375219	0.011758654	8720.052040100098
463	0.4738181	0.0	0.4738181	0.4738181	25.0	11575	3.368917	0.09062462	4.3508706	3.1894028	-3.3752146	0.009642279	8739.12639784813
464	0.0	0.0	0.0	0.0	25.0	11600	3.3753028	0.09854666	4.4321914	3.20951	-3.3828335	0.009432634	8758.180555820465
465	0.19732334	0.0	0.19732334	0.19732334	25.0	11625	3.366844	0.07605631	4.0343833	3.226544	-3.3751523	0.010507548	8777.329045295715
466	0.34919366	0.0	0.34919366	0.34919366	25.0	11650	3.373325	0.09608	4.231746	3.002438	-3.3800936	0.012031675	8796.408477306366
467	0.24641633	0.0	0.24641633	0.24641633	25.0	11675	3.3649771	0.08194803	4.3690414	3.2166302	-3.3724976	0.010236272	8815.374894857407
468	0.23890647	0.0	0.23890647	0.23890647	25.0	11700	3.3716974	0.09862564	4.507342	3.241955	-3.3704278	0.009614973	8834.478540182114
469	0.098687224	0.0	0.098687224	0.098687224	25.0	11725	3.3720057	0.10149084	4.536257	3.1789672	-3.3721533	0.0097523285	8853.569303035736
470	0.34675887	0.0	0.34675887	0.34675887	25.0	11750	3.3732085	0.09611328	4.625793	3.2139	-3.3771307	0.009887803	8873.670668363571
471	0.71711695	0.0	0.71711695	0.71711695	25.0	11775	3.3753204	0.107999265	4.4897814	3.2440739	-3.374335	0.01084326	8892.86569905281
472	0.2751836	0.0	0.2751836	0.2751836	25.0	11800	3.3745043	0.10051083	4.879986	3.2590756	-3.3710065	0.010365469	8911.946507692337
473	0.13790686	0.0	0.13790686	0.13790686	25.0	11825	3.3700004	0.1009499	4.58714	3.1647654	-3.3705049	0.010293137	8930.894091367722
474	0.99002576	0.0	0.99002576	0.99002576	25.0	11850	3.371817	0.09748031	4.3456974	3.1757495	-3.3656054	0.010467204	8949.892851352692
475	0.032277144	0.0	0.032277144	0.032277144	25.0	11875	3.3734164	0.11112274	5.02536	3.1409965	-3.3756478	0.013153966	8968.884646892548
476	0.5730171	0.0	0.5730171	0.5730171	25.0	11900	3.3689582	0.1003666	4.515957	3.2015839	-3.365678	0.010224312	8987.949213027954
477	0.54933137	0.0	0.54933137	0.54933137	25.0	11925	3.3740597	0.102738336	4.691747	3.2035384	-3.3727624	0.01085425	9007.016705989838
478	0.40304947	0.0	0.40304947	0.40304947	25.0	11950	3.374369	0.10826672	4.3929305	3.0921297	-3.3680694	0.013345217	9026.058336257935
479	0.20514698	0.0	0.20514698	0.20514698	25.0	11975	3.3647308	0.09700435	4.435349	3.149786	-3.364904	0.009588398	9045.063373088837
480	0.3499471	0.0	0.3499471	0.3499471	25.0	12000	3.3670337	0.087775975	4.481484	3.1856823	-3.3709202	0.0119508775	9064.59158873558
481	0.03275965	0.0	0.03275965	0.03275965	25.0	12025	3.3646424	0.08378454	4.130711	3.204723	-3.36597	0.012012992	9083.036249160767
482	0.16361733	0.0	0.16361733	0.16361733	25.0	12050	3.3614151	0.08591542	4.2179513	3.1787853	-3.3694665	0.010470587	9104.647001981735
483	0.33506063	0.0	0.33506063	0.33506063	25.0	12075	3.3680148	0.08696858	4.157049	3.201635	-3.3658707	0.010414834	9122.994713306427
484	0.06406924	0.0	0.06406924	0.06406924	25.0	12100	3.3672433	0.09448287	4.431624	3.1674256	-3.3683648	0.011211622	9141.455250740051
485	0.50408286	0.0	0.50408286	0.50408286	25.0	12125	3.3620238	0.09010684	4.3587904	3.1779382	-3.3672996	0.0101908585	9159.860721826553
486	0.29134035	0.0	0.29134035	0.29134035	25.0	12150	3.3664904	0.09844865	4.378999	3.1768796	-3.365917	0.01070127	9178.38774561882
487	0.038434952	0.0	0.038434952	0.038434952	25.0	12175	3.3682587	0.09728085	4.531225	3.1669402	-3.3720791	0.010845835	9196.879618644714
488	0.124777004	0.0	0.124777004	0.124777004	25.0	12200	3.3648705	0.09940428	4.537011	3.1812456	-3.3674035	0.009751167	9215.403142213821
489	0.15388866	0.0	0.15388866	0.15388866	25.0	12225	3.3654974	0.097324364	4.4189987	3.2020743	-3.3663108	0.009878351	9233.931296825409
490	0.4043426	0.0	0.4043426	0.4043426	25.0	12250	3.369706	0.11074956	5.071182	3.2395744	-3.3715882	0.011358732	9253.478576660156
491	0.42470315	0.0	0.42470315	0.42470315	25.0	12275	3.360683	0.085766554	4.181995	3.1766627	-3.3645947	0.009611321	9271.989483594894
492	0.4927466	0.0	0.4927466	0.4927466	25.0	12300	3.3660522	0.09185276	4.3041883	3.240585	-3.3704064	0.009018338	9290.35344862938
493	0.34514552	0.0	0.34514552	0.34514552	25.0	12325	3.368002	0.10268953	4.6050644	3.1089518	-3.3722787	0.010095146	9308.72401714325
494	0.12321958	0.0	0.12321958	0.12321958	25.0	12350	3.3680236	0.107538685	4.915873	3.1613913	-3.3665185	0.009065693	9327.231434106827
495	0.21662347	0.0	0.21662347	0.21662347	25.0	12375	3.364791	0.10420764	4.7475176	3.160872	-3.368141	0.010000317	9345.700433969498
496	0.4561501	0.0	0.4561501	0.4561501	25.0	12400	3.3595355	0.07839602	4.213542	3.1968753	-3.3633492	0.009705352	9364.456240653992
497	0.6380187	0.0	0.6380187	0.6380187	25.0	12425	3.362527	0.091703184	4.44295	3.1927204	-3.3650172	0.008955142	9382.845363378525
498	0.95424914	0.0	0.95424914	0.95424914	25.0	12450	3.366174	0.09450724	4.241091	3.1745784	-3.3642044	0.009158184	9401.22172665596
499	0.0	0.0	0.0	0.0	25.0	12475	3.3673608	0.09539305	4.8680053	3.195149	-3.3662379	0.010265167	9419.655279159546
500	0.08535354	0.0	0.08535354	0.08535354	25.0	12500	3.3596387	0.0970613	4.87142	3.1558688	-3.3583515	0.010176982	9439.157509088516
501	0.2500933	0.0	0.2500933	0.2500933	25.0	12525	3.3628004	0.102428265	4.6177697	3.173738	-3.3567986	0.009698556	9457.589435815811
502	0.17395641	0.0	0.17395641	0.17395641	25.0	12550	3.360929	0.09779686	4.740891	3.1899607	-3.360356	0.011813529	9475.96522307396
503	0.0	0.0	0.0	0.0	25.0	12575	3.3592188	0.10424478	4.6377797	3.184552	-3.359789	0.009863448	9494.356642723083
504	0.28243726	0.0	0.28243726	0.28243726	25.0	12600	3.353042	0.088694066	4.9057403	3.2047706	-3.3577127	0.009063135	9512.902115345001
505	0.380992	0.0	0.380992	0.380992	25.0	12625	3.3562336	0.08319748	4.3560038	3.1626456	-3.3590906	0.008813936	9531.920765399933
506	0.3578611	0.0	0.3578611	0.3578611	25.0	12650	3.3593924	0.09416796	4.6092315	3.1385078	-3.3570883	0.011341899	9550.60691356659
507	0.5991102	0.0	0.5991102	0.5991102	25.0	12675	3.3536043	0.08764854	4.245871	2.9996095	-3.3585432	0.009787246	9568.940885305405
508	0.0	0.0	0.0	0.0	25.0	12700	3.3523834	0.08423488	4.378766	3.1771536	-3.3585289	0.008838335	9587.170837640762
509	0.50854605	0.0	0.50854605	0.50854605	25.0	12725	3.3595839	0.09706594	4.582324	3.2029696	-3.3611841	0.01008046	9605.752960681915
510	0.0	0.0	0.0	0.0	25.0	12750	3.3546858	0.09709159	4.521083	3.187469	-3.349627	0.009796448	9625.757667064667
511	0.0	0.0	0.0	0.0	25.0	12775	3.3562481	0.087012626	4.2868834	3.2200541	-3.3577359	0.009369873	9644.053560495377
512	0.42684296	0.0	0.42684296	0.42684296	25.0	12800	3.3547993	0.088166334	4.5279803	3.2460077	-3.3525867	0.010635562	9662.51083779335
513	0.2536531	0.0	0.2536531	0.2536531	25.0	12825	3.3575416	0.09352909	4.2948465	3.1809125	-3.3540988	0.010051944	9680.768602132797
514	0.7836304	0.0	0.7836304	0.7836304	25.0	12850	3.354995	0.08281309	4.2835855	3.194426	-3.3566465	0.010326258	9699.522933006287
515	0.42400968	0.0	0.42400968	0.42400968	25.0	12875	3.3451374	0.075317554	4.092057	3.1321414	-3.3483317	0.00981831	9717.8507335186
516	0.4221593	0.0	0.4221593	0.4221593	25.0	12900	3.3509545	0.08285595	4.3620815	3.172144	-3.3566198	0.010755449	9736.419682264328
517	1.2767583	0.0	1.2767583	1.2767583	25.0	12925	3.347667	0.08795481	4.2185893	3.1882098	-3.3439698	0.009727909	9756.132625102997
518	0.31210744	0.0	0.31210744	0.31210744	25.0	12950	3.3476126	0.07320069	4.074324	3.2007108	-3.3573458	0.009334062	9775.195672273636
519	0.5013465	0.0	0.5013465	0.5013465	25.0	12975	3.3512592	0.09155824	4.329443	3.1342373	-3.3516705	0.010872172	9794.196328163147
520	0.008676469	0.0	0.008676469	0.008676469	25.0	13000	3.3501403	0.09038203	4.3791513	3.2112358	-3.3512037	0.009927275	9814.663751602173
521	0.026453776	0.0	0.026453776	0.026453776	25.0	13025	3.3552337	0.099470064	4.4390683	3.174299	-3.3640587	0.012071329	9833.609199523926
522	0.07472484	0.0	0.07472484	0.07472484	25.0	13050	3.3594353	0.104477674	4.303136	3.1615632	-3.3566074	0.010379937	9852.73618888855
523	0.57909936	0.0	0.57909936	0.57909936	25.0	13075	3.350719	0.093630224	4.5149746	3.1208236	-3.3498182	0.009837993	9871.704332828522
524	0.12958883	0.0	0.12958883	0.12958883	25.0	13100	3.3498309	0.09131222	4.3346186	3.1409576	-3.3512588	0.0103698075	9890.730764627457
525	0.3934127	0.0	0.3934127	0.3934127	25.0	13125	3.3419766	0.06109573	4.049735	3.0478392	-3.352881	0.007237142	9909.733716011047
526	0.45201355	0.0	0.45201355	0.45201355	25.0	13150	3.3554897	0.10038175	4.4615736	3.2240245	-3.34885	0.010242909	9929.14483165741
527	1.114891	0.0	1.114891	1.114891	25.0	13175	3.3434882	0.07872916	4.279978	3.2029881	-3.343921	0.008597188	9948.236743211746
528	0.80425376	0.0	0.80425376	0.80425376	25.0	13200	3.3506763	0.1056791	4.8518763	3.1357458	-3.3492718	0.009928126	9967.159210205078
529	0.18985473	0.0	0.18985473	0.18985473	25.0	13225	3.3466914	0.09376384	4.5279727	3.2264287	-3.3492486	0.010763057	9985.738018274307
530	0.3534637	0.0	0.3534637	0.3534637	25.0	13250	3.3494766	0.106209084	5.068091	3.1964867	-3.3507352	0.01139156	10005.111772060394
531	0.27398968	0.0	0.27398968	0.27398968	25.0	13275	3.3492117	0.08995745	4.431267	3.08432	-3.35108	0.008532492	10023.387532949448
532	0.03184679	0.0	0.03184679	0.03184679	25.0	13300	3.3447895	0.0791466	3.9951558	3.1555352	-3.3437836	0.008850867	10041.626058578491
533	0.1407937	0.0	0.1407937	0.1407937	25.0	13325	3.3497694	0.09704038	4.774024	3.2304454	-3.346876	0.009010684	10059.900938987732
534	0.37640184	0.0	0.37640184	0.37640184	25.0	13350	3.3441968	0.087645054	4.234386	3.1905098	-3.3452315	0.008579154	10078.229689836502
535	0.0	0.0	0.0	0.0	25.0	13375	3.3443792	0.089631476	4.279032	3.1586318	-3.342499	0.010054212	10096.51157951355
536	0.10669141	0.0	0.10669141	0.10669141	25.0	13400	3.342171	0.085959196	4.2557244	3.1268854	-3.3448641	0.009768397	10114.755248308182
537	1.4878677	0.0	1.4878677	1.4878677	25.0	13425	3.3458593	0.086509496	4.4405212	3.205888	-3.34708	0.00959867	10133.083244800568
538	1.0797651	0.0	1.0797651	1.0797651	25.0	13450	3.3416378	0.08763548	4.7071915	3.1935098	-3.3435285	0.0091411285	10151.365960597992
539	0.35277447	0.0	0.35277447	0.35277447	25.0	13475	3.350087	0.09011026	4.53833	3.1996672	-3.3506362	0.009207756	10169.646641254425
540	0.21763518	0.0	0.21763518	0.21763518	25.0	13500	3.3385303	0.096698895	5.0637107	3.185741	-3.3416424	0.008722281	10189.125057458878
541	1.064364	0.0	1.064364	1.064364	25.0	13525	3.3381336	0.07719336	4.084938	3.207026	-3.3384495	0.008130145	10207.45634508133
542	0.16431098	0.0	0.16431098	0.16431098	25.0	13550	3.3425722	0.092305996	4.7428894	3.2086787	-3.3424256	0.009377775	10226.028643608093
543	0.33873236	0.0	0.33873236	0.33873236	25.0	13575	3.3459024	0.08124836	4.359783	3.225496	-3.3465412	0.012651081	10246.436377286911
544	0.52366364	0.0	0.52366364	0.52366364	25.0	13600	3.3479235	0.09668182	4.549724	3.14354	-3.3426557	0.011324959	10265.198120117188
545	0.4850375	0.0	0.4850375	0.4850375	25.0	13625	3.341909	0.096995994	4.789067	3.1596322	-3.3434913	0.0078793345	10284.134657621384
546	0.0	0.0	0.0	0.0	25.0	13650	3.3367443	0.08224041	4.1021895	3.1767807	-3.3387463	0.00962509	10302.494328737259
547	0.0	0.0	0.0	0.0	25.0	13675	3.3331964	0.08932248	4.530034	3.1476438	-3.3378425	0.008838878	10321.008745670319
548	0.38392276	0.0	0.38392276	0.38392276	25.0	13700	3.336421	0.082038306	4.0567164	3.182604	-3.3365335	0.009623618	10339.376361370087
549	0.0	0.0	0.0	0.0	25.0	13725	3.3427398	0.08271537	4.3439813	3.1570258	-3.3423586	0.00937266	10358.167767763138
550	0.8376129	0.0	0.8376129	0.8376129	25.0	13750	3.3371153	0.09067834	4.5949736	3.090537	-3.3432748	0.008872103	10377.811858177185
551	0.24697274	0.0	0.24697274	0.24697274	25.0	13775	3.3427484	0.104392335	4.4945436	3.1972153	-3.3475084	0.009359244	10396.176072359085
552	0.40733427	0.0	0.40733427	0.40733427	25.0	13800	3.3435864	0.08306464	4.1515694	3.1511893	-3.3436673	0.01032706	10415.073610067368
553	0.096971855	0.0	0.096971855	0.096971855	25.0	13825	3.3403199	0.08537768	4.289829	3.144393	-3.3426175	0.009257599	10433.630271673203
554	0.037810117	0.0	0.037810117	0.037810117	25.0	13850	3.3325293	0.08360526	4.3479843	3.1611044	-3.3386307	0.009590494	10452.914679527283
555	0.0	0.0	0.0	0.0	25.0	13875	3.34107	0.09162398	4.4423394	3.1899495	-3.3444138	0.009527651	10471.30399465561
556	0.4493308	0.0	0.4493308	0.4493308	25.0	13900	3.3370135	0.078174874	4.2736177	3.16667	-3.3392963	0.009204359	10490.003983974457
557	0.23867925	0.0	0.23867925	0.23867925	25.0	13925	3.3358467	0.093139894	4.4033175	3.20193	-3.3381507	0.009453214	10509.06245136261
558	0.6259021	0.0	0.6259021	0.6259021	25.0	13950	3.3389204	0.08307515	4.2923822	3.1886458	-3.3379865	0.009540203	10528.860424995422
559	0.10282827	0.0	0.10282827	0.10282827	25.0	13975	3.3345335	0.07337472	4.251898	3.19443	-3.3390014	0.010191386	10547.96473646164
560	0.0	0.0	0.0	0.0	25.0	14000	3.339701	0.08523064	4.1341043	3.1801758	-3.3359015	0.009629501	10568.248430013657
561	0.0876033	0.0	0.0876033	0.0876033	25.0	14025	3.334718	0.08218547	4.6526904	3.196111	-3.3385067	0.0084509775	10587.298481941223
562	0.4616169	0.0	0.4616169	0.4616169	25.0	14050	3.3352141	0.08871178	4.307471	3.166545	-3.3364146	0.00938385	10606.500802755356
563	0.52308536	0.0	0.52308536	0.52308536	25.0	14075	3.3303106	0.084281646	4.4937987	3.1829185	-3.336004	0.008521187	10625.66872215271
564	0.3389946	0.0	0.3389946	0.3389946	25.0	14100	3.3385227	0.10104884	4.3721833	3.1925416	-3.3364954	0.008164122	10644.710273981094
565	0.0	0.0	0.0	0.0	25.0	14125	3.3253417	0.068259865	4.0130224	3.1911125	-3.328782	0.007830637	10663.555524349213
566	0.0	0.0	0.0	0.0	25.0	14150	3.3292992	0.081324145	4.4936466	2.9917789	-3.332186	0.008417619	10682.55573296547
567	0.12486743	0.0	0.12486743	0.12486743	25.0	14175	3.334002	0.09728652	4.49789	3.179286	-3.3275855	0.0082856	10701.512624263763
568	0.40445632	0.0	0.40445632	0.40445632	25.0	14200	3.3240564	0.0856907	4.348566	3.1436977	-3.3341951	0.008658642	10720.48585152626
569	0.0	0.0	0.0	0.0	25.0	14225	3.3317945	0.08805785	4.452222	3.2180886	-3.3306751	0.010431183	10739.464519262314
570	0.29028767	0.0	0.29028767	0.29028767	25.0	14250	3.3356485	0.08394461	4.261329	3.1778142	-3.3341935	0.009986178	10759.587208509445
571	0.23511143	0.0	0.23511143	0.23511143	25.0	14275	3.324804	0.07377593	4.261086	3.1455488	-3.3295057	0.008696512	10778.429583311081
572	0.0332954	0.0	0.0332954	0.0332954	25.0	14300	3.3306751	0.08977143	4.463059	3.075795	-3.329966	0.008774072	10797.341070890427
573	0.12305985	0.0	0.12305985	0.12305985	25.0	14325	3.3243024	0.069922216	3.9028742	3.1097412	-3.3257635	0.008418179	10816.312706232071
574	0.16835812	0.0	0.16835812	0.16835812	25.0	14350	3.3264387	0.07567262	3.946445	3.1594949	-3.3275852	0.0087373415	10835.359242916107
575	0.06902582	0.0	0.06902582	0.06902582	25.0	14375	3.3266969	0.07378389	3.9921544	3.1584902	-3.3287039	0.008898738	10854.015720129013
576	0.059382636	0.0	0.059382636	0.059382636	25.0	14400	3.3243568	0.082936294	4.2354846	2.824556	-3.3264387	0.0078670895	10873.062348127365
577	0.30031475	0.0	0.30031475	0.30031475	25.0	14425	3.3174736	0.06646855	3.9656713	3.1366992	-3.3214185	0.008230514	10891.96088218689
578	0.20781772	0.0	0.20781772	0.20781772	25.0	14450	3.325479	0.08016566	4.377863	3.0475276	-3.3305712	0.008967848	10910.340715169907
579	0.1401118	0.0	0.1401118	0.1401118	25.0	14475	3.3227575	0.08642822	4.144992	3.1533406	-3.3162599	0.009095135	10928.820938110352
580	0.52522135	0.0	0.52522135	0.52522135	25.0	14500	3.3200824	0.08076219	4.295309	3.1088445	-3.3255396	0.008826437	10948.880253314972
581	0.17896564	0.0	0.17896564	0.17896564	25.0	14525	3.3234577	0.08616574	4.4454703	3.167213	-3.3218887	0.010176441	10967.505916833878
582	0.85352683	0.0	0.85352683	0.85352683	25.0	14550	3.316114	0.071724266	4.3937736	3.18331	-3.3205087	0.008337679	10986.178603172302
583	0.2500326	0.0	0.2500326	0.2500326	25.0	14575	3.3209088	0.08749381	4.709016	3.1721487	-3.3236709	0.009886455	11004.604530096054
584	0.54704165	0.0	0.54704165	0.54704165	25.0	14600	3.3143888	0.07205444	4.381748	3.1561093	-3.3202446	0.007841535	11023.122545957565
585	0.044351887	0.0	0.044351887	0.044351887	25.0	14625	3.3272288	0.10580434	4.9687524	3.1608083	-3.3253152	0.009895867	11041.61542916298
586	0.60848016	0.0	0.60848016	0.60848016	25.0	14650	3.3170068	0.079578996	4.2565207	3.2084036	-3.3142908	0.007281534	11060.104009389877
587	0.18350038	0.0	0.18350038	0.18350038	25.0	14675	3.3078961	0.059421908	3.887122	3.151021	-3.3143187	0.006217382	11078.578005313873
588	0.022396995	0.0	0.022396995	0.022396995	25.0	14700	3.3175213	0.076714575	4.1704397	3.1269436	-3.3166766	0.009017585	11097.092538356781
589	0.07591387	0.0	0.07591387	0.07591387	25.0	14725	3.3178773	0.08164474	4.1119027	3.104099	-3.3162017	0.006962635	11115.508523464203
590	0.65711886	0.0	0.65711886	0.65711886	25.0	14750	3.316351	0.09073363	4.265205	3.0866272	-3.3185892	0.0086185075	11135.148835420609
591	0.23589455	0.0	0.23589455	0.23589455	25.0	14775	3.3158844	0.078818165	4.1886024	3.1159241	-3.3204339	0.008708546	11153.675978422165
592	0.48331168	0.0	0.48331168	0.48331168	25.0	14800	3.3163245	0.085637026	4.347121	3.154624	-3.3164575	0.008589482	11172.131617546082
593	0.05424611	0.0	0.05424611	0.05424611	25.0	14825	3.315539	0.07843406	4.210163	3.1719108	-3.3140225	0.006868629	11190.559950351715
594	0.51462716	0.0	0.51462716	0.51462716	25.0	14850	3.311142	0.08625147	4.461523	3.1421242	-3.311776	0.008178659	11209.030468940735
595	0.25172272	0.0	0.25172272	0.25172272	25.0	14875	3.3159914	0.09257981	4.6366935	3.1937025	-3.313938	0.008763329	11227.588560342789
596	0.0	0.0	0.0	0.0	25.0	14900	3.3099663	0.071444824	4.1802983	2.928137	-3.3155968	0.007581589	11246.045961618423
597	0.3400287	0.0	0.3400287	0.3400287	25.0	14925	3.3097198	0.07646126	4.3115835	3.1252153	-3.3140879	0.008796498	11264.528257608414
598	0.7980735	0.0	0.7980735	0.7980735	25.0	14950	3.3106384	0.083688244	4.560496	2.765505	-3.3083727	0.008736356	11282.949617385864
599	0.3654307	0.0	0.3654307	0.3654307	25.0	14975	3.307346	0.082923815	4.4013796	3.0276937	-3.309497	0.008758316	11301.379213809967
600	0.3745669	0.0	0.3745669	0.3745669	25.0	15000	3.3056192	0.071307205	3.9486349	3.0274749	-3.3074462	0.009408923	11320.992693424225
601	0.42928854	0.0	0.42928854	0.42928854	25.0	15025	3.306029	0.07137555	4.205334	3.0830646	-3.3092694	0.0075664986	11339.391345024109
602	0.13991761	0.0	0.13991761	0.13991761	25.0	15050	3.3061597	0.07292528	4.0699515	3.1773038	-3.3077636	0.009067147	11357.771458625793
603	1.2077185	0.0	1.2077185	1.2077185	25.0	15075	3.3077493	0.070504054	4.226153	3.184009	-3.3049612	0.008408651	11377.01368021965
604	0.33153298	0.0	0.33153298	0.33153298	25.0	15100	3.3067331	0.091288	4.379797	3.1683183	-3.305617	0.008077794	11395.66730427742
605	0.7800228	0.0	0.7800228	0.7800228	25.0	15125	3.3075867	0.081000306	4.101861	3.1266468	-3.3051724	0.009029347	11414.03475022316
606	0.43241546	0.0	0.43241546	0.43241546	25.0	15150	3.3013806	0.08722276	4.3725634	3.1647472	-3.296561	0.009232754	11432.701974630356
607	0.47553262	0.0	0.47553262	0.47553262	25.0	15175	3.3040006	0.07984998	4.134305	3.1101596	-3.3048623	0.0072174985	11451.133902072906
608	0.0	0.0	0.0	0.0	25.0	15200	3.3014295	0.0786272	4.782555	3.1354213	-3.3050175	0.0087141385	11469.42415523529
609	0.06364714	0.0	0.06364714	0.06364714	25.0	15225	3.304101	0.07847469	4.359209	3.156504	-3.3090832	0.008587396	11487.7340528965
610	0.32461745	0.0	0.32461745	0.32461745	25.0	15250	3.2998757	0.07448261	4.2043824	3.120306	-3.3017428	0.008340024	11507.351417779922
611	0.10574216	0.0	0.10574216	0.10574216	25.0	15275	3.2987835	0.08121303	4.2675138	3.0020394	-3.2979932	0.007718076	11525.664980173111
612	0.33066544	0.0	0.33066544	0.33066544	25.0	15300	3.2980206	0.07443713	4.2507434	3.1705902	-3.2978153	0.007829271	11544.0005569458
613	0.28792652	0.0	0.28792652	0.28792652	25.0	15325	3.2955658	0.07962208	4.408489	3.1537046	-3.2904305	0.008871768	11562.300687551498
614	0.0	0.0	0.0	0.0	25.0	15350	3.2948217	0.08297436	4.2264585	3.147952	-3.2933555	0.010010771	11580.57542014122
615	0.08896127	0.0	0.08896127	0.08896127	25.0	15375	3.2923684	0.06532152	3.969978	3.099255	-3.297772	0.008431207	11599.349027872086
616	0.22618766	0.0	0.22618766	0.22618766	25.0	15400	3.2959194	0.07795853	4.286643	3.1524658	-3.295603	0.007797933	11618.188111543655
617	0.070561625	0.0	0.070561625	0.070561625	25.0	15425	3.2917535	0.08725743	4.403084	3.0897658	-3.2890143	0.007846146	11637.217734336853
618	0.0	0.0	0.0	0.0	25.0	15450	3.2918708	0.07007152	4.1835093	3.1487408	-3.2932456	0.009032663	11656.16484093666
619	0.30968192	0.0	0.30968192	0.30968192	25.0	15475	3.292597	0.08492539	4.455706	3.1342964	-3.2928772	0.008474525	11675.045026063919
620	0.18038884	0.0	0.18038884	0.18038884	25.0	15500	3.2884967	0.06902183	4.06263	3.121714	-3.2898355	0.007312192	11695.276368141174
621	0.26541618	0.0	0.26541618	0.26541618	25.0	15525	3.2926102	0.07821342	4.421886	3.0063405	-3.290379	0.008055667	11714.349601507187
622	0.0	0.0	0.0	0.0	25.0	15550	3.2913713	0.08659647	4.2917886	3.1311154	-3.286256	0.009524261	11733.257595777512
623	1.095845	0.0	1.095845	1.095845	25.0	15575	3.282993	0.08003903	4.346647	3.0465288	-3.282939	0.007290435	11752.227614164352
624	0.69082963	0.0	0.69082963	0.69082963	25.0	15600	3.2823083	0.07127358	4.3993654	3.1232338	-3.2871728	0.0067305504	11771.260684251785
625	0.0	0.0	0.0	0.0	25.0	15625	3.2831843	0.07610223	4.1736903	3.087296	-3.2846072	0.007169498	11790.276466369629
626	0.10694398	0.0	0.10694398	0.10694398	25.0	15650	3.2838333	0.06491284	4.1337924	3.1942143	-3.2849836	0.008381352	11809.123100757599
627	0.6151069	0.0	0.6151069	0.6151069	25.0	15675	3.2840207	0.0786902	4.017217	3.116598	-3.2811115	0.00856905	11828.096139431
628	0.20229284	0.0	0.20229284	0.20229284	25.0	15700	3.2806516	0.07635027	4.478466	3.1115258	-3.2806501	0.007522362	11846.421882629395
629	0.3305577	0.0	0.3305577	0.3305577	25.0	15725	3.2851956	0.098291256	4.6161513	3.1090488	-3.2808774	0.009141302	11864.639549255371
630	0.5558018	0.0	0.5558018	0.5558018	25.0	15750	3.2784803	0.079259925	4.5942826	3.0609035	-3.2766454	0.007850872	11884.15303683281
631	0.0	0.0	0.0	0.0	25.0	15775	3.2727027	0.083875716	4.568998	3.1216085	-3.274666	0.0070959274	11902.341328144073
632	0.09529146	0.0	0.09529146	0.09529146	25.0	15800	3.279674	0.079023935	4.143315	3.1470292	-3.2799544	0.008601891	11920.549114465714
633	0.68970203	0.0	0.68970203	0.68970203	25.0	15825	3.282075	0.10206086	4.6006985	3.0196767	-3.273976	0.010291463	11938.752336740494
634	0.37883252	0.0	0.37883252	0.37883252	25.0	15850	3.2754083	0.07815454	4.276767	3.046339	-3.2745237	0.00909575	11957.048974514008
635	0.4114012	0.0	0.4114012	0.4114012	25.0	15875	3.2765129	0.08163715	4.4113145	3.1037073	-3.2778428	0.009051441	11975.273120641708
636	0.26811358	0.0	0.26811358	0.26811358	25.0	15900	3.2833197	0.0867826	4.352933	3.0084586	-3.2795856	0.009046022	11993.507643461227
637	0.23309146	0.0	0.23309146	0.23309146	25.0	15925	3.2684655	0.071306035	4.191022	2.8909962	-3.2690127	0.0069448943	12011.820526838303
638	0.5841316	0.0	0.5841316	0.5841316	25.0	15950	3.26844	0.076963045	4.13934	2.921314	-3.269548	0.008563794	12030.064063072205
639	0.19865069	0.0	0.19865069	0.19865069	25.0	15975	3.277589	0.08140356	4.04031	3.0581458	-3.2725909	0.009089507	12048.340318202972
640	1.0285913	0.0	1.0285913	1.0285913	25.0	16000	3.2698584	0.07679764	4.2214017	3.1363983	-3.2697706	0.009263178	12067.842538833618
641	0.18117818	0.0	0.18117818	0.18117818	25.0	16025	3.2704072	0.0747345	4.316782	3.1563005	-3.269131	0.00890371	12086.158630609512
642	0.09495655	0.0	0.09495655	0.09495655	25.0	16050	3.264251	0.07302637	4.0058794	3.0350785	-3.2641242	0.008936315	12104.45910358429
643	0.38016406	0.0	0.38016406	0.38016406	25.0	16075	3.2716532	0.089035146	4.380599	3.1338995	-3.265441	0.0082593765	12122.771664857864
644	0.89987844	0.0	0.89987844	0.89987844	25.0	16100	3.2644567	0.08172732	4.4549074	3.1226177	-3.2645197	0.008680236	12141.146400928497
645	0.75431633	0.0	0.75431633	0.75431633	25.0	16125	3.2658734	0.08349387	4.38353	3.1250558	-3.2627223	0.007283662	12159.429226398468
646	0.5650477	0.0	0.5650477	0.5650477	25.0	16150	3.262617	0.07251509	3.9617374	3.141332	-3.2643309	0.008394901	12177.68677330017
647	0.6712132	0.0	0.6712132	0.6712132	25.0	16175	3.2598681	0.06889299	4.5402336	3.124258	-3.2621908	0.00803409	12195.968335390091
648	0.40319636	0.0	0.40319636	0.40319636	25.0	16200	3.262763	0.0771113	4.202321	3.115389	-3.2598977	0.007464696	12214.234920501709
649	0.46700296	0.0	0.46700296	0.46700296	25.0	16225	3.2581828	0.087418295	4.3419595	2.9668753	-3.2559903	0.0077245967	12232.54574251175
650	0.37211165	0.0	0.37211165	0.37211165	25.0	16250	3.2611673	0.08206368	4.1710095	3.1053355	-3.2570543	0.0068128263	12252.259943246841
651	0.21539234	0.0	0.21539234	0.21539234	25.0	16275	3.2604275	0.078217044	4.265109	3.1356707	-3.260684	0.009751503	12270.612545251846
652	0.40952286	0.0	0.40952286	0.40952286	25.0	16300	3.2635248	0.08464621	4.0717154	3.1305323	-3.255974	0.008336536	12288.911027908325
653	0.0	0.0	0.0	0.0	25.0	16325	3.2594543	0.08193051	4.1944017	3.110914	-3.258397	0.0091541335	12307.273848295212
654	0.82746434	0.0	0.82746434	0.82746434	25.0	16350	3.2606256	0.09289827	4.657092	3.090342	-3.254957	0.008728641	12325.76994752884
655	0.0	0.0	0.0	0.0	25.0	16375	3.2557697	0.075263955	4.417778	3.1162696	-3.253382	0.0069703585	12344.0013961792
656	1.4430257	0.0	1.4430257	1.4430257	25.0	16400	3.2509217	0.07776893	4.4167767	3.0605042	-3.248777	0.006824423	12362.863268375397
657	0.5688071	0.0	0.5688071	0.5688071	25.0	16425	3.2504394	0.08400747	4.2719297	3.0407317	-3.2497427	0.006996621	12381.78515458107
658	0.4993201	0.0	0.4993201	0.4993201	25.0	16450	3.2511256	0.08952171	4.62476	3.1211822	-3.2466407	0.006823531	12400.932408094406
659	0.30142337	0.0	0.30142337	0.30142337	25.0	16475	3.248372	0.089194916	4.5534434	3.0976505	-3.2476935	0.009933618	12420.025104284286
660	0.34815103	0.0	0.34815103	0.34815103	25.0	16500	3.2471192	0.067530185	3.9768295	3.0859985	-3.2465632	0.009234623	12440.466064214706
661	0.5172361	0.0	0.5172361	0.5172361	25.0	16525	3.2488446	0.0770935	4.3568	3.0917244	-3.2474868	0.0092300195	12459.533351421356
662	1.3009568	0.0	1.3009568	1.3009568	25.0	16550	3.246385	0.07405245	4.163747	3.0954514	-3.2438126	0.0075420146	12478.554548740387
663	0.631794	0.0	0.631794	0.631794	25.0	16575	3.2475677	0.08591798	4.634184	3.0682578	-3.2464294	0.008334927	12497.50403046608
664	0.34351325	0.0	0.34351325	0.34351325	25.0	16600	3.249367	0.08008826	4.173778	3.0814161	-3.2484524	0.008610558	12516.493809461594
665	0.46216154	0.0	0.46216154	0.46216154	25.0	16625	3.2472923	0.084223635	4.216903	3.0501146	-3.2464547	0.010231562	12535.528672456741
